 1176.5 1177.9  0.3105119 35.1217918  0.9486697
 1177.9 1179.2  0.3103474 35.1535606  0.9486474
 1179.2 1180.6  0.3101946 35.1830597  0.9486267
 1180.6 1182.0  0.3100301 35.2148247  0.9486044
 1182.0 1183.4  0.3098656 35.2465935  0.9485821
 1183.4 1184.8  0.3097011 35.2783623  0.9485598
 1184.8 1186.2  0.3095365 35.3101311  0.9485375
 1186.2 1187.6  0.3093720 35.3418999  0.9485152
 1187.6 1189.1  0.3092075 35.3736649  0.9484929
 1189.1 1190.5  0.3090312 35.4077034  0.9484690
 1190.5 1191.9  0.3088667 35.4394722  0.9484467
 1191.9 1193.3  0.3087022 35.4712410  0.9484244
 1193.3 1194.7  0.3085377 35.5030098  0.9484021
 1194.7 1196.2  0.3083732 35.5347748  0.9483798
 1196.2 1197.6  0.3081969 35.5688133  0.9483559
 1197.6 1199.0  0.3080324 35.6005821  0.9483336
 1199.0 1200.5  0.3078679 35.6323509  0.9483113
 1200.5 1201.9  0.3076916 35.6663857  0.9482874
 1201.9 1203.4  0.3075270 35.6981544  0.9482651
 1203.4 1204.8  0.3073508 35.7321930  0.9482412
 1204.8 1206.3  0.3071862 35.7639618  0.9482189
 1206.3 1207.7  0.3070100 35.7980003  0.9481950
 1207.7 1209.2  0.3068455 35.8297653  0.9481727
 1209.2 1210.7  0.3066692 35.8638000  0.9481488
 1210.7 1212.1  0.3064929 35.8978386  0.9481249
 1212.1 1213.6  0.3063284 35.9296074  0.9481026
 1213.6 1215.1  0.3061521 35.9636459  0.9480787
 1215.1 1216.5  0.3059759 35.9976807  0.9480549
 1216.5 1218.0  0.3058113 36.0294495  0.9480325
 1218.0 1219.5  0.3056351 36.0634880  0.9480087
 1219.5 1221.0  0.3054588 36.0975266  0.9479848
 1221.0 1222.5  0.3052825 36.1315613  0.9479609
 1222.5 1224.0  0.3051062 36.1655998  0.9479370
 1224.0 1225.5  0.3049300 36.1996346  0.9479131
 1225.5 1227.0  0.3047537 36.2336731  0.9478891
 1227.0 1228.5  0.3045774 36.2677116  0.9478652
 1228.5 1230.0  0.3044012 36.3017464  0.9478413
 1230.0 1231.5  0.3042249 36.3357849  0.9478174
 1231.5 1233.0  0.3040486 36.3698235  0.9477936
 1233.0 1234.6  0.3038723 36.4038582  0.9477697
 1234.6 1236.1  0.3036843 36.4401665  0.9477442
 1236.1 1237.6  0.3035080 36.4742012  0.9477203
 1237.6 1239.2  0.3033318 36.5082397  0.9476964
 1239.2 1240.7  0.3031437 36.5445442  0.9476709
 1240.7 1242.2  0.3029675 36.5785828  0.9476470
 1242.2 1243.8  0.3027912 36.6126213  0.9476231
 1243.8 1245.3  0.3026032 36.6489296  0.9475976
 1245.3 1246.9  0.3024269 36.6829643  0.9475738
 1246.9 1248.4  0.3022389 36.7192726  0.9475483
 1248.4 1250.0  0.3020626 36.7533073  0.9475244
 1250.0 1251.6  0.3018746 36.7896156  0.9474989
 1251.6 1253.1  0.3016866 36.8259201  0.9474734
 1253.1 1254.7  0.3015103 36.8599586  0.9474495
 1254.7 1256.3  0.3013223 36.8962631  0.9474240
 1256.3 1257.9  0.3011342 36.9325714  0.9473985
 1257.9 1259.4  0.3009462 36.9688759  0.9473730
 1259.4 1261.0  0.3007699 37.0029144  0.9473491
 1261.0 1262.6  0.3005819 37.0392189  0.9473237
 1262.6 1264.2  0.3003939 37.0755272  0.9472982
 1264.2 1265.8  0.3002059 37.1118317  0.9472727
 1265.8 1267.4  0.3000178 37.1481400  0.9472472
 1267.4 1269.0  0.2998298 37.1844444  0.9472217
 1269.0 1270.6  0.2996418 37.2207527  0.9471962
 1270.6 1272.3  0.2994538 37.2570572  0.9471707
 1272.3 1273.9  0.2992540 37.2956352  0.9471437
 1273.9 1275.5  0.2990659 37.3319397  0.9471182
 1275.5 1277.1  0.2988779 37.3682480  0.9470927
 1277.1 1278.8  0.2986899 37.4045525  0.9470672
 1278.8 1280.4  0.2984901 37.4431305  0.9470401
 1280.4 1282.1  0.2983021 37.4794350  0.9470146
 1282.1 1283.7  0.2981023 37.5180092  0.9469876
 1283.7 1285.3  0.2979143 37.5543137  0.9469621
 1285.3 1287.0  0.2977263 37.5906219  0.9469366
 1287.0 1288.7  0.2975265 37.6291962  0.9469095
 1288.7 1290.3  0.2973267 37.6677704  0.9468824
 1290.3 1292.0  0.2971387 37.7040825  0.9468569
 1292.0 1293.7  0.2969389 37.7426567  0.9468299
 1293.7 1295.3  0.2967392 37.7812309  0.9468028
 1295.3 1297.0  0.2965511 37.8175392  0.9467773
 1297.0 1298.7  0.2963513 37.8561134  0.9467502
 1298.7 1300.4  0.2961516 37.8946877  0.9467231
 1300.4 1302.1  0.2959670 37.9303932  0.9466964
 1302.1 1303.8  0.2958317 37.9567604  0.9466707
 1303.8 1305.5  0.2956964 37.9831352  0.9466450
 1305.5 1307.2  0.2955612 38.0095024  0.9466193
 1307.2 1308.9  0.2954259 38.0358734  0.9465936
 1308.9 1310.6  0.2952906 38.0622444  0.9465680
 1310.6 1312.3  0.2951553 38.0886154  0.9465423
 1312.3 1314.1  0.2950201 38.1149864  0.9465166
 1314.1 1315.8  0.2948768 38.1429100  0.9464895
 1315.8 1317.5  0.2947416 38.1692810  0.9464638
 1317.5 1319.3  0.2946063 38.1956520  0.9464381
 1319.3 1321.0  0.2944631 38.2235718  0.9464109
 1321.0 1322.8  0.2943278 38.2499428  0.9463852
 1322.8 1324.5  0.2941846 38.2778664  0.9463580
 1324.5 1326.3  0.2940493 38.3042374  0.9463323
 1326.3 1328.0  0.2939061 38.3321609  0.9463052
 1328.0 1329.8  0.2937708 38.3585281  0.9462795
 1329.8 1331.6  0.2936276 38.3864517  0.9462523
 1331.6 1333.3  0.2934843 38.4143715  0.9462251
 1333.3 1335.1  0.2933491 38.4407463  0.9461994
 1335.1 1336.9  0.2932058 38.4686661  0.9461722
 1336.9 1338.7  0.2930626 38.4965897  0.9461451
 1338.7 1340.5  0.2929194 38.5245094  0.9461179
 1340.5 1342.3  0.2927761 38.5524330  0.9460906
 1342.3 1344.1  0.2926329 38.5803566  0.9460635
 1344.1 1345.9  0.2924897 38.6082764  0.9460363
 1345.9 1347.7  0.2923464 38.6362000  0.9460091
 1347.7 1349.5  0.2922032 38.6641197  0.9459819
 1349.5 1351.4  0.2920600 38.6920433  0.9459547
 1351.4 1353.2  0.2919177 38.7197990  0.9459244
 1353.2 1355.0  0.2917859 38.7455101  0.9458952
 1355.0 1356.9  0.2916541 38.7712212  0.9458659
 1356.9 1358.7  0.2915150 38.7983627  0.9458351
 1358.7 1360.5  0.2913832 38.8240738  0.9458058
 1360.5 1362.4  0.2912514 38.8497887  0.9457765
 1362.4 1364.3  0.2911123 38.8769264  0.9457456
 1364.3 1366.1  0.2909732 38.9040680  0.9457148
 1366.1 1368.0  0.2908414 38.9297791  0.9456855
 1368.0 1369.9  0.2907023 38.9569206  0.9456546
 1369.9 1371.7  0.2905632 38.9840622  0.9456238
 1371.7 1373.6  0.2904314 39.0097733  0.9455945
 1373.6 1375.5  0.2902923 39.0369148  0.9455636
 1375.5 1377.4  0.2901531 39.0640564  0.9455327
 1377.4 1379.3  0.2900140 39.0911980  0.9455019
 1379.3 1381.2  0.2898749 39.1183395  0.9454710
 1381.2 1383.1  0.2897358 39.1454773  0.9454401
 1383.1 1385.0  0.2895967 39.1726189  0.9454092
 1385.0 1387.0  0.2894576 39.1997604  0.9453784
 1387.0 1388.9  0.2893111 39.2283287  0.9453459
 1388.9 1390.8  0.2891720 39.2554703  0.9453150
 1390.8 1392.8  0.2890329 39.2826118  0.9452841
 1392.8 1394.7  0.2888865 39.3111801  0.9452516
 1394.7 1396.6  0.2887474 39.3383179  0.9452207
 1396.6 1398.6  0.2886083 39.3654594  0.9451898
 1398.6 1400.6  0.2884618 39.3940277  0.9451573
 1400.6 1402.5  0.2883189 39.4218826  0.9451244
 1402.5 1404.5  0.2881908 39.4467545  0.9450924
 1404.5 1406.5  0.2880559 39.4729385  0.9450586
 1406.5 1408.5  0.2879211 39.4991188  0.9450248
 1408.5 1410.4  0.2877862 39.5253029  0.9449911
 1410.4 1412.4  0.2876582 39.5501747  0.9449590
 1412.4 1414.4  0.2875233 39.5763588  0.9449252
 1414.4 1416.4  0.2873885 39.6025391  0.9448915
 1416.4 1418.4  0.2872536 39.6287231  0.9448577
 1418.4 1420.5  0.2871188 39.6549034  0.9448240
 1420.5 1422.5  0.2869772 39.6823959  0.9447885
 1422.5 1424.5  0.2868424 39.7085762  0.9447548
 1424.5 1426.5  0.2867076 39.7347603  0.9447210
 1426.5 1428.6  0.2865727 39.7609406  0.9446872
 1428.6 1430.6  0.2864312 39.7884331  0.9446518
 1430.6 1432.7  0.2862963 39.8146133  0.9446180
 1432.7 1434.7  0.2861547 39.8421059  0.9445826
 1434.7 1436.8  0.2860199 39.8682861  0.9445488
 1436.8 1438.8  0.2858783 39.8957787  0.9445133
 1438.8 1440.9  0.2857435 39.9219627  0.9444796
 1440.9 1443.0  0.2856019 39.9494514  0.9444441
 1443.0 1445.1  0.2854603 39.9769440  0.9444087
 1445.1 1447.2  0.2853188 40.0044327  0.9443733
 1447.2 1449.3  0.2851772 40.0319252  0.9443378
 1449.3 1451.4  0.2850356 40.0594177  0.9443023
 1451.4 1453.5  0.2849014 40.0852737  0.9442667
 1453.5 1455.6  0.2847709 40.1103096  0.9442310
 1455.6 1457.7  0.2846405 40.1353455  0.9441953
 1457.7 1459.9  0.2845100 40.1603813  0.9441596
 1459.9 1462.0  0.2843733 40.1866112  0.9441221
 1462.0 1464.1  0.2842428 40.2116470  0.9440864
 1464.1 1466.3  0.2841124 40.2366829  0.9440507
 1466.3 1468.4  0.2839757 40.2629128  0.9440132
 1468.4 1470.6  0.2838452 40.2879486  0.9439775
 1470.6 1472.8  0.2837085 40.3141785  0.9439401
 1472.8 1474.9  0.2835718 40.3404045  0.9439027
 1474.9 1477.1  0.2834414 40.3654442  0.9438670
 1477.1 1479.3  0.2833047 40.3916702  0.9438295
 1479.3 1481.5  0.2831680 40.4179001  0.9437921
 1481.5 1483.7  0.2830313 40.4441299  0.9437547
 1483.7 1485.9  0.2828946 40.4703560  0.9437173
 1485.9 1488.1  0.2827579 40.4965858  0.9436799
 1488.1 1490.3  0.2826212 40.5228157  0.9436424
 1490.3 1492.5  0.2824846 40.5490456  0.9436050
 1492.5 1494.8  0.2823479 40.5752716  0.9435676
 1494.8 1497.0  0.2822050 40.6026917  0.9435285
 1497.0 1499.3  0.2820683 40.6289215  0.9434910
 1499.3 1501.5  0.2819254 40.6563416  0.9434519
 1501.5 1503.8  0.2817959 40.6808434  0.9434150
 1503.8 1506.0  0.2816641 40.7056122  0.9433768
 1506.0 1508.3  0.2815381 40.7293015  0.9433402
 1508.3 1510.6  0.2814063 40.7540703  0.9433020
 1510.6 1512.9  0.2812745 40.7788391  0.9432637
 1512.9 1515.2  0.2811427 40.8036079  0.9432255
 1515.2 1517.5  0.2810109 40.8283768  0.9431872
 1517.5 1519.8  0.2808791 40.8531456  0.9431490
 1519.8 1522.1  0.2807472 40.8779144  0.9431107
 1522.1 1524.4  0.2806154 40.9026833  0.9430725
 1524.4 1526.7  0.2804836 40.9274521  0.9430342
 1526.7 1529.1  0.2803518 40.9522209  0.9429960
 1529.1 1531.4  0.2802143 40.9780655  0.9429561
 1531.4 1533.7  0.2800825 41.0028381  0.9429178
 1533.7 1536.1  0.2799507 41.0276031  0.9428796
 1536.1 1538.5  0.2798132 41.0534515  0.9428396
 1538.5 1540.8  0.2796756 41.0792961  0.9427997
 1540.8 1543.2  0.2795438 41.1040649  0.9427615
 1543.2 1545.6  0.2794063 41.1299095  0.9427215
 1545.6 1548.0  0.2792688 41.1557579  0.9426817
 1548.0 1550.4  0.2791312 41.1816025  0.9426417
 1550.4 1552.8  0.2789955 41.2069893  0.9426022
 1552.8 1555.2  0.2788685 41.2300835  0.9425644
 1555.2 1557.6  0.2787415 41.2531776  0.9425266
 1557.6 1560.1  0.2786145 41.2762680  0.9424888
 1560.1 1562.5  0.2784822 41.3003273  0.9424495
 1562.5 1564.9  0.2783552 41.3234177  0.9424117
 1564.9 1567.4  0.2782282 41.3465118  0.9423739
 1567.4 1569.9  0.2780959 41.3705711  0.9423345
 1569.9 1572.3  0.2779637 41.3946266  0.9422951
 1572.3 1574.8  0.2778367 41.4177208  0.9422573
 1574.8 1577.3  0.2777044 41.4417763  0.9422180
 1577.3 1579.8  0.2775721 41.4658318  0.9421786
 1579.8 1582.3  0.2774398 41.4898872  0.9421393
 1582.3 1584.8  0.2773075 41.5139427  0.9420999
 1584.8 1587.3  0.2771753 41.5379982  0.9420605
 1587.3 1589.8  0.2770430 41.5620537  0.9420212
 1589.8 1592.4  0.2769107 41.5861092  0.9419818
 1592.4 1594.9  0.2767731 41.6111298  0.9419409
 1594.9 1597.4  0.2766409 41.6351852  0.9419015
 1597.4 1600.0  0.2765086 41.6592407  0.9418622
 1600.0 1602.6  0.2763710 41.6842575  0.9418212
 1602.6 1605.1  0.2762446 41.7062874  0.9417830
 1605.1 1607.7  0.2761230 41.7274704  0.9417463
 1607.7 1610.3  0.2759965 41.7495003  0.9417081
 1610.3 1612.9  0.2758701 41.7715302  0.9416699
 1612.9 1615.5  0.2757436 41.7935600  0.9416317
 1615.5 1618.1  0.2756172 41.8155861  0.9415935
 1618.1 1620.7  0.2754908 41.8376160  0.9415553
 1620.7 1623.4  0.2753643 41.8596458  0.9415171
 1623.4 1626.0  0.2752330 41.8825226  0.9414774
 1626.0 1628.7  0.2751066 41.9045525  0.9414392
 1628.7 1631.3  0.2749753 41.9274292  0.9413995
 1631.3 1634.0  0.2748488 41.9494591  0.9413612
 1634.0 1636.7  0.2747175 41.9723358  0.9413216
 1636.7 1639.3  0.2745862 41.9952126  0.9412819
 1639.3 1642.0  0.2744597 42.0172424  0.9412437
 1642.0 1644.7  0.2743285 42.0401192  0.9412040
 1644.7 1647.4  0.2741972 42.0629959  0.9411644
 1647.4 1650.2  0.2740659 42.0858727  0.9411247
 1650.2 1652.9  0.2739306 42.1093636  0.9410836
 1652.9 1655.6  0.2738124 42.1291008  0.9410451
 1655.6 1658.4  0.2736941 42.1488380  0.9410067
 1658.4 1661.1  0.2735714 42.1693039  0.9409667
 1661.1 1663.9  0.2734531 42.1890411  0.9409283
 1663.9 1666.7  0.2733304 42.2095070  0.9408883
 1666.7 1669.4  0.2732078 42.2299728  0.9408484
 1669.4 1672.2  0.2730894 42.2497101  0.9408100
 1672.2 1675.0  0.2729668 42.2701759  0.9407700
 1675.0 1677.9  0.2728441 42.2906418  0.9407301
 1677.9 1680.7  0.2727171 42.3118401  0.9406888
 1680.7 1683.5  0.2725944 42.3323097  0.9406489
 1683.5 1686.3  0.2724717 42.3527756  0.9406090
 1686.3 1689.2  0.2723490 42.3732414  0.9405690
 1689.2 1692.0  0.2722220 42.3944397  0.9405277
 1692.0 1694.9  0.2720993 42.4149094  0.9404878
 1694.9 1697.8  0.2719722 42.4361076  0.9404465
 1697.8 1700.7  0.2718452 42.4573059  0.9404051
 1700.7 1703.6  0.2717297 42.4764824  0.9403668
 1703.6 1706.5  0.2716505 42.4893265  0.9403380
 1706.5 1709.4  0.2715714 42.5021667  0.9403091
 1709.4 1712.3  0.2714922 42.5150070  0.9402803
 1712.3 1715.3  0.2714130 42.5278511  0.9402514
 1715.3 1718.2  0.2713311 42.5411339  0.9402215
 1718.2 1721.2  0.2712519 42.5539742  0.9401927
 1721.2 1724.1  0.2711700 42.5672569  0.9401628
 1724.1 1727.1  0.2710909 42.5801010  0.9401340
 1727.1 1730.1  0.2710090 42.5933838  0.9401041
 1730.1 1733.1  0.2709271 42.6066666  0.9400743
 1733.1 1736.1  0.2708452 42.6199532  0.9400445
 1736.1 1739.1  0.2707633 42.6332359  0.9400146
 1739.1 1742.2  0.2706814 42.6465187  0.9399847
 1742.2 1745.2  0.2705967 42.6602478  0.9399539
 1745.2 1748.3  0.2705148 42.6735306  0.9399241
 1748.3 1751.3  0.2704302 42.6872597  0.9398932
 1751.3 1754.4  0.2703483 42.7005424  0.9398634
 1754.4 1757.5  0.2702604 42.7147560  0.9398304
 1757.5 1760.6  0.2701501 42.7322540  0.9397829
 1760.6 1763.7  0.2700399 42.7497482  0.9397354
 1763.7 1766.8  0.2699296 42.7672462  0.9396878
 1766.8 1769.9  0.2698193 42.7847443  0.9396403
 1769.9 1773.0  0.2697091 42.8022423  0.9395928
 1773.0 1776.2  0.2696054 42.8185692  0.9395434
 1776.2 1779.4  0.2694987 42.8353806  0.9394925
 1779.4 1782.5  0.2693919 42.8521957  0.9394415
 1782.5 1785.7  0.2692885 42.8684807  0.9393921
 1785.7 1788.9  0.2691817 42.8852959  0.9393412
 1788.9 1792.1  0.2690817 42.9009628  0.9392881
 1792.1 1795.3  0.2689823 42.9165154  0.9392349
 1795.3 1798.6  0.2688830 42.9320641  0.9391816
 1798.6 1801.8  0.2687805 42.9481010  0.9391266
 1801.8 1805.1  0.2686811 42.9636497  0.9390733
 1805.1 1808.3  0.2685837 42.9788399  0.9390140
 1808.3 1811.6  0.2684895 42.9935150  0.9389562
 1811.6 1814.9  0.2683923 43.0086517  0.9388967
 1814.9 1818.2  0.2682952 43.0237846  0.9388371
 1818.2 1821.5  0.2681987 43.0388069  0.9387774
 1821.5 1824.8  0.2681132 43.0521088  0.9387164
 1824.8 1828.2  0.2680277 43.0654106  0.9386553
 1828.2 1831.5  0.2679395 43.0791130  0.9385924
 1831.5 1834.9  0.2678540 43.0924149  0.9385313
 1834.9 1838.2  0.2677659 43.1061172  0.9384685
 1838.2 1841.6  0.2676894 43.1180267  0.9384037
 1841.6 1845.0  0.2676110 43.1302528  0.9383369
 1845.0 1848.4  0.2675325 43.1424789  0.9382702
 1848.4 1851.9  0.2674540 43.1547050  0.9382033
 1851.9 1855.3  0.2673732 43.1672935  0.9381346
 1855.3 1858.7  0.2673029 43.1783257  0.9380613
 1858.7 1862.2  0.2672328 43.1893196  0.9379879
 1862.2 1865.7  0.2671607 43.2006416  0.9379123
 1865.7 1869.2  0.2670885 43.2119598  0.9378368
 1869.2 1872.7  0.2670171 43.2231712  0.9377610
 1872.7 1876.2  0.2669583 43.2325516  0.9376824
 1876.2 1879.7  0.2668995 43.2419357  0.9376039
 1879.7 1883.2  0.2668406 43.2513161  0.9375253
 1883.2 1886.8  0.2667818 43.2607002  0.9374468
 1886.8 1890.4  0.2667213 43.2703476  0.9373659
 1890.4 1893.9  0.2666725 43.2783623  0.9372795
 1893.9 1897.5  0.2666257 43.2860565  0.9371951
 1897.5 1901.1  0.2665775 43.2939720  0.9371082
 1901.1 1904.8  0.2665294 43.3018875  0.9370214
 1904.8 1908.4  0.2664800 43.3100243  0.9369321
 1908.4 1912.0  0.2664436 43.3163834  0.9368365
 1912.0 1915.7  0.2664079 43.3226547  0.9367403
 1915.7 1919.4  0.2663712 43.3291016  0.9366415
 1919.4 1923.1  0.2663345 43.3355446  0.9365426
 1923.1 1926.8  0.2662982 43.3419342  0.9364436
 1926.8 1930.5  0.2662769 43.3463058  0.9363399
 1930.5 1934.2  0.2662555 43.3506775  0.9362361
 1934.2 1938.0  0.2662342 43.3550529  0.9361324
 1938.0 1941.7  0.2662123 43.3595428  0.9360259
 1941.7 1945.5  0.2661909 43.3639145  0.9359221
 1945.5 1949.3  0.2661836 43.3665352  0.9358076
 1949.3 1953.1  0.2661775 43.3689919  0.9356925
 1953.1 1956.9  0.2661714 43.3714485  0.9355773
 1956.9 1960.8  0.2661653 43.3739090  0.9354622
 1960.8 1964.6  0.2661590 43.3764305  0.9353440
 1964.6 1968.5  0.2661681 43.3770103  0.9352171
 1968.5 1972.4  0.2661784 43.3774986  0.9350863
 1972.4 1976.3  0.2661886 43.3779869  0.9349554
 1976.3 1980.2  0.2661988 43.3784752  0.9348246
 1980.2 1984.1  0.2662098 43.3788719  0.9346935
 1984.1 1988.1  0.2662339 43.3775902  0.9345572
 1988.1 1992.0  0.2662587 43.3762779  0.9344175
 1992.0 1996.0  0.2662828 43.3750000  0.9342812
 1996.0 2000.0  0.2663076 43.3736877  0.9341415
 2000.0 2004.0  0.2663324 43.3723755  0.9340018
 2004.0 2008.0  0.2663704 43.3695107  0.9338499
 2008.0 2012.1  0.2664084 43.3666458  0.9336979
 2012.1 2016.1  0.2664473 43.3637085  0.9335422
 2016.1 2020.2  0.2664852 43.3608437  0.9333902
 2020.2 2024.3  0.2665246 43.3578568  0.9332343
 2024.3 2028.4  0.2665720 43.3539085  0.9330747
 2028.4 2032.5  0.2666193 43.3499565  0.9329150
 2032.5 2036.7  0.2666667 43.3460045  0.9327554
 2036.7 2040.8  0.2667152 43.3419571  0.9325919
 2040.8 2045.0  0.2667626 43.3380089  0.9324322
 2045.0 2049.2  0.2668173 43.3333054  0.9322619
 2049.2 2053.4  0.2668724 43.3285713  0.9320913
 2053.4 2057.6  0.2669275 43.3238373  0.9319207
 2057.6 2061.9  0.2669825 43.3191032  0.9317501
 2061.9 2066.1  0.2670389 43.3142586  0.9315754
 2066.1 2070.4  0.2670984 43.3091927  0.9313946
 2070.4 2074.7  0.2671593 43.3039970  0.9312093
 2074.7 2079.0  0.2672203 43.2988052  0.9310240
 2079.0 2083.3  0.2672814 43.2936096  0.9308387
 2083.3 2087.7  0.2673423 43.2884369  0.9306530
 2087.7 2092.1  0.2674041 43.2834282  0.9304580
 2092.1 2096.4  0.2674659 43.2784157  0.9302630
 2096.4 2100.8  0.2675264 43.2735176  0.9300725
 2100.8 2105.3  0.2675882 43.2685051  0.9298775
 2105.3 2109.7  0.2676510 43.2634430  0.9296780
 2109.7 2114.2  0.2677070 43.2593880  0.9294830
 2114.2 2118.6  0.2677642 43.2552376  0.9292836
 2118.6 2123.1  0.2678201 43.2511787  0.9290885
 2123.1 2127.7  0.2678773 43.2470284  0.9288891
 2127.7 2132.2  0.2679358 43.2427864  0.9286852
 2132.2 2136.8  0.2679846 43.2400017  0.9284827
 2136.8 2141.3  0.2680338 43.2372551  0.9282755
 2141.3 2145.9  0.2680820 43.2345695  0.9280727
 2145.9 2150.5  0.2681313 43.2318230  0.9278655
 2150.5 2155.2  0.2681805 43.2290764  0.9276583
 2155.2 2159.8  0.2682194 43.2283249  0.9274321
 2159.8 2164.5  0.2682561 43.2278290  0.9272091
 2164.5 2169.2  0.2682936 43.2273216  0.9269813
 2169.2 2173.9  0.2683310 43.2268143  0.9267534
 2173.9 2178.6  0.2683685 43.2263069  0.9265255
 2178.6 2183.4  0.2683845 43.2283478  0.9263269
 2183.4 2188.2  0.2684003 43.2304916  0.9261246
 2188.2 2193.0  0.2684161 43.2326317  0.9259224
 2193.0 2197.8  0.2684320 43.2347755  0.9257201
 2197.8 2202.6  0.2684478 43.2369194  0.9255179
 2202.6 2207.5  0.2684495 43.2415161  0.9252989
 2207.5 2212.4  0.2684391 43.2483330  0.9250609
 2212.4 2217.3  0.2684286 43.2551460  0.9248229
 2217.3 2222.2  0.2684181 43.2619629  0.9245849
 2222.2 2227.2  0.2684064 43.2689552  0.9243474
 2227.2 2232.1  0.2683635 43.2803268  0.9241180
 2232.1 2237.1  0.2683215 43.2914734  0.9238933
 2237.1 2242.2  0.2682787 43.3028450  0.9236639
 2242.2 2247.2  0.2682350 43.3144455  0.9234300
 2247.2 2252.3  0.2681906 43.3260384  0.9232010
 2252.3 2257.3  0.2681071 43.3432579  0.9229760
 2257.3 2262.4  0.2680253 43.3601418  0.9227554
 2262.4 2267.6  0.2679418 43.3773613  0.9225305
 2267.6 2272.7  0.2678567 43.3949165  0.9223011
 2272.7 2277.9  0.2677732 43.4121361  0.9220761
 2277.9 2283.1  0.2676385 43.4368706  0.9218490
 2283.1 2288.3  0.2675008 43.4620438  0.9216219
 2288.3 2293.6  0.2673631 43.4872169  0.9213949
 2293.6 2298.9  0.2672228 43.5128746  0.9211636
 2298.9 2304.1  0.2670825 43.5385284  0.9209322
 2304.1 2309.5  0.2668913 43.5711975  0.9207179
 2309.5 2314.8  0.2666917 43.6052704  0.9204956
 2314.8 2320.2  0.2664957 43.6387138  0.9202774
 2320.2 2325.6  0.2662961 43.6727905  0.9200551
 2325.6 2331.0  0.2660965 43.7068634  0.9198328
 2331.0 2336.4  0.2658279 43.7508011  0.9196175
 2336.4 2341.9  0.2655538 43.7955284  0.9194028
 2341.9 2347.4  0.2652746 43.8410835  0.9191841
 2347.4 2352.9  0.2649955 43.8866425  0.9189655
 2352.9 2358.5  0.2647163 43.9321976  0.9187468
 2358.5 2364.1  0.2643534 43.9897079  0.9185392
 2364.1 2369.7  0.2639891 44.0474205  0.9183318
 2369.7 2375.3  0.2636248 44.1051331  0.9181244
 2375.3 2381.0  0.2632605 44.1628456  0.9179171
 2381.0 2386.6  0.2628897 44.2215881  0.9177061
 2386.6 2392.3  0.2624676 44.2876663  0.9175218
 2392.3 2398.1  0.2620379 44.3549232  0.9173342
 2398.1 2403.8  0.2616007 44.4233627  0.9171433
 2403.8 2409.6  0.2611711 44.4906158  0.9169557
 2409.6 2415.5  0.2607338 44.5590553  0.9167649
 2415.5 2421.3  0.2602571 44.6342239  0.9165938
 2421.3 2427.2  0.2597862 44.7085152  0.9164273
 2427.2 2433.1  0.2593071 44.7840843  0.9162579
 2433.1 2439.0  0.2588280 44.8596611  0.9160885
 2439.0 2445.0  0.2583489 44.9352303  0.9159191
 2445.0 2451.0  0.2578889 45.0100479  0.9157836
 2451.0 2457.0  0.2574288 45.0848694  0.9156482
 2457.0 2463.1  0.2569687 45.1596870  0.9155127
 2463.1 2469.1  0.2565010 45.2357559  0.9153749
 2469.1 2475.2  0.2560423 45.3104172  0.9152402
 2475.2 2481.4  0.2556614 45.3769569  0.9151494
 2481.4 2487.6  0.2552742 45.4445877  0.9150571
 2487.6 2493.8  0.2548870 45.5122223  0.9149647
 2493.8 2500.0  0.2544998 45.5798531  0.9148723
 2500.0 2506.3  0.2541126 45.6474838  0.9147800
 2506.3 2512.6  0.2538764 45.6974983  0.9147449
 2512.6 2518.9  0.2536403 45.7475128  0.9147097
 2518.9 2525.3  0.2534041 45.7975273  0.9146745
 2525.3 2531.6  0.2531642 45.8483391  0.9146388
 2531.6 2538.1  0.2529281 45.8983536  0.9146035
 2538.1 2544.5  0.2528991 45.9246178  0.9146342
 2544.5 2551.0  0.2528843 45.9488449  0.9146686
 2551.0 2557.5  0.2528693 45.9734497  0.9147035
 2557.5 2564.1  0.2528543 45.9980545  0.9147385
 2564.1 2570.7  0.2528441 46.0224457  0.9147754
 2570.7 2577.3  0.2531527 46.0084877  0.9148991
 2577.3 2584.0  0.2534614 45.9945259  0.9150227
 2584.0 2590.7  0.2537748 45.9803505  0.9151483
 2590.7 2597.4  0.2540881 45.9661789  0.9152738
 2597.4 2604.2  0.2544247 45.9491386  0.9154049
 2604.2 2611.0  0.2551377 45.8860168  0.9156275
 2611.0 2617.8  0.2558506 45.8228912  0.9158502
 2617.8 2624.7  0.2565636 45.7597694  0.9160728
 2624.7 2631.6  0.2572870 45.6957207  0.9162987
 2631.6 2638.5  0.2580105 45.6316681  0.9165246
 2638.5 2645.5  0.2591946 45.5140190  0.9168497
 2645.5 2652.5  0.2604246 45.3913193  0.9171856
 2652.5 2659.6  0.2616545 45.2686157  0.9175216
 2659.6 2666.7  0.2629021 45.1441612  0.9178624
 2666.7 2673.8  0.2641497 45.0197105  0.9182031
 2673.8 2681.0  0.2658730 44.8447762  0.9186224
 2681.0 2688.2  0.2676420 44.6651268  0.9190511
 2688.2 2695.4  0.2694109 44.4854736  0.9194798
 2695.4 2702.7  0.2711798 44.3058243  0.9199085
 2702.7 2710.0  0.2729733 44.1236763  0.9203431
 2710.0 2717.4  0.2752546 43.8964844  0.9208302
 2717.4 2724.8  0.2775883 43.6642303  0.9213262
 2724.8 2732.2  0.2799221 43.4319687  0.9218223
 2732.2 2739.7  0.2822558 43.1997147  0.9223183
 2739.7 2747.3  0.2846211 42.9643211  0.9228211
 2747.3 2754.8  0.2875254 42.6865387  0.9233531
 2754.8 2762.4  0.2904121 42.4108238  0.9238791
 2762.4 2770.1  0.2933373 42.1314392  0.9244121
 2770.1 2777.8  0.2963010 41.8483696  0.9249521
 2777.8 2785.5  0.2992646 41.5653038  0.9254921
 2785.5 2793.3  0.3027498 41.2503967  0.9260198
 2793.3 2801.1  0.3062944 40.9305344  0.9265540
 2801.1 2809.0  0.3098390 40.6106758  0.9270883
 2809.0 2816.9  0.3134290 40.2867203  0.9276294
 2816.9 2824.9  0.3170189 39.9627647  0.9281704
 2824.9 2832.9  0.3212634 39.6062050  0.9286699
 2832.9 2840.9  0.3255156 39.2492828  0.9291689
 2840.9 2849.0  0.3297677 38.8923645  0.9296678
 2849.0 2857.1  0.3340731 38.5309792  0.9301729
 2857.1 2865.3  0.3383842 38.1695290  0.9306767
 2865.3 2873.6  0.3432063 37.7984657  0.9310758
 2873.6 2881.8  0.3480873 37.4228783  0.9314796
 2881.8 2890.2  0.3529094 37.0518188  0.9318787
 2890.2 2898.6  0.3578491 36.6717110  0.9322875
 2898.6 2907.0  0.3627889 36.2915916  0.9326962
 2907.0 2915.5  0.3684235 35.8997040  0.9329650
 2915.5 2924.0  0.3741604 35.5025482  0.9332300
 2924.0 2932.6  0.3798973 35.1053963  0.9334949
 2932.6 2941.2  0.3857017 34.7035637  0.9337629
 2941.2 2949.9  0.3915170 34.3020134  0.9340267
 2949.9 2958.6  0.3978703 33.9071960  0.9341146
 2958.6 2967.4  0.4042237 33.5123634  0.9342026
 2967.4 2976.2  0.4106499 33.1130142  0.9342914
 2976.2 2985.1  0.4170762 32.7136497  0.9343804
 2985.1 2994.0  0.4235812 32.3098602  0.9344684
 2994.0 3003.0  0.4305659 31.9161148  0.9343910
 3003.0 3012.0  0.4376293 31.5179405  0.9343126
 3012.0 3021.1  0.4446926 31.1197681  0.9342343
 3021.1 3030.3  0.4518345 30.7171650  0.9341551
 3030.3 3039.5  0.4590589 30.3109989  0.9340708
 3039.5 3048.8  0.4664043 29.9301834  0.9338593
 3048.8 3058.1  0.4738296 29.5452251  0.9336455
 3058.1 3067.5  0.4812550 29.1602650  0.9334317
 3067.5 3076.9  0.4887600 28.7711735  0.9332156
 3076.9 3086.4  0.4962651 28.3820801  0.9329996
 3086.4 3096.0  0.5038973 28.0154953  0.9326840
 3096.0 3105.6  0.5116104 27.6453323  0.9323640
 3105.6 3115.3  0.5193236 27.2751713  0.9320441
 3115.3 3125.0  0.5271170 26.9011593  0.9317209
 3125.0 3134.8  0.5349104 26.5271473  0.9313977
 3134.8 3144.7  0.5423286 26.1965027  0.9310291
 3144.7 3154.6  0.5498224 25.8624897  0.9306569
 3154.6 3164.6  0.5573165 25.5284672  0.9302846
 3164.6 3174.6  0.5648861 25.1910782  0.9299086
 3174.6 3184.7  0.5724556 24.8536873  0.9295325
 3184.7 3194.9  0.5795299 24.5612583  0.9291537
 3194.9 3205.1  0.5866504 24.2679443  0.9287713
 3205.1 3215.4  0.5937712 23.9746227  0.9283888
 3215.4 3225.8  0.6009614 23.6784363  0.9280025
 3225.8 3236.2  0.6081566 23.3838310  0.9276160
 3236.2 3246.8  0.6145694 23.1428185  0.9272712
 3246.8 3257.3  0.6211057 22.8971634  0.9269198
 3257.3 3268.0  0.6275802 22.6538315  0.9265717
 3268.0 3278.7  0.6341780 22.4058628  0.9262170
 3278.7 3289.5  0.6404598 22.1773815  0.9258831
 3289.5 3300.3  0.6461968 21.9839706  0.9255858
 3300.3 3311.3  0.6519338 21.7905598  0.9252886
 3311.3 3322.3  0.6577770 21.5935669  0.9249858
 3322.3 3333.3  0.6636202 21.3965759  0.9246830
 3333.3 3344.5  0.6688353 21.2350903  0.9244195
 3344.5 3355.7  0.6739373 21.0824280  0.9241643
 3355.7 3367.0  0.6790392 20.9297657  0.9239090
 3367.0 3378.4  0.6841867 20.7757397  0.9236515
 3378.4 3389.8  0.6888638 20.6385765  0.9234184
 3389.8 3401.4  0.6923273 20.5442963  0.9232484
 3401.4 3413.0  0.6958514 20.4483643  0.9230753
 3413.0 3424.7  0.6993756 20.3524303  0.9229022
 3424.7 3436.4  0.7029301 20.2556705  0.9227276
 3436.4 3448.3  0.7122701 20.0300484  0.9222603
 3448.3 3460.2  0.7219247 19.7971153  0.9217771
 3460.2 3472.2  0.7261110 19.6952057  0.9215571
 3472.2 3484.3  0.7294134 19.6144581  0.9213795
 3484.3 3496.5  0.7327435 19.5330372  0.9212004
 3496.5 3508.8  0.7361010 19.4509449  0.9210198
 3508.8 3521.1  0.7394860 19.3681774  0.9208377
 3521.1 3533.6  0.7428711 19.2854118  0.9206556
 3533.6 3546.1  0.7463112 19.2012997  0.9204706
 3546.1 3558.7  0.7497512 19.1171875  0.9202856
 3558.7 3571.4  0.7526905 19.0411091  0.9201146
 3571.4 3584.2  0.7554144 18.9683590  0.9199492
 3584.2 3597.1  0.7581598 18.8950367  0.9197826
 3597.1 3610.1  0.7609266 18.8211384  0.9196147
 3610.1 3623.2  0.7637148 18.7466698  0.9194455
 3623.2 3636.4  0.7665245 18.6716290  0.9192750
 3636.4 3649.6  0.7693557 18.5960140  0.9191031
 3649.6 3663.0  0.7721868 18.5203991  0.9189313
 3663.0 3676.5  0.7745898 18.4513779  0.9187823
 3676.5 3690.0  0.7769963 18.3820801  0.9186329
 3690.0 3703.7  0.7794027 18.3127842  0.9184835
 3703.7 3717.5  0.7818447 18.2424603  0.9183319
 3717.5 3731.3  0.7843046 18.1716232  0.9181792
 3731.3 3745.3  0.7867644 18.1007862  0.9180265
 3745.3 3759.4  0.7892600 18.0289230  0.9178716
 3759.4 3773.6  0.7916360 17.9608116  0.9177384
 3773.6 3787.9  0.7939597 17.8943653  0.9176158
 3787.9 3802.3  0.7962998 17.8274536  0.9174923
 3802.3 3816.8  0.7986563 17.7600708  0.9173679
 3816.8 3831.4  0.8010291 17.6922207  0.9172426
 3831.4 3846.2  0.8034182 17.6239033  0.9171165
 3846.2 3861.0  0.8058401 17.5546513  0.9169887
 3861.0 3876.0  0.8082308 17.4894142  0.9168884
 3876.0 3891.1  0.8106427 17.4247036  0.9167964
 3891.1 3906.2  0.8130707 17.3595600  0.9167039
 3906.2 3921.6  0.8154987 17.2944183  0.9166113
 3921.6 3937.0  0.8179750 17.2279816  0.9165169
 3937.0 3952.6  0.8204513 17.1615467  0.9164225
 3952.6 3968.3  0.8229498 17.0951290  0.9163322
 3968.3 3984.1  0.8254150 17.0327320  0.9162679
 3984.1 4000.0  0.8278959 16.9699383  0.9162033
 4000.0 4016.1  0.8303924 16.9067459  0.9161383
 4016.1 4032.3  0.8329204 16.8427601  0.9160724
 4032.3 4048.6  0.8354640 16.7783756  0.9160062
 4048.6 4065.0  0.8380234 16.7135944  0.9159395
 4065.0 4081.6  0.8404725 16.6534138  0.9158943
 4081.6 4098.4  0.8429395 16.5929699  0.9158506
 4098.4 4115.2  0.8454362 16.5318012  0.9158064
 4115.2 4132.2  0.8479331 16.4706287  0.9157622
 4132.2 4149.4  0.8504595 16.4087296  0.9157174
 4149.4 4166.7  0.8530157 16.3461037  0.9156722
 4166.7 4184.1  0.8554028 16.2882195  0.9156439
 4184.1 4201.7  0.8577968 16.2301865  0.9156162
 4201.7 4219.4  0.8602185 16.1714859  0.9155881
 4219.4 4237.3  0.8626539 16.1124535  0.9155598
 4237.3 4255.3  0.8651168 16.0527534  0.9155313
 4255.3 4273.5  0.8675293 15.9941111  0.9155065
 4273.5 4291.8  0.8698128 15.9381914  0.9154909
 4291.8 4310.3  0.8721089 15.8819656  0.9154751
 4310.3 4329.0  0.8744301 15.8251247  0.9154593
 4329.0 4347.8  0.8767764 15.7676687  0.9154432
 4347.8 4366.8  0.8791352 15.7099056  0.9154271
 4366.8 4386.0  0.8813041 15.6552887  0.9154192
 4386.0 4405.3  0.8834676 15.6005945  0.9154123
 4405.3 4424.8  0.8856422 15.5456152  0.9154055
 4424.8 4444.4  0.8878394 15.4900665  0.9153985
 4444.4 4464.3  0.8900479 15.4342327  0.9153915
 4464.3 4484.3  0.8921173 15.3802614  0.9153895
 4484.3 4504.5  0.8941291 15.3270884  0.9153895
 4504.5 4524.9  0.8961610 15.2733831  0.9153895
 4524.9 4545.5  0.8982131 15.2191477  0.9153895
 4545.5 4566.2  0.9002852 15.1643791  0.9153895
 4566.2 4587.2  0.9021989 15.1119471  0.9153941
 4587.2 4608.3  0.9040928 15.0594893  0.9154000
 4608.3 4629.6  0.9059957 15.0067835  0.9154059
 4629.6 4651.2  0.9079167 14.9535751  0.9154119
 4651.2 4672.9  0.9098540 14.8997822  0.9154183
 4672.9 4694.8  0.9116179 14.8485308  0.9154292
 4694.8 4717.0  0.9133981 14.7968073  0.9154401
 4717.0 4739.3  0.9152027 14.7443733  0.9154512
 4739.3 4761.9  0.9170154 14.6917057  0.9154624
 4761.9 4784.7  0.9187613 14.6397066  0.9154758
 4784.7 4807.7  0.9204399 14.5884981  0.9154910
 4807.7 4830.9  0.9221332 14.5368414  0.9155064
 4830.9 4854.4  0.9238412 14.4847355  0.9155219
 4854.4 4878.0  0.9255419 14.4323921  0.9155381
 4878.0 4902.0  0.9271219 14.3817301  0.9155568
 4902.0 4926.1  0.9287287 14.3302088  0.9155758
 4926.1 4950.5  0.9303422 14.2784729  0.9155948
 4950.5 4975.1  0.9319728 14.2261362  0.9156141
 4975.1 5000.0  0.9334750 14.1754351  0.9156354
 5000.0 5025.1  0.9349954 14.1241159  0.9156569
 5025.1 5050.5  0.9365280 14.0723839  0.9156787
 5050.5 5076.1  0.9380764 14.0200720  0.9157007
 5076.1 5102.0  0.9395041 13.9692249  0.9157237
 5102.0 5128.2  0.9409486 13.9177818  0.9157469
 5128.2 5154.6  0.9424098 13.8657427  0.9157705
 5154.6 5181.3  0.9438599 13.8136120  0.9157942
 5181.3 5208.3  0.9452193 13.7623510  0.9158180
 5208.3 5235.6  0.9465941 13.7105122  0.9158421
 5235.6 5263.2  0.9479842 13.6580982  0.9158664
 5263.2 5291.0  0.9493292 13.6058969  0.9158903
 5291.0 5319.1  0.9506176 13.5541859  0.9159138
 5319.1 5347.6  0.9519200 13.5019169  0.9159376
 5347.6 5376.3  0.9532409 13.4489031  0.9159617
 5376.3 5405.4  0.9544545 13.3969707  0.9159836
 5405.4 5434.8  0.9556744 13.3444471  0.9160055
 5434.8 5464.5  0.9569069 13.2913837  0.9160277
 5464.5 5494.5  0.9580877 13.2385359  0.9160481
 5494.5 5524.9  0.9592124 13.1859570  0.9160666
 5524.9 5555.6  0.9603522 13.1326780  0.9160854
 5555.6 5586.6  0.9614784 13.0791512  0.9161035
 5586.6 5618.0  0.9625037 13.0263653  0.9161173
 5618.0 5649.7  0.9635422 12.9728985  0.9161313
 5649.7 5681.8  0.9645906 12.9189196  0.9161455
 5681.8 5714.3  0.9655235 12.8656778  0.9161541
 5714.3 5747.1  0.9664668 12.8117857  0.9161629
 5747.1 5780.3  0.9674188 12.7573948  0.9161717
 5780.3 5814.0  0.9682799 12.7034636  0.9161761
 5814.0 5848.0  0.9691440 12.6488276  0.9161802
 5848.0 5882.4  0.9700158 12.5937061  0.9161842
 5882.4 5917.2  0.9708083 12.5389128  0.9161844
 5917.2 5952.4  0.9716043 12.4835424  0.9161843
 5952.4 5988.0  0.9724042 12.4275942  0.9161839
 5988.0 6024.1  0.9731390 12.3718119  0.9161802
 6024.1 6060.6  0.9738840 12.3152466  0.9161764
 6060.6 6097.6  0.9746186 12.2582560  0.9161717
 6097.6 6135.0  0.9753165 12.2009840  0.9161648
 6135.0 6172.8  0.9760219 12.1430922  0.9161578
 6172.8 6211.2  0.9767036 12.0849113  0.9161492
 6211.2 6250.0  0.9773753 12.0260258  0.9161395
 6250.0 6289.3  0.9780539 11.9665270  0.9161297
 6289.3 6329.1  0.9787017 11.9066658  0.9161177
 6329.1 6369.4  0.9793577 11.8460426  0.9161056
 6369.4 6410.3  0.9800088 11.7847834  0.9160926
 6410.3 6451.6  0.9806554 11.7227497  0.9160786
 6451.6 6493.5  0.9813076 11.6601124  0.9160644
 6493.5 6535.9  0.9819545 11.5966806  0.9160489
 6535.9 6578.9  0.9826090 11.5324926  0.9160332
 6578.9 6622.5  0.9832708 11.4673748  0.9160169
 6622.5 6666.7  0.9839408 11.4013386  0.9160001
 6666.7 6711.4  0.9846238 11.3343239  0.9159830
 6711.4 6756.8  0.9853209 11.2664337  0.9159656
 6756.8 6802.7  0.9860324 11.1974268  0.9159479
 6802.7 6849.3  0.9867719 11.1273556  0.9159302
 6849.3 6896.6  0.9875227 11.0562162  0.9159123
 6896.6 6944.4  0.9883146 10.9835615  0.9158942
 6944.4 6993.0  0.9891153 10.9101324  0.9158760
 6993.0 7042.3  0.9899504 10.8351107  0.9158573
 7042.3 7092.2  0.9908003 10.7589626  0.9158384
 7092.2 7142.9  0.9916699 10.6816244  0.9158181
 7142.9 7194.2  0.9925552 10.6030006  0.9157973
 7194.2 7246.4  0.9934494 10.5232639  0.9157745
 7246.4 7299.3  0.9943590 10.4421015  0.9157510
 7299.3 7352.9  0.9952661 10.3597460  0.9157242
 7352.9 7407.4  0.9961824 10.2762918  0.9156967
 7407.4 7462.7  0.9970846 10.1914272  0.9156645
 7462.7 7518.8  0.9979890 10.1053381  0.9156304
 7518.8 7575.8  0.9988696 10.0180798  0.9155912
 7575.8 7633.6  0.9995246  9.9295149  0.9155481
 7633.6 7692.3  0.9998949  9.8398237  0.9155002
 7692.3 7751.9  1.0000000  9.7489786  0.9154446
 7751.9 7812.5  1.0000000  9.6568508  0.9153850
 7812.5 7874.0  1.0000000  9.5636473  0.9153126
 7874.0 7936.5  1.0000000  9.4693117  0.9152334
 7936.5 8000.0  1.0000000  9.3738432  0.9151435
 8000.0 8064.5  1.0000000  9.2775135  0.9150378
 8064.5 8130.1  1.0000000  9.1800890  0.9149212
 8130.1 8196.7  1.0000000  9.0818462  0.9147846
 8196.7 8264.5  1.0000000  8.9830551  0.9146262
 8264.5 8333.3  1.0000000  8.8832560  0.9144491
 8333.3 8403.4  1.0000000  8.7833233  0.9142420
 8403.4 8474.6  1.0000000  8.6830959  0.9139985
 8474.6 8547.0  1.0000000  8.5818062  0.9137410
 8547.0 8620.7  1.0000000  8.4788065  0.9134791
 8620.7 8695.7  1.0000000  8.3739586  0.9132125
 8695.7 8771.9  1.0000000  8.2672606  0.9129412
 8771.9 8849.6  1.0000000  8.1588554  0.9126655
 8849.6 8928.6  1.0000000  8.0483179  0.9123845
 8928.6 9009.0  1.0000000  7.9359303  0.9120987
 9009.0 9090.9  1.0000000  7.8215499  0.9118078
 9090.9 9174.3  1.0000000  7.7050352  0.9115116
 9174.3 9259.3  1.0000000  7.5863886  0.9112099
 9259.3 9345.8  1.0000000  7.4654646  0.9109024
 9345.8 9434.0  1.0000000  7.3424067  0.9105895
 9434.0 9523.8  1.0000000  7.2169304  0.9102705
 9523.8 9615.4  1.0000000  7.0891781  0.9099456
 9615.4 9708.7  1.0000000  6.9588637  0.9096143
 9708.7 9803.9  1.0000000  6.8261323  0.9092767
 9803.9 9901.0  1.0000000  6.6906972  0.9089324
 9901.0 9911.0  1.0000000  6.5525599  0.9085811
