 1176.5 1177.9  0.2585260 65.3222580  0.9588374
 1177.9 1179.2  0.2583480 65.3812027  0.9588487
 1179.2 1180.6  0.2581826 65.4359360  0.9588592
 1180.6 1182.0  0.2580046 65.4948807  0.9588705
 1182.0 1183.4  0.2578266 65.5538254  0.9588818
 1183.4 1184.8  0.2576485 65.6127701  0.9588931
 1184.8 1186.2  0.2574705 65.6717148  0.9589044
 1186.2 1187.6  0.2572924 65.7306519  0.9589157
 1187.6 1189.1  0.2571144 65.7895966  0.9589270
 1189.1 1190.5  0.2569236 65.8527527  0.9589390
 1190.5 1191.9  0.2567456 65.9116974  0.9589503
 1191.9 1193.3  0.2565675 65.9706421  0.9589616
 1193.3 1194.7  0.2563895 66.0295868  0.9589729
 1194.7 1196.2  0.2562115 66.0885315  0.9589842
 1196.2 1197.6  0.2560207 66.1516800  0.9589963
 1197.6 1199.0  0.2558427 66.2106247  0.9590076
 1199.0 1200.5  0.2556646 66.2695770  0.9590189
 1200.5 1201.9  0.2554739 66.3327255  0.9590310
 1201.9 1203.4  0.2552958 66.3916702  0.9590423
 1203.4 1204.8  0.2551051 66.4548264  0.9590544
 1204.8 1206.3  0.2549270 66.5137711  0.9590657
 1206.3 1207.7  0.2547363 66.5769272  0.9590778
 1207.7 1209.2  0.2545582 66.6358643  0.9590890
 1209.2 1210.7  0.2543675 66.6990204  0.9591011
 1210.7 1212.1  0.2541767 66.7621765  0.9591132
 1212.1 1213.6  0.2539987 66.8211212  0.9591245
 1213.6 1215.1  0.2538079 66.8842697  0.9591366
 1215.1 1216.5  0.2536172 66.9474258  0.9591487
 1216.5 1218.0  0.2534391 67.0063705  0.9591600
 1218.0 1219.5  0.2532484 67.0695267  0.9591721
 1219.5 1221.0  0.2530576 67.1326828  0.9591842
 1221.0 1222.5  0.2528668 67.1958313  0.9591963
 1222.5 1224.0  0.2526761 67.2589874  0.9592084
 1224.0 1225.5  0.2524853 67.3221436  0.9592205
 1225.5 1227.0  0.2522946 67.3852997  0.9592326
 1227.0 1228.5  0.2521038 67.4484558  0.9592447
 1228.5 1230.0  0.2519130 67.5116043  0.9592568
 1230.0 1231.5  0.2517223 67.5747604  0.9592689
 1231.5 1233.0  0.2515315 67.6379166  0.9592810
 1233.0 1234.6  0.2513408 67.7010651  0.9592931
 1234.6 1236.1  0.2511373 67.7684326  0.9593060
 1236.1 1237.6  0.2509465 67.8315887  0.9593180
 1237.6 1239.2  0.2507558 67.8947372  0.9593301
 1239.2 1240.7  0.2505523 67.9621048  0.9593431
 1240.7 1242.2  0.2503615 68.0252609  0.9593552
 1242.2 1243.8  0.2501708 68.0884094  0.9593673
 1243.8 1245.3  0.2499673 68.1557846  0.9593801
 1245.3 1246.9  0.2497765 68.2189331  0.9593922
 1246.9 1248.4  0.2495731 68.2863007  0.9594052
 1248.4 1250.0  0.2493823 68.3494568  0.9594173
 1250.0 1251.6  0.2491788 68.4168167  0.9594302
 1251.6 1253.1  0.2489754 68.4841766  0.9594431
 1253.1 1254.7  0.2487846 68.5473328  0.9594552
 1254.7 1256.3  0.2485811 68.6147003  0.9594681
 1256.3 1257.9  0.2483776 68.6820679  0.9594810
 1257.9 1259.4  0.2481742 68.7494278  0.9594939
 1259.4 1261.0  0.2479834 68.8125839  0.9595060
 1261.0 1262.6  0.2477799 68.8799438  0.9595188
 1262.6 1264.2  0.2475765 68.9473114  0.9595318
 1264.2 1265.8  0.2473730 69.0146713  0.9595447
 1265.8 1267.4  0.2471695 69.0820465  0.9595576
 1267.4 1269.0  0.2469660 69.1494064  0.9595705
 1269.0 1270.6  0.2467626 69.2167664  0.9595834
 1270.6 1272.3  0.2465591 69.2841339  0.9595963
 1272.3 1273.9  0.2463429 69.3557129  0.9596100
 1273.9 1275.5  0.2461394 69.4230728  0.9596229
 1275.5 1277.1  0.2459359 69.4904404  0.9596358
 1277.1 1278.8  0.2457325 69.5578003  0.9596487
 1278.8 1280.4  0.2455163 69.6293793  0.9596624
 1280.4 1282.1  0.2453128 69.6967468  0.9596753
 1282.1 1283.7  0.2450966 69.7683182  0.9596890
 1283.7 1285.3  0.2448931 69.8356781  0.9597020
 1285.3 1287.0  0.2446896 69.9030457  0.9597148
 1287.0 1288.7  0.2444734 69.9746246  0.9597285
 1288.7 1290.3  0.2442573 70.0461960  0.9597422
 1290.3 1292.0  0.2440538 70.1135635  0.9597552
 1292.0 1293.7  0.2438376 70.1851349  0.9597689
 1293.7 1295.3  0.2436214 70.2567062  0.9597826
 1295.3 1297.0  0.2434179 70.3240738  0.9597955
 1297.0 1298.7  0.2432017 70.3956451  0.9598092
 1298.7 1300.4  0.2429855 70.4672241  0.9598229
 1300.4 1302.1  0.2427856 70.5334549  0.9598345
 1302.1 1303.8  0.2426384 70.5822983  0.9598389
 1303.8 1305.5  0.2424912 70.6311569  0.9598434
 1305.5 1307.2  0.2423440 70.6800003  0.9598479
 1307.2 1308.9  0.2421968 70.7288513  0.9598523
 1308.9 1310.6  0.2420496 70.7777023  0.9598567
 1310.6 1312.3  0.2419024 70.8265533  0.9598612
 1312.3 1314.1  0.2417552 70.8754044  0.9598657
 1314.1 1315.8  0.2415993 70.9271240  0.9598705
 1315.8 1317.5  0.2414521 70.9759827  0.9598749
 1317.5 1319.3  0.2413049 71.0248260  0.9598794
 1319.3 1321.0  0.2411491 71.0765533  0.9598841
 1321.0 1322.8  0.2410019 71.1254044  0.9598886
 1322.8 1324.5  0.2408460 71.1771317  0.9598933
 1324.5 1326.3  0.2406988 71.2259750  0.9598978
 1326.3 1328.0  0.2405429 71.2777023  0.9599025
 1328.0 1329.8  0.2403957 71.3265533  0.9599070
 1329.8 1331.6  0.2402399 71.3782806  0.9599117
 1331.6 1333.3  0.2400840 71.4300003  0.9599165
 1333.3 1335.1  0.2399368 71.4788513  0.9599209
 1335.1 1336.9  0.2397810 71.5305710  0.9599257
 1336.9 1338.7  0.2396251 71.5822983  0.9599304
 1338.7 1340.5  0.2394693 71.6340179  0.9599351
 1340.5 1342.3  0.2393134 71.6857452  0.9599398
 1342.3 1344.1  0.2391575 71.7374725  0.9599445
 1344.1 1345.9  0.2390017 71.7891922  0.9599493
 1345.9 1347.7  0.2388458 71.8409195  0.9599540
 1347.7 1349.5  0.2386900 71.8926392  0.9599588
 1349.5 1351.4  0.2385341 71.9443665  0.9599635
 1351.4 1353.2  0.2383795 71.9958038  0.9599657
 1353.2 1355.0  0.2382363 72.0434570  0.9599668
 1355.0 1356.9  0.2380932 72.0911255  0.9599679
 1356.9 1358.7  0.2379421 72.1414337  0.9599691
 1358.7 1360.5  0.2377990 72.1890869  0.9599702
 1360.5 1362.4  0.2376558 72.2367477  0.9599714
 1362.4 1364.3  0.2375048 72.2870560  0.9599726
 1364.3 1366.1  0.2373537 72.3373642  0.9599738
 1366.1 1368.0  0.2372105 72.3850250  0.9599748
 1368.0 1369.9  0.2370594 72.4353333  0.9599760
 1369.9 1371.7  0.2369084 72.4856415  0.9599772
 1371.7 1373.6  0.2367652 72.5333023  0.9599783
 1373.6 1375.5  0.2366141 72.5836105  0.9599795
 1375.5 1377.4  0.2364630 72.6339188  0.9599807
 1377.4 1379.3  0.2363120 72.6842270  0.9599819
 1379.3 1381.2  0.2361609 72.7345352  0.9599831
 1381.2 1383.1  0.2360098 72.7848358  0.9599842
 1383.1 1385.0  0.2358587 72.8351440  0.9599854
 1385.0 1387.0  0.2357076 72.8854523  0.9599866
 1387.0 1388.9  0.2355486 72.9384155  0.9599879
 1388.9 1390.8  0.2353975 72.9887238  0.9599891
 1390.8 1392.8  0.2352464 73.0390320  0.9599903
 1392.8 1394.7  0.2350874 73.0919876  0.9599915
 1394.7 1396.6  0.2349363 73.1422882  0.9599927
 1396.6 1398.6  0.2347852 73.1925964  0.9599938
 1398.6 1400.6  0.2346261 73.2455521  0.9599951
 1400.6 1402.5  0.2344712 73.2972183  0.9599953
 1402.5 1404.5  0.2343331 73.3434296  0.9599931
 1404.5 1406.5  0.2341878 73.3920670  0.9599908
 1406.5 1408.5  0.2340424 73.4407120  0.9599885
 1408.5 1410.4  0.2338971 73.4893570  0.9599862
 1410.4 1412.4  0.2337590 73.5355682  0.9599840
 1412.4 1414.4  0.2336136 73.5842133  0.9599817
 1414.4 1416.4  0.2334683 73.6328583  0.9599794
 1416.4 1418.4  0.2333229 73.6814957  0.9599771
 1418.4 1420.5  0.2331776 73.7301407  0.9599748
 1420.5 1422.5  0.2330249 73.7812195  0.9599724
 1422.5 1424.5  0.2328796 73.8298569  0.9599701
 1424.5 1426.5  0.2327342 73.8785019  0.9599679
 1426.5 1428.6  0.2325889 73.9271469  0.9599655
 1428.6 1430.6  0.2324363 73.9782181  0.9599631
 1430.6 1432.7  0.2322909 74.0268631  0.9599608
 1432.7 1434.7  0.2321383 74.0779419  0.9599584
 1434.7 1436.8  0.2319929 74.1265793  0.9599561
 1436.8 1438.8  0.2318403 74.1776581  0.9599537
 1438.8 1440.9  0.2316950 74.2263031  0.9599514
 1440.9 1443.0  0.2315423 74.2773743  0.9599490
 1443.0 1445.1  0.2313897 74.3284531  0.9599466
 1445.1 1447.2  0.2312371 74.3795242  0.9599441
 1447.2 1449.3  0.2310845 74.4306030  0.9599417
 1449.3 1451.4  0.2309319 74.4816818  0.9599393
 1451.4 1453.5  0.2307886 74.5298538  0.9599347
 1453.5 1455.6  0.2306500 74.5765762  0.9599290
 1455.6 1457.7  0.2305114 74.6233063  0.9599234
 1457.7 1459.9  0.2303728 74.6700287  0.9599177
 1459.9 1462.0  0.2302276 74.7189789  0.9599118
 1462.0 1464.1  0.2300890 74.7657013  0.9599060
 1464.1 1466.3  0.2299504 74.8124313  0.9599004
 1466.3 1468.4  0.2298052 74.8613815  0.9598944
 1468.4 1470.6  0.2296666 74.9081039  0.9598888
 1470.6 1472.8  0.2295214 74.9570541  0.9598828
 1472.8 1474.9  0.2293762 75.0060043  0.9598768
 1474.9 1477.1  0.2292376 75.0527267  0.9598712
 1477.1 1479.3  0.2290924 75.1016769  0.9598652
 1479.3 1481.5  0.2289471 75.1506271  0.9598593
 1481.5 1483.7  0.2288019 75.1995773  0.9598534
 1483.7 1485.9  0.2286567 75.2485275  0.9598474
 1485.9 1488.1  0.2285115 75.2974777  0.9598414
 1488.1 1490.3  0.2283663 75.3464279  0.9598355
 1490.3 1492.5  0.2282211 75.3953781  0.9598295
 1492.5 1494.8  0.2280759 75.4443283  0.9598235
 1494.8 1497.0  0.2279241 75.4955063  0.9598173
 1497.0 1499.3  0.2277789 75.5444565  0.9598114
 1499.3 1501.5  0.2276271 75.5956345  0.9598052
 1501.5 1503.8  0.2274917 75.6415787  0.9597972
 1503.8 1506.0  0.2273550 75.6881485  0.9597879
 1506.0 1508.3  0.2272242 75.7326889  0.9597790
 1508.3 1510.6  0.2270875 75.7792587  0.9597697
 1510.6 1512.9  0.2269508 75.8258286  0.9597603
 1512.9 1515.2  0.2268141 75.8723984  0.9597510
 1515.2 1517.5  0.2266774 75.9189606  0.9597417
 1517.5 1519.8  0.2265406 75.9655304  0.9597324
 1519.8 1522.1  0.2264039 76.0121002  0.9597231
 1522.1 1524.4  0.2262672 76.0586700  0.9597138
 1524.4 1526.7  0.2261305 76.1052399  0.9597044
 1526.7 1529.1  0.2259938 76.1518021  0.9596951
 1529.1 1531.4  0.2258511 76.2004013  0.9596854
 1531.4 1533.7  0.2257144 76.2469711  0.9596760
 1533.7 1536.1  0.2255776 76.2935333  0.9596667
 1536.1 1538.5  0.2254350 76.3421326  0.9596570
 1538.5 1540.8  0.2252923 76.3907242  0.9596473
 1540.8 1543.2  0.2251556 76.4372940  0.9596379
 1543.2 1545.6  0.2250129 76.4858856  0.9596282
 1545.6 1548.0  0.2248703 76.5344772  0.9596185
 1548.0 1550.4  0.2247276 76.5830688  0.9596088
 1550.4 1552.8  0.2245875 76.6308823  0.9595986
 1552.8 1555.2  0.2244605 76.6747971  0.9595861
 1555.2 1557.6  0.2243334 76.7187042  0.9595736
 1557.6 1560.1  0.2242063 76.7626190  0.9595612
 1560.1 1562.5  0.2240739 76.8083572  0.9595481
 1562.5 1564.9  0.2239469 76.8522720  0.9595357
 1564.9 1567.4  0.2238198 76.8961868  0.9595232
 1567.4 1569.9  0.2236874 76.9419250  0.9595101
 1569.9 1572.3  0.2235550 76.9876633  0.9594972
 1572.3 1574.8  0.2234280 77.0315781  0.9594847
 1574.8 1577.3  0.2232956 77.0773163  0.9594716
 1577.3 1579.8  0.2231632 77.1230621  0.9594586
 1579.8 1582.3  0.2230309 77.1688004  0.9594457
 1582.3 1584.8  0.2228985 77.2145462  0.9594327
 1584.8 1587.3  0.2227661 77.2602844  0.9594197
 1587.3 1589.8  0.2226337 77.3060226  0.9594066
 1589.8 1592.4  0.2225014 77.3517685  0.9593936
 1592.4 1594.9  0.2223637 77.3993378  0.9593801
 1594.9 1597.4  0.2222313 77.4450760  0.9593671
 1597.4 1600.0  0.2220990 77.4908218  0.9593541
 1600.0 1602.6  0.2219613 77.5383911  0.9593406
 1602.6 1605.1  0.2218405 77.5809097  0.9593242
 1605.1 1607.7  0.2217244 77.6217957  0.9593084
 1607.7 1610.3  0.2216037 77.6643143  0.9592921
 1610.3 1612.9  0.2214829 77.7068405  0.9592757
 1612.9 1615.5  0.2213621 77.7493591  0.9592593
 1615.5 1618.1  0.2212414 77.7918777  0.9592429
 1618.1 1620.7  0.2211206 77.8344040  0.9592266
 1620.7 1623.4  0.2209998 77.8769226  0.9592102
 1623.4 1626.0  0.2208744 77.9210815  0.9591932
 1626.0 1628.7  0.2207537 77.9636002  0.9591768
 1628.7 1631.3  0.2206282 78.0077591  0.9591599
 1631.3 1634.0  0.2205075 78.0502777  0.9591435
 1634.0 1636.7  0.2203821 78.0944366  0.9591265
 1636.7 1639.3  0.2202567 78.1385880  0.9591094
 1639.3 1642.0  0.2201359 78.1811142  0.9590931
 1642.0 1644.7  0.2200105 78.2252655  0.9590760
 1644.7 1647.4  0.2198851 78.2694244  0.9590591
 1647.4 1650.2  0.2197597 78.3135834  0.9590421
 1650.2 1652.9  0.2196309 78.3589706  0.9590241
 1652.9 1655.6  0.2195234 78.3976822  0.9590036
 1655.6 1658.4  0.2194158 78.4363937  0.9589829
 1658.4 1661.1  0.2193043 78.4765396  0.9589615
 1661.1 1663.9  0.2191968 78.5152512  0.9589409
 1663.9 1666.7  0.2190852 78.5554047  0.9589195
 1666.7 1669.4  0.2189737 78.5955505  0.9588982
 1669.4 1672.2  0.2188662 78.6342621  0.9588776
 1672.2 1675.0  0.2187546 78.6744080  0.9588562
 1675.0 1677.9  0.2186431 78.7145538  0.9588348
 1677.9 1680.7  0.2185276 78.7561340  0.9588127
 1680.7 1683.5  0.2184161 78.7962799  0.9587913
 1683.5 1686.3  0.2183045 78.8364258  0.9587699
 1686.3 1689.2  0.2181930 78.8765717  0.9587485
 1689.2 1692.0  0.2180775 78.9181519  0.9587263
 1692.0 1694.9  0.2179660 78.9582977  0.9587050
 1694.9 1697.8  0.2178504 78.9998856  0.9586828
 1697.8 1700.7  0.2177349 79.0414658  0.9586607
 1700.7 1703.6  0.2176305 79.0791550  0.9586397
 1703.6 1706.5  0.2175610 79.1046371  0.9586222
 1706.5 1709.4  0.2174915 79.1301117  0.9586046
 1709.4 1712.3  0.2174219 79.1555939  0.9585871
 1712.3 1715.3  0.2173524 79.1810684  0.9585695
 1715.3 1718.2  0.2172805 79.2074280  0.9585514
 1718.2 1721.2  0.2172110 79.2329102  0.9585339
 1721.2 1724.1  0.2171391 79.2592621  0.9585157
 1724.1 1727.1  0.2170695 79.2847443  0.9584982
 1727.1 1730.1  0.2169976 79.3111038  0.9584801
 1730.1 1733.1  0.2169257 79.3374557  0.9584619
 1733.1 1736.1  0.2168538 79.3638153  0.9584438
 1736.1 1739.1  0.2167818 79.3901749  0.9584256
 1739.1 1742.2  0.2167099 79.4165344  0.9584075
 1742.2 1745.2  0.2166356 79.4437637  0.9583887
 1745.2 1748.3  0.2165637 79.4701233  0.9583706
 1748.3 1751.3  0.2164893 79.4973602  0.9583519
 1751.3 1754.4  0.2164174 79.5237198  0.9583337
 1754.4 1757.5  0.2163406 79.5519638  0.9583133
 1757.5 1760.6  0.2162467 79.5870361  0.9582818
 1760.6 1763.7  0.2161529 79.6221161  0.9582502
 1763.7 1766.8  0.2160590 79.6571884  0.9582186
 1766.8 1769.9  0.2159652 79.6922607  0.9581871
 1769.9 1773.0  0.2158713 79.7273407  0.9581555
 1773.0 1776.2  0.2157843 79.7602005  0.9581218
 1776.2 1779.4  0.2156946 79.7940445  0.9580868
 1779.4 1782.5  0.2156050 79.8278961  0.9580520
 1782.5 1785.7  0.2155181 79.8606873  0.9580182
 1785.7 1788.9  0.2154285 79.8945312  0.9579833
 1788.9 1792.1  0.2153455 79.9261932  0.9579461
 1792.1 1795.3  0.2152632 79.9576263  0.9579087
 1795.3 1798.6  0.2151809 79.9890671  0.9578714
 1798.6 1801.8  0.2150960 80.0214844  0.9578329
 1801.8 1805.1  0.2150136 80.0529251  0.9577955
 1805.1 1808.3  0.2149339 80.0837479  0.9577531
 1808.3 1811.6  0.2148569 80.1135406  0.9577118
 1811.6 1814.9  0.2147775 80.1442566  0.9576692
 1814.9 1818.2  0.2146981 80.1749802  0.9576266
 1818.2 1821.5  0.2146193 80.2054825  0.9575838
 1821.5 1824.8  0.2145504 80.2325897  0.9575395
 1824.8 1828.2  0.2144814 80.2596893  0.9574952
 1828.2 1831.5  0.2144104 80.2876129  0.9574495
 1831.5 1834.9  0.2143414 80.3147125  0.9574052
 1834.9 1838.2  0.2142704 80.3426361  0.9573596
 1838.2 1841.6  0.2142096 80.3669891  0.9573121
 1841.6 1845.0  0.2141471 80.3919907  0.9572631
 1845.0 1848.4  0.2140847 80.4169922  0.9572142
 1848.4 1851.9  0.2140223 80.4419861  0.9571652
 1851.9 1855.3  0.2139580 80.4677277  0.9571148
 1855.3 1858.7  0.2139029 80.4903564  0.9570608
 1858.7 1862.2  0.2138480 80.5129166  0.9570066
 1862.2 1865.7  0.2137914 80.5361328  0.9569508
 1865.7 1869.2  0.2137349 80.5593567  0.9568950
 1869.2 1872.7  0.2136790 80.5823517  0.9568391
 1872.7 1876.2  0.2136336 80.6016464  0.9567809
 1876.2 1879.7  0.2135881 80.6209412  0.9567227
 1879.7 1883.2  0.2135427 80.6402359  0.9566645
 1883.2 1886.8  0.2134972 80.6595306  0.9566063
 1886.8 1890.4  0.2134505 80.6793823  0.9565464
 1890.4 1893.9  0.2134134 80.6958771  0.9564824
 1893.9 1897.5  0.2133779 80.7117310  0.9564199
 1897.5 1901.1  0.2133414 80.7280273  0.9563556
 1901.1 1904.8  0.2133049 80.7443314  0.9562913
 1904.8 1908.4  0.2132673 80.7610855  0.9562253
 1908.4 1912.0  0.2132402 80.7741852  0.9561546
 1912.0 1915.7  0.2132137 80.7870941  0.9560836
 1915.7 1919.4  0.2131864 80.8003540  0.9560106
 1919.4 1923.1  0.2131591 80.8136215  0.9559376
 1923.1 1926.8  0.2131322 80.8267746  0.9558645
 1926.8 1930.5  0.2131169 80.8357162  0.9557883
 1930.5 1934.2  0.2131017 80.8446655  0.9557120
 1934.2 1938.0  0.2130864 80.8536072  0.9556357
 1938.0 1941.7  0.2130707 80.8627930  0.9555573
 1941.7 1945.5  0.2130554 80.8717422  0.9554811
 1945.5 1949.3  0.2130508 80.8769913  0.9553974
 1949.3 1953.1  0.2130472 80.8818970  0.9553133
 1953.1 1956.9  0.2130436 80.8868103  0.9552292
 1956.9 1960.8  0.2130399 80.8917236  0.9551451
 1960.8 1964.6  0.2130362 80.8967590  0.9550587
 1964.6 1968.5  0.2130440 80.8976746  0.9549667
 1968.5 1972.4  0.2130527 80.8983917  0.9548718
 1972.4 1976.3  0.2130614 80.8991013  0.9547769
 1976.3 1980.2  0.2130701 80.8998108  0.9546820
 1980.2 1984.1  0.2130793 80.9003296  0.9545870
 1984.1 1988.1  0.2130982 80.8972855  0.9544888
 1988.1 1992.0  0.2131177 80.8941498  0.9543881
 1992.0 1996.0  0.2131367 80.8910980  0.9542900
 1996.0 2000.0  0.2131561 80.8879700  0.9541893
 2000.0 2004.0  0.2131756 80.8848419  0.9540886
 2004.0 2008.0  0.2132048 80.8783722  0.9539798
 2008.0 2012.1  0.2132339 80.8719025  0.9538710
 2012.1 2016.1  0.2132638 80.8652725  0.9537595
 2016.1 2020.2  0.2132930 80.8588028  0.9536507
 2020.2 2024.3  0.2133231 80.8520660  0.9535391
 2024.3 2028.4  0.2133590 80.8432236  0.9534253
 2028.4 2032.5  0.2133948 80.8343887  0.9533117
 2032.5 2036.7  0.2134307 80.8255539  0.9531980
 2036.7 2040.8  0.2134674 80.8165054  0.9530815
 2040.8 2045.0  0.2135033 80.8076630  0.9529678
 2045.0 2049.2  0.2135442 80.7971497  0.9528471
 2049.2 2053.4  0.2135854 80.7865601  0.9527261
 2053.4 2057.6  0.2136266 80.7759705  0.9526052
 2057.6 2061.9  0.2136678 80.7653732  0.9524843
 2061.9 2066.1  0.2137099 80.7545319  0.9523605
 2066.1 2070.4  0.2137538 80.7431183  0.9522330
 2070.4 2074.7  0.2137988 80.7314148  0.9521024
 2074.7 2079.0  0.2138438 80.7197113  0.9519717
 2079.0 2083.3  0.2138888 80.7080002  0.9518411
 2083.3 2087.7  0.2139338 80.6963272  0.9517102
 2087.7 2092.1  0.2139786 80.6848602  0.9515734
 2092.1 2096.4  0.2140235 80.6733856  0.9514365
 2096.4 2100.8  0.2140673 80.6621704  0.9513028
 2100.8 2105.3  0.2141122 80.6506958  0.9511660
 2105.3 2109.7  0.2141577 80.6390915  0.9510261
 2109.7 2114.2  0.2141972 80.6294937  0.9508899
 2114.2 2118.6  0.2142377 80.6196823  0.9507506
 2118.6 2123.1  0.2142772 80.6100845  0.9506145
 2123.1 2127.7  0.2143177 80.6002731  0.9504752
 2127.7 2132.2  0.2143590 80.5902405  0.9503328
 2132.2 2136.8  0.2143921 80.5831375  0.9501920
 2136.8 2141.3  0.2144255 80.5760803  0.9500480
 2141.3 2145.9  0.2144581 80.5691833  0.9499072
 2145.9 2150.5  0.2144914 80.5621262  0.9497632
 2150.5 2155.2  0.2145248 80.5550690  0.9496192
 2155.2 2159.8  0.2145487 80.5518951  0.9494628
 2159.8 2164.5  0.2145709 80.5492706  0.9493088
 2164.5 2169.2  0.2145936 80.5465851  0.9491513
 2169.2 2173.9  0.2146163 80.5438995  0.9489939
 2173.9 2178.6  0.2146390 80.5412064  0.9488364
 2178.6 2183.4  0.2146450 80.5439148  0.9486999
 2183.4 2188.2  0.2146508 80.5467911  0.9485609
 2188.2 2193.0  0.2146565 80.5496674  0.9484218
 2193.0 2197.8  0.2146623 80.5525513  0.9482828
 2197.8 2202.6  0.2146681 80.5554276  0.9481438
 2202.6 2207.5  0.2146616 80.5631790  0.9479938
 2207.5 2212.4  0.2146446 80.5753098  0.9478313
 2212.4 2217.3  0.2146275 80.5874329  0.9476687
 2217.3 2222.2  0.2146105 80.5995636  0.9475061
 2222.2 2227.2  0.2145924 80.6120529  0.9473439
 2227.2 2232.1  0.2145492 80.6335297  0.9471882
 2232.1 2237.1  0.2145070 80.6545868  0.9470357
 2237.1 2242.2  0.2144638 80.6760712  0.9468800
 2242.2 2247.2  0.2144198 80.6979828  0.9467213
 2247.2 2252.3  0.2143754 80.7199173  0.9465659
 2252.3 2257.3  0.2142994 80.7533722  0.9464144
 2257.3 2262.4  0.2142249 80.7861786  0.9462659
 2262.4 2267.6  0.2141489 80.8196335  0.9461144
 2267.6 2272.7  0.2140714 80.8537521  0.9459600
 2272.7 2277.9  0.2139954 80.8872070  0.9458085
 2277.9 2283.1  0.2138778 80.9360046  0.9456568
 2283.1 2288.3  0.2137579 80.9857025  0.9455054
 2288.3 2293.6  0.2136379 81.0354004  0.9453539
 2293.6 2298.9  0.2135156 81.0860596  0.9451995
 2298.9 2304.1  0.2133933 81.1367111  0.9450451
 2304.1 2309.5  0.2132306 81.2018433  0.9449036
 2309.5 2314.8  0.2130608 81.2697906  0.9447568
 2314.8 2320.2  0.2128941 81.3364868  0.9446128
 2320.2 2325.6  0.2127242 81.4044342  0.9444661
 2325.6 2331.0  0.2125544 81.4723816  0.9443192
 2331.0 2336.4  0.2123291 81.5605774  0.9441789
 2336.4 2341.9  0.2120995 81.6503906  0.9440391
 2341.9 2347.4  0.2118655 81.7418671  0.9438967
 2347.4 2352.9  0.2116316 81.8333435  0.9437543
 2352.9 2358.5  0.2113977 81.9248199  0.9436119
 2358.5 2364.1  0.2110966 82.0408401  0.9434789
 2364.1 2369.7  0.2107944 82.1572800  0.9433461
 2369.7 2375.3  0.2104921 82.2737198  0.9432134
 2375.3 2381.0  0.2101899 82.3901596  0.9430806
 2381.0 2386.6  0.2098823 82.5086746  0.9429455
 2386.6 2392.3  0.2095335 82.6422577  0.9428300
 2392.3 2398.1  0.2091784 82.7782288  0.9427124
 2398.1 2403.8  0.2088171 82.9165802  0.9425927
 2403.8 2409.6  0.2084620 83.0525436  0.9424752
 2409.6 2415.5  0.2081007 83.1909027  0.9423555
 2415.5 2421.3  0.2077056 83.3426743  0.9422511
 2421.3 2427.2  0.2073152 83.4926758  0.9421497
 2427.2 2433.1  0.2069181 83.6452560  0.9420465
 2433.1 2439.0  0.2065210 83.7978439  0.9419433
 2439.0 2445.0  0.2061239 83.9504242  0.9418402
 2445.0 2451.0  0.2057383 84.1007462  0.9417614
 2451.0 2457.0  0.2053526 84.2510681  0.9416826
 2457.0 2463.1  0.2049670 84.4013824  0.9416037
 2463.1 2469.1  0.2045749 84.5542145  0.9415236
 2469.1 2475.2  0.2041903 84.7041931  0.9414454
 2475.2 2481.4  0.2038623 84.8364105  0.9413977
 2481.4 2487.6  0.2035289 84.9707947  0.9413493
 2487.6 2493.8  0.2031954 85.1051788  0.9413009
 2493.8 2500.0  0.2028620 85.2395630  0.9412525
 2500.0 2506.3  0.2025286 85.3739471  0.9412041
 2506.3 2512.6  0.2023086 85.4707031  0.9411947
 2512.6 2518.9  0.2020886 85.5674667  0.9411854
 2518.9 2525.3  0.2018686 85.6642227  0.9411761
 2525.3 2531.6  0.2016452 85.7625198  0.9411666
 2531.6 2538.1  0.2014252 85.8592758  0.9411572
 2538.1 2544.5  0.2013600 85.9051285  0.9411928
 2544.5 2551.0  0.2013063 85.9467926  0.9412308
 2551.0 2557.5  0.2012517 85.9891129  0.9412694
 2557.5 2564.1  0.2011972 86.0314255  0.9413080
 2564.1 2570.7  0.2011455 86.0731430  0.9413480
 2570.7 2577.3  0.2013357 86.0334473  0.9414462
 2577.3 2584.0  0.2015259 85.9937592  0.9415445
 2584.0 2590.7  0.2017190 85.9534607  0.9416443
 2590.7 2597.4  0.2019120 85.9131622  0.9417440
 2597.4 2604.2  0.2021229 85.8668289  0.9418474
 2604.2 2611.0  0.2026220 85.7231598  0.9420112
 2611.0 2617.8  0.2031210 85.5794907  0.9421750
 2617.8 2624.7  0.2036200 85.4358215  0.9423388
 2624.7 2631.6  0.2041264 85.2900467  0.9425049
 2631.6 2638.5  0.2046328 85.1442566  0.9426711
 2638.5 2645.5  0.2054971 84.8852081  0.9429029
 2645.5 2652.5  0.2063962 84.6153336  0.9431421
 2652.5 2659.6  0.2072954 84.3454514  0.9433812
 2659.6 2666.7  0.2082075 84.0717163  0.9436238
 2666.7 2673.8  0.2091195 83.7979889  0.9438664
 2673.8 2681.0  0.2104165 83.4180603  0.9441604
 2681.0 2688.2  0.2117491 83.0280380  0.9444608
 2688.2 2695.4  0.2130816 82.6380157  0.9447613
 2695.4 2702.7  0.2144142 82.2479858  0.9450617
 2702.7 2710.0  0.2157653 81.8525391  0.9453663
 2710.0 2717.4  0.2175296 81.3628082  0.9457048
 2717.4 2724.8  0.2193360 80.8622818  0.9460493
 2724.8 2732.2  0.2211425 80.3617325  0.9463939
 2732.2 2739.7  0.2229490 79.8612061  0.9467385
 2739.7 2747.3  0.2247798 79.3539047  0.9470878
 2747.3 2754.8  0.2270861 78.7582932  0.9474554
 2754.8 2762.4  0.2293803 78.1672211  0.9478188
 2762.4 2770.1  0.2317051 77.5682755  0.9481871
 2770.1 2777.8  0.2340605 76.9614258  0.9485601
 2777.8 2785.5  0.2364158 76.3545914  0.9489332
 2785.5 2793.3  0.2392579 75.6824188  0.9492967
 2793.3 2801.1  0.2421501 74.9997330  0.9496647
 2801.1 2809.0  0.2450423 74.3170547  0.9500327
 2809.0 2816.9  0.2479716 73.6256332  0.9504054
 2816.9 2824.9  0.2509008 72.9342117  0.9507781
 2824.9 2832.9  0.2544579 72.1764297  0.9511217
 2832.9 2840.9  0.2580225 71.4179230  0.9514648
 2840.9 2849.0  0.2615871 70.6594086  0.9518080
 2849.0 2857.1  0.2651962 69.8914108  0.9521555
 2857.1 2865.3  0.2688115 69.1233139  0.9525020
 2865.3 2873.6  0.2729650 68.3382950  0.9527767
 2873.6 2881.8  0.2771692 67.5436935  0.9530548
 2881.8 2890.2  0.2813227 66.7586823  0.9533295
 2890.2 2898.6  0.2855774 65.9545212  0.9536109
 2898.6 2907.0  0.2898323 65.1503372  0.9538923
 2907.0 2915.5  0.2948173 64.3254013  0.9540785
 2915.5 2924.0  0.2998986 63.4895821  0.9542621
 2924.0 2932.6  0.3049800 62.6537628  0.9544457
 2932.6 2941.2  0.3101211 61.8081017  0.9546314
 2941.2 2949.9  0.3152752 60.9631348  0.9548143
 2949.9 2958.6  0.3210456 60.1368256  0.9548777
 2958.6 2967.4  0.3268161 59.3104973  0.9549410
 2967.4 2976.2  0.3326527 58.4747086  0.9550052
 2976.2 2985.1  0.3384894 57.6388931  0.9550692
 2985.1 2994.0  0.3443991 56.7938614  0.9551328
 2994.0 3003.0  0.3508801 55.9741707  0.9550841
 3003.0 3012.0  0.3574341 55.1452599  0.9550348
 3012.0 3021.1  0.3639880 54.3163528  0.9549855
 3021.1 3030.3  0.3706149 53.4782219  0.9549357
 3030.3 3039.5  0.3773223 52.6327972  0.9548824
 3039.5 3048.8  0.3842654 51.8437576  0.9547426
 3048.8 3058.1  0.3912839 51.0461311  0.9546013
 3058.1 3067.5  0.3983025 50.2485046  0.9544600
 3067.5 3076.9  0.4053964 49.4423141  0.9543172
 3076.9 3086.4  0.4124903 48.6361237  0.9541743
 3086.4 3096.0  0.4198348 47.8798027  0.9539639
 3096.0 3105.6  0.4272586 47.1161385  0.9537505
 3105.6 3115.3  0.4346823 46.3524780  0.9535371
 3115.3 3125.0  0.4421833 45.5808716  0.9533215
 3125.0 3134.8  0.4496842 44.8092651  0.9531059
 3134.8 3144.7  0.4569615 44.1297798  0.9528593
 3144.7 3154.6  0.4643130 43.4433670  0.9526101
 3154.6 3164.6  0.4716646 42.7569427  0.9523610
 3164.6 3174.6  0.4790904 42.0635910  0.9521093
 3174.6 3184.7  0.4865162 41.3702431  0.9518577
 3184.7 3194.9  0.4936090 40.7713776  0.9516038
 3194.9 3205.1  0.5007552 40.1707993  0.9513474
 3205.1 3215.4  0.5079015 39.5702095  0.9510909
 3215.4 3225.8  0.5151176 38.9637527  0.9508319
 3225.8 3236.2  0.5223528 38.3606720  0.9505728
 3236.2 3246.8  0.5289733 37.8690262  0.9503416
 3246.8 3257.3  0.5357212 37.3679123  0.9501060
 3257.3 3268.0  0.5424054 36.8715324  0.9498727
 3268.0 3278.7  0.5492169 36.3656998  0.9496348
 3278.7 3289.5  0.5557686 35.9002609  0.9494110
 3289.5 3300.3  0.5618854 35.5076103  0.9492119
 3300.3 3311.3  0.5680022 35.1149597  0.9490128
 3311.3 3322.3  0.5742322 34.7150383  0.9488100
 3322.3 3333.3  0.5804622 34.3151169  0.9486071
 3333.3 3344.5  0.5861542 33.9888763  0.9484310
 3344.5 3355.7  0.5917714 33.6811066  0.9482605
 3355.7 3367.0  0.5973887 33.3733368  0.9480900
 3367.0 3378.4  0.6030561 33.0628166  0.9479179
 3378.4 3389.8  0.6082327 32.7867088  0.9477623
 3389.8 3401.4  0.6121365 32.5980263  0.9476491
 3401.4 3413.0  0.6161087 32.4060402  0.9475339
 3413.0 3424.7  0.6200810 32.2140503  0.9474187
 3424.7 3436.4  0.6240875 32.0204086  0.9473025
 3436.4 3448.3  0.6349662 31.5769367  0.9469953
 3448.3 3460.2  0.6462150 31.1191902  0.9466777
 3460.2 3472.2  0.6511281 30.9207973  0.9465345
 3472.2 3484.3  0.6550176 30.7643204  0.9464195
 3484.3 3496.5  0.6589397 30.6065407  0.9463034
 3496.5 3508.8  0.6628940 30.4474564  0.9461865
 3508.8 3521.1  0.6668808 30.2870693  0.9460685
 3521.1 3533.6  0.6708677 30.1266804  0.9459506
 3533.6 3546.1  0.6749194 29.9636841  0.9458308
 3546.1 3558.7  0.6789710 29.8006897  0.9457109
 3558.7 3571.4  0.6824574 29.6554146  0.9456020
 3571.4 3584.2  0.6857014 29.5175819  0.9454976
 3584.2 3597.1  0.6889710 29.3786640  0.9453923
 3597.1 3610.1  0.6922662 29.2386589  0.9452863
 3610.1 3623.2  0.6955869 29.0975685  0.9451793
 3623.2 3636.4  0.6989331 28.9553967  0.9450716
 3636.4 3649.6  0.7023048 28.8121376  0.9449631
 3649.6 3663.0  0.7056766 28.6688766  0.9448546
 3663.0 3676.5  0.7085738 28.5410042  0.9447626
 3676.5 3690.0  0.7114764 28.4127235  0.9446706
 3690.0 3703.7  0.7143789 28.2844410  0.9445785
 3703.7 3717.5  0.7173244 28.1542587  0.9444850
 3717.5 3731.3  0.7202915 28.0231266  0.9443909
 3731.3 3745.3  0.7232586 27.8919945  0.9442968
 3745.3 3759.4  0.7262686 27.7589607  0.9442013
 3759.4 3773.6  0.7291691 27.6349239  0.9441205
 3773.6 3787.9  0.7320241 27.5150146  0.9440470
 3787.9 3802.3  0.7348993 27.3942623  0.9439729
 3802.3 3816.8  0.7377946 27.2726650  0.9438983
 3816.8 3831.4  0.7407099 27.1502228  0.9438232
 3831.4 3846.2  0.7436454 27.0269375  0.9437476
 3846.2 3861.0  0.7466211 26.9019623  0.9436709
 3861.0 3876.0  0.7495974 26.7863007  0.9436125
 3876.0 3891.1  0.7526142 26.6723404  0.9435596
 3891.1 3906.2  0.7556512 26.5576172  0.9435064
 3906.2 3921.6  0.7586880 26.4428978  0.9434532
 3921.6 3937.0  0.7617853 26.3258972  0.9433990
 3937.0 3952.6  0.7648826 26.2088966  0.9433447
 3952.6 3968.3  0.7680146 26.0922661  0.9432933
 3968.3 3984.1  0.7711390 25.9843979  0.9432593
 3984.1 4000.0  0.7742833 25.8758430  0.9432251
 4000.0 4016.1  0.7774475 25.7666016  0.9431907
 4016.1 4032.3  0.7806515 25.6559849  0.9431559
 4032.3 4048.6  0.7838754 25.5446815  0.9431208
 4048.6 4065.0  0.7871192 25.4326916  0.9430856
 4065.0 4081.6  0.7902499 25.3297844  0.9430651
 4081.6 4098.4  0.7934064 25.2265434  0.9430457
 4098.4 4115.2  0.7966008 25.1220608  0.9430261
 4115.2 4132.2  0.7997953 25.0175762  0.9430066
 4132.2 4149.4  0.8030277 24.9118481  0.9429867
 4149.4 4166.7  0.8062982 24.8048801  0.9429667
 4166.7 4184.1  0.8093743 24.7072525  0.9429587
 4184.1 4201.7  0.8124604 24.6094246  0.9429511
 4201.7 4219.4  0.8155819 24.5104713  0.9429434
 4219.4 4237.3  0.8187212 24.4109592  0.9429356
 4237.3 4255.3  0.8218960 24.3103199  0.9429278
 4255.3 4273.5  0.8250114 24.2120914  0.9429228
 4273.5 4291.8  0.8279749 24.1199799  0.9429244
 4291.8 4310.3  0.8309546 24.0273647  0.9429261
 4310.3 4329.0  0.8339669 23.9337349  0.9429278
 4329.0 4347.8  0.8370118 23.8390923  0.9429296
 4347.8 4366.8  0.8400729 23.7439461  0.9429313
 4366.8 4386.0  0.8429035 23.6566925  0.9429392
 4386.0 4405.3  0.8457291 23.5696964  0.9429480
 4405.3 4424.8  0.8485694 23.4822502  0.9429569
 4424.8 4444.4  0.8514391 23.3938980  0.9429659
 4444.4 4464.3  0.8543236 23.3050900  0.9429749
 4464.3 4484.3  0.8570386 23.2217102  0.9429879
 4484.3 4504.5  0.8596830 23.1405830  0.9430023
 4504.5 4524.9  0.8623540 23.0586433  0.9430170
 4524.9 4545.5  0.8650513 22.9758949  0.9430318
 4545.5 4566.2  0.8677751 22.8923321  0.9430467
 4566.2 4587.2  0.8703030 22.8148861  0.9430650
 4587.2 4608.3  0.8728085 22.7381554  0.9430845
 4608.3 4629.6  0.8753259 22.6610603  0.9431041
 4629.6 4651.2  0.8778672 22.5832310  0.9431239
 4651.2 4672.9  0.8804310 22.5047169  0.9431441
 4672.9 4694.8  0.8827794 22.4327965  0.9431675
 4694.8 4717.0  0.8851494 22.3602161  0.9431911
 4717.0 4739.3  0.8875519 22.2866383  0.9432151
 4739.3 4761.9  0.8899652 22.2127304  0.9432392
 4761.9 4784.7  0.8922967 22.1412449  0.9432648
 4784.7 4807.7  0.8945450 22.0722275  0.9432918
 4807.7 4830.9  0.8968132 22.0026054  0.9433190
 4830.9 4854.4  0.8991009 21.9323788  0.9433465
 4854.4 4878.0  0.9013812 21.8623142  0.9433746
 4878.0 4902.0  0.9035096 21.7966290  0.9434040
 4902.0 4926.1  0.9056739 21.7298317  0.9434339
 4926.1 4950.5  0.9078473 21.6627541  0.9434639
 4950.5 4975.1  0.9100441 21.5949459  0.9434944
 4975.1 5000.0  0.9120778 21.5315933  0.9435255
 5000.0 5025.1  0.9141363 21.4674702  0.9435570
 5025.1 5050.5  0.9162114 21.4028301  0.9435888
 5050.5 5076.1  0.9183078 21.3375092  0.9436209
 5076.1 5102.0  0.9202494 21.2761555  0.9436529
 5102.0 5128.2  0.9222138 21.2140846  0.9436852
 5128.2 5154.6  0.9242010 21.1512928  0.9437179
 5154.6 5181.3  0.9261740 21.0887375  0.9437506
 5181.3 5208.3  0.9280291 21.0288868  0.9437822
 5208.3 5235.6  0.9299052 20.9683628  0.9438142
 5235.6 5263.2  0.9318021 20.9071655  0.9438466
 5263.2 5291.0  0.9336395 20.8470936  0.9438780
 5291.0 5319.1  0.9354019 20.7885609  0.9439081
 5319.1 5347.6  0.9371834 20.7293949  0.9439386
 5347.6 5376.3  0.9389901 20.6693859  0.9439694
 5376.3 5405.4  0.9406516 20.6121502  0.9439965
 5405.4 5434.8  0.9423217 20.5544128  0.9440235
 5434.8 5464.5  0.9440089 20.4960785  0.9440510
 5464.5 5494.5  0.9456247 20.4387531  0.9440757
 5494.5 5524.9  0.9471630 20.3825455  0.9440976
 5524.9 5555.6  0.9487219 20.3255882  0.9441199
 5555.6 5586.6  0.9502614 20.2686348  0.9441410
 5586.6 5618.0  0.9516588 20.2136936  0.9441560
 5618.0 5649.7  0.9530743 20.1580429  0.9441712
 5649.7 5681.8  0.9545034 20.1018620  0.9441867
 5681.8 5714.3  0.9557686 20.0477905  0.9441946
 5714.3 5747.1  0.9570480 19.9930706  0.9442025
 5747.1 5780.3  0.9583392 19.9378471  0.9442106
 5780.3 5814.0  0.9595012 19.8841705  0.9442126
 5814.0 5848.0  0.9606667 19.8299026  0.9442140
 5848.0 5882.4  0.9618427 19.7751522  0.9442154
 5882.4 5917.2  0.9629057 19.7216854  0.9442115
 5917.2 5952.4  0.9639732 19.6677170  0.9442073
 5952.4 5988.0  0.9650455 19.6132431  0.9442027
 5988.0 6024.1  0.9660251 19.5597267  0.9441937
 6024.1 6060.6  0.9670185 19.5054607  0.9441845
 6060.6 6097.6  0.9679964 19.4509869  0.9441742
 6097.6 6135.0  0.9689218 19.3967419  0.9441610
 6135.0 6172.8  0.9698573 19.3419113  0.9441476
 6172.8 6211.2  0.9707587 19.2871284  0.9441324
 6211.2 6250.0  0.9716451 19.2318993  0.9441159
 6250.0 6289.3  0.9725406 19.1760960  0.9440991
 6289.3 6329.1  0.9733920 19.1203365  0.9440801
 6329.1 6369.4  0.9742541 19.0638676  0.9440607
 6369.4 6410.3  0.9751087 19.0069141  0.9440406
 6410.3 6451.6  0.9759557 18.9493599  0.9440194
 6451.6 6493.5  0.9768103 18.8912487  0.9439980
 6493.5 6535.9  0.9776568 18.8324623  0.9439759
 6535.9 6578.9  0.9785134 18.7729740  0.9439536
 6578.9 6622.5  0.9793795 18.7125530  0.9439312
 6622.5 6666.7  0.9802565 18.6512413  0.9439086
 6666.7 6711.4  0.9811511 18.5889111  0.9438862
 6711.4 6756.8  0.9820651 18.5255795  0.9438645
 6756.8 6802.7  0.9829986 18.4611340  0.9438426
 6802.7 6849.3  0.9839715 18.3952713  0.9438227
 6849.3 6896.6  0.9849592 18.3284073  0.9438025
 6896.6 6944.4  0.9860050 18.2595043  0.9437850
 6944.4 6993.0  0.9870625 18.1898575  0.9437673
 6993.0 7042.3  0.9881684 18.1181583  0.9437518
 7042.3 7092.2  0.9892942 18.0453091  0.9437364
 7092.2 7142.9  0.9904484 17.9708633  0.9437230
 7142.9 7194.2  0.9916237 17.8950901  0.9437097
 7194.2 7246.4  0.9928123 17.8178158  0.9436982
 7246.4 7299.3  0.9940215 17.7390881  0.9436867
 7299.3 7352.9  0.9952282 17.6587677  0.9436768
 7352.9 7407.4  0.9964473 17.5773220  0.9436670
 7407.4 7462.7  0.9976481 17.4940739  0.9436585
 7462.7 7518.8  0.9987662 17.4095268  0.9436502
 7518.8 7575.8  0.9995590 17.3234921  0.9436428
 7575.8 7633.6  1.0000000 17.2359676  0.9436358
 7633.6 7692.3  1.0000000 17.1470814  0.9436293
 7692.3 7751.9  1.0000000 17.0567131  0.9436234
 7751.9 7812.5  1.0000000 16.9649181  0.9436176
 7812.5 7874.0  1.0000000 16.8715591  0.9436126
 7874.0 7936.5  1.0000000 16.7768421  0.9436077
 7936.5 8000.0  1.0000000 16.6806355  0.9436031
 8000.0 8064.5  1.0000000 16.5830460  0.9435988
 8064.5 8130.1  1.0000000 16.4840374  0.9435946
 8130.1 8196.7  1.0000000 16.3835983  0.9435906
 8196.7 8264.5  1.0000000 16.2819633  0.9435868
 8264.5 8333.3  1.0000000 16.1787796  0.9435830
 8333.3 8403.4  1.0000000 16.0745831  0.9435791
 8403.4 8474.6  1.0000000 15.9690638  0.9435752
 8474.6 8547.0  1.0000000 15.8620958  0.9435712
 8547.0 8620.7  1.0000000 15.7533226  0.9435672
 8620.7 8695.7  1.0000000 15.6425972  0.9435630
 8695.7 8771.9  1.0000000 15.5299187  0.9435588
 8771.9 8849.6  1.0000000 15.4154367  0.9435545
 8849.6 8928.6  1.0000000 15.2987032  0.9435502
 8928.6 9009.0  1.0000000 15.1800146  0.9435458
 9009.0 9090.9  1.0000000 15.0592232  0.9435413
 9090.9 9174.3  1.0000000 14.9361773  0.9435367
 9174.3 9259.3  1.0000000 14.8108797  0.9435320
 9259.3 9345.8  1.0000000 14.6831779  0.9435272
 9345.8 9434.0  1.0000000 14.5532217  0.9435224
 9434.0 9523.8  1.0000000 14.4207115  0.9435174
 9523.8 9615.4  1.0000000 14.2857981  0.9435124
 9615.4 9708.7  1.0000000 14.1481791  0.9435073
 9708.7 9803.9  1.0000000 14.0080070  0.9435021
 9803.9 9901.0  1.0000000 13.8649807  0.9434967
 9901.0 9911.0  1.0000000 13.7191000  0.9434913
