 1176.5 1177.9  0.3205200 34.5939941  0.9405468
 1177.9 1179.2  0.3203172 34.6228371  0.9405613
 1179.2 1180.6  0.3201288 34.6496162  0.9405748
 1180.6 1182.0  0.3199260 34.6784592  0.9405892
 1182.0 1183.4  0.3197231 34.7073021  0.9406038
 1183.4 1184.8  0.3195203 34.7361450  0.9406183
 1184.8 1186.2  0.3193174 34.7649879  0.9406328
 1186.2 1187.6  0.3191146 34.7938271  0.9406473
 1187.6 1189.1  0.3189118 34.8226700  0.9406618
 1189.1 1190.5  0.3186944 34.8535728  0.9406773
 1190.5 1191.9  0.3184916 34.8824158  0.9406919
 1191.9 1193.3  0.3182887 34.9112587  0.9407064
 1193.3 1194.7  0.3180859 34.9401016  0.9407209
 1194.7 1196.2  0.3178830 34.9689407  0.9407354
 1196.2 1197.6  0.3176657 34.9998436  0.9407510
 1197.6 1199.0  0.3174629 35.0286865  0.9407654
 1199.0 1200.5  0.3172600 35.0575294  0.9407799
 1200.5 1201.9  0.3170427 35.0884323  0.9407955
 1201.9 1203.4  0.3168398 35.1172752  0.9408100
 1203.4 1204.8  0.3166225 35.1481781  0.9408255
 1204.8 1206.3  0.3164197 35.1770210  0.9408401
 1206.3 1207.7  0.3162023 35.2079239  0.9408556
 1207.7 1209.2  0.3159995 35.2367630  0.9408701
 1209.2 1210.7  0.3157822 35.2676659  0.9408857
 1210.7 1212.1  0.3155648 35.2985687  0.9409012
 1212.1 1213.6  0.3153620 35.3274117  0.9409157
 1213.6 1215.1  0.3151446 35.3583107  0.9409313
 1215.1 1216.5  0.3149273 35.3892136  0.9409468
 1216.5 1218.0  0.3147244 35.4180565  0.9409613
 1218.0 1219.5  0.3145071 35.4489594  0.9409769
 1219.5 1221.0  0.3142898 35.4798622  0.9409924
 1221.0 1222.5  0.3140725 35.5107651  0.9410079
 1222.5 1224.0  0.3138551 35.5416679  0.9410235
 1224.0 1225.5  0.3136378 35.5725708  0.9410390
 1225.5 1227.0  0.3134204 35.6034737  0.9410546
 1227.0 1228.5  0.3132031 35.6343727  0.9410701
 1228.5 1230.0  0.3129858 35.6652756  0.9410856
 1230.0 1231.5  0.3127685 35.6961784  0.9411012
 1231.5 1233.0  0.3125511 35.7270813  0.9411168
 1233.0 1234.6  0.3123338 35.7579842  0.9411323
 1234.6 1236.1  0.3121020 35.7909470  0.9411489
 1236.1 1237.6  0.3118846 35.8218498  0.9411644
 1237.6 1239.2  0.3116673 35.8527489  0.9411799
 1239.2 1240.7  0.3114355 35.8857117  0.9411965
 1240.7 1242.2  0.3112181 35.9166145  0.9412121
 1242.2 1243.8  0.3110008 35.9475174  0.9412276
 1243.8 1245.3  0.3107690 35.9804802  0.9412442
 1245.3 1246.9  0.3105516 36.0113831  0.9412597
 1246.9 1248.4  0.3103198 36.0443459  0.9412763
 1248.4 1250.0  0.3101025 36.0752487  0.9412919
 1250.0 1251.6  0.3098707 36.1082115  0.9413084
 1251.6 1253.1  0.3096388 36.1411743  0.9413250
 1253.1 1254.7  0.3094215 36.1720734  0.9413406
 1254.7 1256.3  0.3091897 36.2050362  0.9413571
 1256.3 1257.9  0.3089578 36.2380028  0.9413737
 1257.9 1259.4  0.3087260 36.2709656  0.9413903
 1259.4 1261.0  0.3085087 36.3018646  0.9414058
 1261.0 1262.6  0.3082769 36.3348274  0.9414225
 1262.6 1264.2  0.3080451 36.3677902  0.9414390
 1264.2 1265.8  0.3078132 36.4007530  0.9414556
 1265.8 1267.4  0.3075814 36.4337158  0.9414722
 1267.4 1269.0  0.3073496 36.4666786  0.9414887
 1269.0 1270.6  0.3071178 36.4996414  0.9415053
 1270.6 1272.3  0.3068859 36.5326042  0.9415219
 1272.3 1273.9  0.3066396 36.5676270  0.9415395
 1273.9 1275.5  0.3064078 36.6005898  0.9415561
 1275.5 1277.1  0.3061760 36.6335526  0.9415727
 1277.1 1278.8  0.3059442 36.6665115  0.9415893
 1278.8 1280.4  0.3056978 36.7015381  0.9416069
 1280.4 1282.1  0.3054660 36.7345009  0.9416234
 1282.1 1283.7  0.3052197 36.7695198  0.9416411
 1283.7 1285.3  0.3049879 36.8024826  0.9416577
 1285.3 1287.0  0.3047560 36.8354492  0.9416742
 1287.0 1288.7  0.3045098 36.8704681  0.9416919
 1288.7 1290.3  0.3042634 36.9054909  0.9417095
 1290.3 1292.0  0.3040316 36.9384575  0.9417261
 1292.0 1293.7  0.3037853 36.9734764  0.9417437
 1293.7 1295.3  0.3035390 37.0084991  0.9417613
 1295.3 1297.0  0.3033072 37.0414658  0.9417779
 1297.0 1298.7  0.3030609 37.0764847  0.9417955
 1298.7 1300.4  0.3028145 37.1115074  0.9418131
 1300.4 1302.1  0.3025869 37.1439209  0.9418277
 1302.1 1303.8  0.3024196 37.1678581  0.9418327
 1303.8 1305.5  0.3022524 37.1917953  0.9418375
 1305.5 1307.2  0.3020852 37.2157288  0.9418425
 1307.2 1308.9  0.3019180 37.2396660  0.9418474
 1308.9 1310.6  0.3017508 37.2636032  0.9418523
 1310.6 1312.3  0.3015836 37.2875366  0.9418572
 1312.3 1314.1  0.3014164 37.3114738  0.9418622
 1314.1 1315.8  0.3012393 37.3368149  0.9418674
 1315.8 1317.5  0.3010721 37.3607521  0.9418722
 1317.5 1319.3  0.3009049 37.3846893  0.9418772
 1319.3 1321.0  0.3007279 37.4100342  0.9418824
 1321.0 1322.8  0.3005607 37.4339676  0.9418873
 1322.8 1324.5  0.3003836 37.4593124  0.9418925
 1324.5 1326.3  0.3002164 37.4832497  0.9418974
 1326.3 1328.0  0.3000394 37.5085907  0.9419026
 1328.0 1329.8  0.2998722 37.5325279  0.9419075
 1329.8 1331.6  0.2996951 37.5578728  0.9419127
 1331.6 1333.3  0.2995181 37.5832138  0.9419180
 1333.3 1335.1  0.2993509 37.6071510  0.9419228
 1335.1 1336.9  0.2991738 37.6324959  0.9419280
 1336.9 1338.7  0.2989968 37.6578407  0.9419333
 1338.7 1340.5  0.2988198 37.6831818  0.9419385
 1340.5 1342.3  0.2986427 37.7085266  0.9419436
 1342.3 1344.1  0.2984656 37.7338715  0.9419489
 1344.1 1345.9  0.2982886 37.7592125  0.9419541
 1345.9 1347.7  0.2981116 37.7845573  0.9419593
 1347.7 1349.5  0.2979345 37.8099022  0.9419644
 1349.5 1351.4  0.2977575 37.8352470  0.9419697
 1351.4 1353.2  0.2975819 37.8604584  0.9419711
 1353.2 1355.0  0.2974195 37.8838196  0.9419712
 1355.0 1356.9  0.2972571 37.9071846  0.9419712
 1356.9 1358.7  0.2970856 37.9318466  0.9419712
 1358.7 1360.5  0.2969232 37.9552116  0.9419713
 1360.5 1362.4  0.2967607 37.9785767  0.9419713
 1362.4 1364.3  0.2965892 38.0032387  0.9419714
 1364.3 1366.1  0.2964177 38.0279007  0.9419714
 1366.1 1368.0  0.2962553 38.0512619  0.9419714
 1368.0 1369.9  0.2960838 38.0759277  0.9419714
 1369.9 1371.7  0.2959124 38.1005898  0.9419715
 1371.7 1373.6  0.2957499 38.1239510  0.9419715
 1373.6 1375.5  0.2955784 38.1486130  0.9419715
 1375.5 1377.4  0.2954070 38.1732750  0.9419716
 1377.4 1379.3  0.2952355 38.1979370  0.9419716
 1379.3 1381.2  0.2950640 38.2226028  0.9419717
 1381.2 1383.1  0.2948926 38.2472610  0.9419717
 1383.1 1385.0  0.2947211 38.2719231  0.9419717
 1385.0 1387.0  0.2945496 38.2965851  0.9419718
 1387.0 1388.9  0.2943691 38.3225479  0.9419718
 1388.9 1390.8  0.2941976 38.3472099  0.9419718
 1390.8 1392.8  0.2940262 38.3718719  0.9419718
 1392.8 1394.7  0.2938457 38.3978310  0.9419719
 1394.7 1396.6  0.2936742 38.4224930  0.9419719
 1396.6 1398.6  0.2935027 38.4471550  0.9419720
 1398.6 1400.6  0.2933223 38.4731140  0.9419720
 1400.6 1402.5  0.2931464 38.4984398  0.9419705
 1402.5 1404.5  0.2929897 38.5210991  0.9419656
 1404.5 1406.5  0.2928247 38.5449448  0.9419606
 1406.5 1408.5  0.2926598 38.5687943  0.9419554
 1408.5 1410.4  0.2924948 38.5926437  0.9419504
 1410.4 1412.4  0.2923381 38.6152992  0.9419455
 1412.4 1414.4  0.2921731 38.6391487  0.9419404
 1414.4 1416.4  0.2920081 38.6629944  0.9419353
 1416.4 1418.4  0.2918432 38.6868439  0.9419302
 1418.4 1420.5  0.2916782 38.7106934  0.9419251
 1420.5 1422.5  0.2915050 38.7357330  0.9419197
 1422.5 1424.5  0.2913400 38.7595825  0.9419147
 1424.5 1426.5  0.2911750 38.7834320  0.9419096
 1426.5 1428.6  0.2910101 38.8072777  0.9419045
 1428.6 1430.6  0.2908369 38.8323212  0.9418991
 1430.6 1432.7  0.2906719 38.8561668  0.9418941
 1432.7 1434.7  0.2904987 38.8812065  0.9418887
 1434.7 1436.8  0.2903337 38.9050560  0.9418836
 1436.8 1438.8  0.2901605 38.9300995  0.9418782
 1438.8 1440.9  0.2899955 38.9539490  0.9418731
 1440.9 1443.0  0.2898223 38.9789886  0.9418678
 1443.0 1445.1  0.2896491 39.0040283  0.9418624
 1445.1 1447.2  0.2894759 39.0290680  0.9418571
 1447.2 1449.3  0.2893027 39.0541077  0.9418517
 1449.3 1451.4  0.2891294 39.0791512  0.9418464
 1451.4 1453.5  0.2889667 39.1027641  0.9418378
 1453.5 1455.6  0.2888092 39.1256638  0.9418277
 1455.6 1457.7  0.2886516 39.1485634  0.9418176
 1457.7 1459.9  0.2884941 39.1714592  0.9418074
 1459.9 1462.0  0.2883291 39.1954498  0.9417968
 1462.0 1464.1  0.2881716 39.2183495  0.9417868
 1464.1 1466.3  0.2880141 39.2412491  0.9417766
 1466.3 1468.4  0.2878490 39.2652397  0.9417660
 1468.4 1470.6  0.2876915 39.2881355  0.9417559
 1470.6 1472.8  0.2875265 39.3121262  0.9417453
 1472.8 1474.9  0.2873615 39.3361168  0.9417347
 1474.9 1477.1  0.2872040 39.3590164  0.9417246
 1477.1 1479.3  0.2870390 39.3830032  0.9417140
 1479.3 1481.5  0.2868739 39.4069939  0.9417034
 1481.5 1483.7  0.2867089 39.4309845  0.9416928
 1483.7 1485.9  0.2865439 39.4549713  0.9416822
 1485.9 1488.1  0.2863789 39.4789619  0.9416716
 1488.1 1490.3  0.2862138 39.5029526  0.9416609
 1490.3 1492.5  0.2860488 39.5269432  0.9416503
 1492.5 1494.8  0.2858838 39.5509300  0.9416397
 1494.8 1497.0  0.2857113 39.5760117  0.9416286
 1497.0 1499.3  0.2855462 39.5999985  0.9416181
 1499.3 1501.5  0.2853737 39.6250801  0.9416070
 1501.5 1503.8  0.2852196 39.6475830  0.9415933
 1503.8 1506.0  0.2850637 39.6703796  0.9415777
 1506.0 1508.3  0.2849146 39.6921844  0.9415627
 1508.3 1510.6  0.2847588 39.7149849  0.9415470
 1510.6 1512.9  0.2846029 39.7377815  0.9415313
 1512.9 1515.2  0.2844471 39.7605782  0.9415156
 1515.2 1517.5  0.2842912 39.7833748  0.9414999
 1517.5 1519.8  0.2841354 39.8061714  0.9414842
 1519.8 1522.1  0.2839795 39.8289719  0.9414685
 1522.1 1524.4  0.2838237 39.8517685  0.9414528
 1524.4 1526.7  0.2836678 39.8745651  0.9414371
 1526.7 1529.1  0.2835120 39.8973618  0.9414214
 1529.1 1531.4  0.2833493 39.9211502  0.9414051
 1531.4 1533.7  0.2831935 39.9439507  0.9413893
 1533.7 1536.1  0.2830376 39.9667473  0.9413736
 1536.1 1538.5  0.2828750 39.9905357  0.9413573
 1538.5 1540.8  0.2827124 40.0143242  0.9413409
 1540.8 1543.2  0.2825565 40.0371208  0.9413252
 1543.2 1545.6  0.2823939 40.0609093  0.9413088
 1545.6 1548.0  0.2822312 40.0846977  0.9412925
 1548.0 1550.4  0.2820686 40.1084862  0.9412761
 1550.4 1552.8  0.2819088 40.1318855  0.9412590
 1552.8 1555.2  0.2817632 40.1533432  0.9412384
 1555.2 1557.6  0.2816175 40.1747971  0.9412178
 1557.6 1560.1  0.2814719 40.1962547  0.9411973
 1560.1 1562.5  0.2813202 40.2186012  0.9411758
 1562.5 1564.9  0.2811745 40.2400589  0.9411553
 1564.9 1567.4  0.2810288 40.2615166  0.9411346
 1567.4 1569.9  0.2808771 40.2838631  0.9411132
 1569.9 1572.3  0.2807254 40.3062134  0.9410918
 1572.3 1574.8  0.2805797 40.3276711  0.9410712
 1574.8 1577.3  0.2804280 40.3500175  0.9410498
 1577.3 1579.8  0.2802763 40.3723679  0.9410284
 1579.8 1582.3  0.2801246 40.3947182  0.9410069
 1582.3 1584.8  0.2799729 40.4170685  0.9409854
 1584.8 1587.3  0.2798212 40.4394188  0.9409640
 1587.3 1589.8  0.2796694 40.4617653  0.9409426
 1589.8 1592.4  0.2795177 40.4841156  0.9409211
 1592.4 1594.9  0.2793599 40.5073586  0.9408988
 1594.9 1597.4  0.2792082 40.5297089  0.9408774
 1597.4 1600.0  0.2790565 40.5520592  0.9408560
 1600.0 1602.6  0.2788987 40.5753021  0.9408337
 1602.6 1605.1  0.2787592 40.5960236  0.9408070
 1605.1 1607.7  0.2786251 40.6159477  0.9407814
 1607.7 1610.3  0.2784857 40.6366653  0.9407548
 1610.3 1612.9  0.2783462 40.6573868  0.9407281
 1612.9 1615.5  0.2782068 40.6781082  0.9407015
 1615.5 1618.1  0.2780673 40.6988297  0.9406748
 1618.1 1620.7  0.2779278 40.7195511  0.9406482
 1620.7 1623.4  0.2777884 40.7402725  0.9406215
 1623.4 1626.0  0.2776436 40.7617874  0.9405938
 1626.0 1628.7  0.2775041 40.7825089  0.9405672
 1628.7 1631.3  0.2773593 40.8040276  0.9405395
 1631.3 1634.0  0.2772198 40.8247490  0.9405129
 1634.0 1636.7  0.2770750 40.8462639  0.9404852
 1636.7 1639.3  0.2769302 40.8677826  0.9404575
 1639.3 1642.0  0.2767907 40.8885040  0.9404309
 1642.0 1644.7  0.2766459 40.9100227  0.9404032
 1644.7 1647.4  0.2765011 40.9315376  0.9403755
 1647.4 1650.2  0.2763563 40.9530563  0.9403479
 1650.2 1652.9  0.2762075 40.9751701  0.9403188
 1652.9 1655.6  0.2760824 40.9939919  0.9402857
 1655.6 1658.4  0.2759573 41.0128098  0.9402527
 1658.4 1661.1  0.2758276 41.0323296  0.9402184
 1661.1 1663.9  0.2757024 41.0511475  0.9401853
 1663.9 1666.7  0.2755727 41.0706673  0.9401510
 1666.7 1669.4  0.2754429 41.0901833  0.9401168
 1669.4 1672.2  0.2753178 41.1090012  0.9400837
 1672.2 1675.0  0.2751881 41.1285210  0.9400495
 1675.0 1677.9  0.2750583 41.1480370  0.9400152
 1677.9 1680.7  0.2749239 41.1682510  0.9399797
 1680.7 1683.5  0.2747942 41.1877670  0.9399454
 1683.5 1686.3  0.2746644 41.2072868  0.9399111
 1686.3 1689.2  0.2745346 41.2268028  0.9398769
 1689.2 1692.0  0.2744003 41.2470169  0.9398413
 1692.0 1694.9  0.2742705 41.2665329  0.9398071
 1694.9 1697.8  0.2741361 41.2867470  0.9397715
 1697.8 1700.7  0.2740017 41.3069611  0.9397361
 1700.7 1703.6  0.2738802 41.3252831  0.9397025
 1703.6 1706.5  0.2737989 41.3376541  0.9396747
 1706.5 1709.4  0.2737177 41.3500252  0.9396469
 1709.4 1712.3  0.2736365 41.3623962  0.9396191
 1712.3 1715.3  0.2735552 41.3747711  0.9395913
 1715.3 1718.2  0.2734712 41.3875694  0.9395626
 1718.2 1721.2  0.2733900 41.3999405  0.9395349
 1721.2 1724.1  0.2733060 41.4127388  0.9395062
 1724.1 1727.1  0.2732247 41.4251099  0.9394784
 1727.1 1730.1  0.2731407 41.4379082  0.9394497
 1730.1 1733.1  0.2730567 41.4507065  0.9394209
 1733.1 1736.1  0.2729726 41.4635048  0.9393922
 1736.1 1739.1  0.2728886 41.4763031  0.9393635
 1739.1 1742.2  0.2728046 41.4891014  0.9393348
 1742.2 1745.2  0.2727177 41.5023270  0.9393051
 1745.2 1748.3  0.2726337 41.5151253  0.9392764
 1748.3 1751.3  0.2725469 41.5283508  0.9392467
 1751.3 1754.4  0.2724628 41.5411491  0.9392180
 1754.4 1757.5  0.2723730 41.5548630  0.9391857
 1757.5 1760.6  0.2722631 41.5718880  0.9391364
 1760.6 1763.7  0.2721531 41.5889091  0.9390870
 1763.7 1766.8  0.2720432 41.6059341  0.9390377
 1766.8 1769.9  0.2719333 41.6229591  0.9389884
 1769.9 1773.0  0.2718233 41.6399841  0.9389390
 1773.0 1776.2  0.2717213 41.6559410  0.9388866
 1776.2 1779.4  0.2716163 41.6723747  0.9388325
 1779.4 1782.5  0.2715113 41.6888084  0.9387783
 1782.5 1785.7  0.2714096 41.7047272  0.9387258
 1785.7 1788.9  0.2713045 41.7211609  0.9386716
 1788.9 1792.1  0.2712073 41.7365417  0.9386142
 1792.1 1795.3  0.2711110 41.7518120  0.9385565
 1795.3 1798.6  0.2710145 41.7670822  0.9384988
 1798.6 1801.8  0.2709151 41.7828331  0.9384393
 1801.8 1805.1  0.2708187 41.7981033  0.9383816
 1805.1 1808.3  0.2707255 41.8130913  0.9383165
 1808.3 1811.6  0.2706355 41.8275795  0.9382531
 1811.6 1814.9  0.2705426 41.8425179  0.9381877
 1814.9 1818.2  0.2704498 41.8574562  0.9381223
 1818.2 1821.5  0.2703577 41.8722916  0.9380567
 1821.5 1824.8  0.2702773 41.8854904  0.9379892
 1824.8 1828.2  0.2701968 41.8986893  0.9379216
 1828.2 1831.5  0.2701140 41.9122849  0.9378520
 1831.5 1834.9  0.2700335 41.9254837  0.9377844
 1834.9 1838.2  0.2699507 41.9390831  0.9377148
 1838.2 1841.6  0.2698800 41.9509697  0.9376428
 1841.6 1845.0  0.2698075 41.9631729  0.9375684
 1845.0 1848.4  0.2697350 41.9753761  0.9374940
 1848.4 1851.9  0.2696625 41.9875832  0.9374197
 1851.9 1855.3  0.2695879 42.0001450  0.9373432
 1855.3 1858.7  0.2695244 42.0112267  0.9372616
 1858.7 1862.2  0.2694611 42.0222778  0.9371799
 1862.2 1865.7  0.2693960 42.0336533  0.9370958
 1865.7 1869.2  0.2693309 42.0450287  0.9370117
 1869.2 1872.7  0.2692665 42.0562935  0.9369274
 1872.7 1876.2  0.2692149 42.0657959  0.9368401
 1876.2 1879.7  0.2691632 42.0752983  0.9367529
 1879.7 1883.2  0.2691115 42.0847969  0.9366656
 1883.2 1886.8  0.2690598 42.0942993  0.9365783
 1886.8 1890.4  0.2690066 42.1040726  0.9364886
 1890.4 1893.9  0.2689654 42.1122627  0.9363930
 1893.9 1897.5  0.2689259 42.1201324  0.9362997
 1897.5 1901.1  0.2688853 42.1282272  0.9362038
 1901.1 1904.8  0.2688448 42.1363258  0.9361079
 1904.8 1908.4  0.2688031 42.1446457  0.9360093
 1908.4 1912.0  0.2687743 42.1512375  0.9359044
 1912.0 1915.7  0.2687462 42.1577454  0.9357991
 1915.7 1919.4  0.2687174 42.1644287  0.9356908
 1919.4 1923.1  0.2686886 42.1711159  0.9355824
 1923.1 1926.8  0.2686601 42.1777458  0.9354740
 1926.8 1930.5  0.2686461 42.1823845  0.9353613
 1930.5 1934.2  0.2686321 42.1870270  0.9352487
 1934.2 1938.0  0.2686180 42.1916656  0.9351360
 1938.0 1941.7  0.2686037 42.1964302  0.9350203
 1941.7 1945.5  0.2685896 42.2010689  0.9349076
 1945.5 1949.3  0.2685892 42.2039871  0.9347846
 1949.3 1953.1  0.2685900 42.2067451  0.9346610
 1953.1 1956.9  0.2685907 42.2094994  0.9345373
 1956.9 1960.8  0.2685915 42.2122574  0.9344136
 1960.8 1964.6  0.2685923 42.2150879  0.9342867
 1964.6 1968.5  0.2686076 42.2159843  0.9341520
 1968.5 1972.4  0.2686242 42.2168007  0.9340131
 1972.4 1976.3  0.2686407 42.2176170  0.9338741
 1976.3 1980.2  0.2686573 42.2184334  0.9337352
 1980.2 1984.1  0.2686745 42.2191582  0.9335961
 1984.1 1988.1  0.2687040 42.2182007  0.9334528
 1988.1 1992.0  0.2687342 42.2172165  0.9333060
 1992.0 1996.0  0.2687636 42.2162552  0.9331627
 1996.0 2000.0  0.2687938 42.2152710  0.9330159
 2000.0 2004.0  0.2688240 42.2142868  0.9328690
 2004.0 2008.0  0.2688666 42.2117538  0.9327106
 2008.0 2012.1  0.2689092 42.2092247  0.9325523
 2012.1 2016.1  0.2689529 42.2066307  0.9323899
 2016.1 2020.2  0.2689955 42.2040977  0.9322315
 2020.2 2024.3  0.2690395 42.2014542  0.9320691
 2024.3 2028.4  0.2690906 42.1978188  0.9319037
 2028.4 2032.5  0.2691418 42.1941833  0.9317384
 2032.5 2036.7  0.2691929 42.1905479  0.9315732
 2036.7 2040.8  0.2692453 42.1868248  0.9314038
 2040.8 2045.0  0.2692964 42.1831894  0.9312385
 2045.0 2049.2  0.2693542 42.1787910  0.9310632
 2049.2 2053.4  0.2694122 42.1743546  0.9308876
 2053.4 2057.6  0.2694702 42.1699181  0.9307120
 2057.6 2061.9  0.2695282 42.1654816  0.9305363
 2061.9 2066.1  0.2695876 42.1609421  0.9303566
 2066.1 2070.4  0.2696493 42.1561432  0.9301715
 2070.4 2074.7  0.2697126 42.1512222  0.9299818
 2074.7 2079.0  0.2697758 42.1463013  0.9297920
 2079.0 2083.3  0.2698391 42.1413803  0.9296023
 2083.3 2087.7  0.2699022 42.1364746  0.9294122
 2087.7 2092.1  0.2699655 42.1316910  0.9292134
 2092.1 2096.4  0.2700288 42.1269035  0.9290146
 2096.4 2100.8  0.2700907 42.1222267  0.9288204
 2100.8 2105.3  0.2701540 42.1174431  0.9286216
 2105.3 2109.7  0.2702183 42.1126060  0.9284183
 2109.7 2114.2  0.2702748 42.1087036  0.9282202
 2114.2 2118.6  0.2703327 42.1047134  0.9280177
 2118.6 2123.1  0.2703893 42.1008110  0.9278196
 2123.1 2127.7  0.2704472 42.0968208  0.9276170
 2127.7 2132.2  0.2705064 42.0927429  0.9274099
 2132.2 2136.8  0.2705551 42.0900421  0.9272048
 2136.8 2141.3  0.2706043 42.0873756  0.9269949
 2141.3 2145.9  0.2706525 42.0847702  0.9267896
 2145.9 2150.5  0.2707017 42.0821037  0.9265798
 2150.5 2155.2  0.2707509 42.0794373  0.9263699
 2155.2 2159.8  0.2707889 42.0786705  0.9261414
 2159.8 2164.5  0.2708247 42.0781517  0.9259163
 2164.5 2169.2  0.2708613 42.0776215  0.9256862
 2169.2 2173.9  0.2708979 42.0770874  0.9254561
 2173.9 2178.6  0.2709344 42.0765572  0.9252260
 2178.6 2183.4  0.2709491 42.0784798  0.9250258
 2183.4 2188.2  0.2709635 42.0804939  0.9248220
 2188.2 2193.0  0.2709780 42.0825119  0.9246181
 2193.0 2197.8  0.2709925 42.0845261  0.9244143
 2197.8 2202.6  0.2710069 42.0865440  0.9242105
 2202.6 2207.5  0.2710068 42.0909195  0.9239900
 2207.5 2212.4  0.2709940 42.0974274  0.9237505
 2212.4 2217.3  0.2709812 42.1039352  0.9235111
 2217.3 2222.2  0.2709684 42.1104469  0.9232716
 2222.2 2227.2  0.2709544 42.1171227  0.9230326
 2227.2 2232.1  0.2709087 42.1280327  0.9228022
 2232.1 2237.1  0.2708640 42.1387253  0.9225763
 2237.1 2242.2  0.2708184 42.1496353  0.9223458
 2242.2 2247.2  0.2707718 42.1607628  0.9221107
 2247.2 2252.3  0.2707246 42.1718864  0.9218805
 2252.3 2257.3  0.2706378 42.1884537  0.9216546
 2257.3 2262.4  0.2705527 42.2046928  0.9214332
 2262.4 2267.6  0.2704659 42.2212563  0.9212072
 2267.6 2272.7  0.2703773 42.2381439  0.9209769
 2272.7 2277.9  0.2702905 42.2547112  0.9207510
 2277.9 2283.1  0.2701519 42.2785454  0.9205229
 2283.1 2288.3  0.2700103 42.3028107  0.9202949
 2288.3 2293.6  0.2698687 42.3270721  0.9200670
 2293.6 2298.9  0.2697244 42.3517990  0.9198347
 2298.9 2304.1  0.2695800 42.3765297  0.9196024
 2304.1 2309.5  0.2693847 42.4080582  0.9193871
 2309.5 2314.8  0.2691807 42.4409485  0.9191638
 2314.8 2320.2  0.2689805 42.4732285  0.9189447
 2320.2 2325.6  0.2687765 42.5061188  0.9187214
 2325.6 2331.0  0.2685725 42.5390091  0.9184980
 2331.0 2336.4  0.2682992 42.5814667  0.9182816
 2336.4 2341.9  0.2680204 42.6246872  0.9180657
 2341.9 2347.4  0.2677364 42.6687088  0.9178458
 2347.4 2352.9  0.2674524 42.7127304  0.9176258
 2352.9 2358.5  0.2671683 42.7567520  0.9174059
 2358.5 2364.1  0.2668004 42.8123779  0.9171967
 2364.1 2369.7  0.2664311 42.8682022  0.9169878
 2369.7 2375.3  0.2660618 42.9240227  0.9167788
 2375.3 2381.0  0.2656924 42.9798431  0.9165699
 2381.0 2386.6  0.2653165 43.0366631  0.9163572
 2386.6 2392.3  0.2648894 43.1006241  0.9161710
 2392.3 2398.1  0.2644548 43.1657257  0.9159814
 2398.1 2403.8  0.2640125 43.2319679  0.9157884
 2403.8 2409.6  0.2635778 43.2970695  0.9155988
 2409.6 2415.5  0.2631355 43.3633156  0.9154059
 2415.5 2421.3  0.2626540 43.4361153  0.9152325
 2421.3 2427.2  0.2621784 43.5080681  0.9150638
 2427.2 2433.1  0.2616946 43.5812645  0.9148921
 2433.1 2439.0  0.2612107 43.6544609  0.9147205
 2439.0 2445.0  0.2607269 43.7276535  0.9145488
 2445.0 2451.0  0.2602630 43.8001671  0.9144111
 2451.0 2457.0  0.2597990 43.8726807  0.9142733
 2457.0 2463.1  0.2593351 43.9451981  0.9141355
 2463.1 2469.1  0.2588634 44.0189209  0.9139955
 2469.1 2475.2  0.2584009 44.0912857  0.9138585
 2475.2 2481.4  0.2580176 44.1558342  0.9137655
 2481.4 2487.6  0.2576279 44.2214394  0.9136711
 2487.6 2493.8  0.2572383 44.2870522  0.9135767
 2493.8 2500.0  0.2568486 44.3526573  0.9134822
 2500.0 2506.3  0.2564590 44.4182663  0.9133877
 2506.3 2512.6  0.2562225 44.4668770  0.9133510
 2512.6 2518.9  0.2559861 44.5154839  0.9133143
 2518.9 2525.3  0.2557496 44.5640907  0.9132776
 2525.3 2531.6  0.2555094 44.6134758  0.9132403
 2531.6 2538.1  0.2552729 44.6620827  0.9132035
 2538.1 2544.5  0.2552462 44.6877670  0.9132333
 2544.5 2551.0  0.2552340 44.7114716  0.9132671
 2551.0 2557.5  0.2552215 44.7355499  0.9133013
 2557.5 2564.1  0.2552091 44.7596283  0.9133356
 2564.1 2570.7  0.2552015 44.7835083  0.9133718
 2570.7 2577.3  0.2555166 44.7703209  0.9134960
 2577.3 2584.0  0.2558316 44.7571335  0.9136202
 2584.0 2590.7  0.2561515 44.7437477  0.9137463
 2590.7 2597.4  0.2564713 44.7303619  0.9138724
 2597.4 2604.2  0.2568147 44.7142029  0.9140042
 2604.2 2611.0  0.2575385 44.6534920  0.9142290
 2611.0 2617.8  0.2582623 44.5927811  0.9144539
 2617.8 2624.7  0.2589861 44.5320702  0.9146787
 2624.7 2631.6  0.2597206 44.4704666  0.9149069
 2631.6 2638.5  0.2604550 44.4088631  0.9151350
 2638.5 2645.5  0.2616548 44.2954407  0.9154640
 2645.5 2652.5  0.2629010 44.1771431  0.9158040
 2652.5 2659.6  0.2641472 44.0588417  0.9161441
 2659.6 2666.7  0.2654112 43.9388466  0.9164890
 2666.7 2673.8  0.2666752 43.8188591  0.9168339
 2673.8 2681.0  0.2684190 43.6500473  0.9172588
 2681.0 2688.2  0.2702088 43.4766769  0.9176933
 2688.2 2695.4  0.2719986 43.3033066  0.9181277
 2695.4 2702.7  0.2737883 43.1299362  0.9185621
 2702.7 2710.0  0.2756030 42.9541550  0.9190026
 2710.0 2717.4  0.2779086 42.7348061  0.9194965
 2717.4 2724.8  0.2802670 42.5105591  0.9199994
 2724.8 2732.2  0.2826256 42.2863083  0.9205024
 2732.2 2739.7  0.2849840 42.0620651  0.9210054
 2739.7 2747.3  0.2873744 41.8347893  0.9215151
 2747.3 2754.8  0.2903062 41.5664978  0.9220548
 2754.8 2762.4  0.2932202 41.3002014  0.9225884
 2762.4 2770.1  0.2961729 41.0303574  0.9231291
 2770.1 2777.8  0.2991646 40.7569504  0.9236769
 2777.8 2785.5  0.3021562 40.4835548  0.9242247
 2785.5 2793.3  0.3056703 40.1793175  0.9247602
 2793.3 2801.1  0.3092441 39.8702927  0.9253023
 2801.1 2809.0  0.3128179 39.5612679  0.9258444
 2809.0 2816.9  0.3164375 39.2482910  0.9263935
 2816.9 2824.9  0.3200571 38.9353104  0.9269425
 2824.9 2832.9  0.3243315 38.5907402  0.9274496
 2832.9 2840.9  0.3286137 38.2458191  0.9279561
 2840.9 2849.0  0.3328958 37.9009018  0.9284626
 2849.0 2857.1  0.3372315 37.5516663  0.9289755
 2857.1 2865.3  0.3415728 37.2023659  0.9294869
 2865.3 2873.6  0.3464229 36.8436890  0.9298921
 2873.6 2881.8  0.3513322 36.4806328  0.9303023
 2881.8 2890.2  0.3561822 36.1219559  0.9307075
 2890.2 2898.6  0.3611506 35.7545319  0.9311225
 2898.6 2907.0  0.3661191 35.3870964  0.9315376
 2907.0 2915.5  0.3717792 35.0081787  0.9318108
 2915.5 2924.0  0.3775417 34.6241608  0.9320800
 2924.0 2932.6  0.3833043 34.2401428  0.9323492
 2932.6 2941.2  0.3891347 33.8516045  0.9326216
 2941.2 2949.9  0.3949759 33.4633331  0.9328897
 2949.9 2958.6  0.4013500 33.0814552  0.9329792
 2958.6 2967.4  0.4077243 32.6995621  0.9330687
 2967.4 2976.2  0.4141715 32.3133011  0.9331592
 2976.2 2985.1  0.4206190 31.9270267  0.9332498
 2985.1 2994.0  0.4271451 31.5364685  0.9333394
 2994.0 3003.0  0.4341457 31.1555119  0.9332610
 3003.0 3012.0  0.4412250 30.7702732  0.9331817
 3012.0 3021.1  0.4483042 30.3850327  0.9331024
 3021.1 3030.3  0.4554623 29.9955082  0.9330223
 3030.3 3039.5  0.4627027 29.6025333  0.9329368
 3039.5 3048.8  0.4700583 29.2339916  0.9327220
 3048.8 3058.1  0.4774940 28.8614407  0.9325048
 3058.1 3067.5  0.4849296 28.4888897  0.9322877
 3067.5 3076.9  0.4924451 28.1123390  0.9320682
 3076.9 3086.4  0.4999606 27.7357864  0.9318487
 3086.4 3096.0  0.5075971 27.3809319  0.9315278
 3096.0 3105.6  0.5153146 27.0226154  0.9312024
 3105.6 3115.3  0.5230321 26.6642990  0.9308770
 3115.3 3125.0  0.5308299 26.3022556  0.9305482
 3125.0 3134.8  0.5386277 25.9402122  0.9302194
 3134.8 3144.7  0.5460438 25.6200809  0.9298439
 3144.7 3154.6  0.5535356 25.2966881  0.9294646
 3154.6 3164.6  0.5610275 24.9732876  0.9290853
 3164.6 3174.6  0.5685949 24.6466255  0.9287021
 3174.6 3184.7  0.5761624 24.3199635  0.9283189
 3184.7 3194.9  0.5832279 24.0367813  0.9279320
 3194.9 3205.1  0.5903395 23.7527390  0.9275411
 3205.1 3215.4  0.5974512 23.4686909  0.9271504
 3215.4 3225.8  0.6046324 23.1818676  0.9267557
 3225.8 3236.2  0.6118178 22.8965721  0.9263607
 3236.2 3246.8  0.6182147 22.6631298  0.9260069
 3246.8 3257.3  0.6247348 22.4251957  0.9256463
 3257.3 3268.0  0.6311933 22.1895065  0.9252892
 3268.0 3278.7  0.6377748 21.9493313  0.9249251
 3278.7 3289.5  0.6440382 21.7280102  0.9245820
 3289.5 3300.3  0.6497528 21.5406246  0.9242755
 3300.3 3311.3  0.6554674 21.3532391  0.9239689
 3311.3 3322.3  0.6612878 21.1623840  0.9236566
 3322.3 3333.3  0.6671082 20.9715271  0.9233444
 3333.3 3344.5  0.6722974 20.8150215  0.9230718
 3344.5 3355.7  0.6773720 20.6670456  0.9228073
 3355.7 3367.0  0.6824465 20.5190716  0.9225429
 3367.0 3378.4  0.6875664 20.3697739  0.9222761
 3378.4 3389.8  0.6922173 20.2368069  0.9220345
 3389.8 3401.4  0.6956584 20.1453743  0.9218580
 3401.4 3413.0  0.6991597 20.0523376  0.9216782
 3413.0 3424.7  0.7026611 19.9593010  0.9214986
 3424.7 3436.4  0.7061927 19.8654633  0.9213173
 3436.4 3448.3  0.7154567 19.6462994  0.9208341
 3448.3 3460.2  0.7250327 19.4200287  0.9203345
 3460.2 3472.2  0.7291830 19.3209324  0.9201089
 3472.2 3484.3  0.7324564 19.2423725  0.9199273
 3484.3 3496.5  0.7357571 19.1631584  0.9197443
 3496.5 3508.8  0.7390851 19.0832920  0.9195597
 3508.8 3521.1  0.7424403 19.0027676  0.9193736
 3521.1 3533.6  0.7457955 18.9222450  0.9191875
 3533.6 3546.1  0.7492054 18.8404121  0.9189984
 3546.1 3558.7  0.7526152 18.7585812  0.9188093
 3558.7 3571.4  0.7555272 18.6844425  0.9186368
 3571.4 3584.2  0.7582252 18.6134872  0.9184712
 3584.2 3597.1  0.7609444 18.5419731  0.9183042
 3597.1 3610.1  0.7636849 18.4699001  0.9181360
 3610.1 3623.2  0.7664467 18.3972683  0.9179664
 3623.2 3636.4  0.7692296 18.3240795  0.9177955
 3636.4 3649.6  0.7720338 18.2503319  0.9176234
 3649.6 3663.0  0.7748381 18.1765804  0.9174513
 3663.0 3676.5  0.7772169 18.1091366  0.9173034
 3676.5 3690.0  0.7795988 18.0414162  0.9171553
 3690.0 3703.7  0.7819809 17.9736977  0.9170073
 3703.7 3717.5  0.7843982 17.9049759  0.9168570
 3717.5 3731.3  0.7868332 17.8357506  0.9167057
 3731.3 3745.3  0.7892681 17.7665272  0.9165543
 3745.3 3759.4  0.7917384 17.6963005  0.9164007
 3759.4 3773.6  0.7940894 17.6296844  0.9162683
 3773.6 3787.9  0.7963883 17.5646687  0.9161460
 3787.9 3802.3  0.7987032 17.4991951  0.9160230
 3802.3 3816.8  0.8010345 17.4332619  0.9158990
 3816.8 3831.4  0.8033818 17.3668728  0.9157742
 3831.4 3846.2  0.8057454 17.3000259  0.9156486
 3846.2 3861.0  0.8081413 17.2322617  0.9155212
 3861.0 3876.0  0.8105054 17.1683903  0.9154199
 3876.0 3891.1  0.8128904 17.1050186  0.9153263
 3891.1 3906.2  0.8152913 17.0412235  0.9152321
 3906.2 3921.6  0.8176921 16.9774303  0.9151379
 3921.6 3937.0  0.8201407 16.9123688  0.9150419
 3937.0 3952.6  0.8225892 16.8473072  0.9149458
 3952.6 3968.3  0.8250597 16.7822552  0.9148537
 3968.3 3984.1  0.8274963 16.7210922  0.9147867
 3984.1 4000.0  0.8299485 16.6595383  0.9147193
 4000.0 4016.1  0.8324162 16.5975952  0.9146515
 4016.1 4032.3  0.8349149 16.5348721  0.9145828
 4032.3 4048.6  0.8374292 16.4717598  0.9145137
 4048.6 4065.0  0.8399590 16.4082565  0.9144441
 4065.0 4081.6  0.8423789 16.3491917  0.9143966
 4081.6 4098.4  0.8448164 16.2898617  0.9143505
 4098.4 4115.2  0.8472834 16.2298164  0.9143039
 4115.2 4132.2  0.8497504 16.1697693  0.9142573
 4132.2 4149.4  0.8522467 16.1090107  0.9142101
 4149.4 4166.7  0.8547724 16.0475349  0.9141624
 4166.7 4184.1  0.8571302 15.9906273  0.9141327
 4184.1 4201.7  0.8594949 15.9335690  0.9141034
 4201.7 4219.4  0.8618869 15.8758545  0.9140738
 4219.4 4237.3  0.8642924 15.8178129  0.9140440
 4237.3 4255.3  0.8667251 15.7591152  0.9140139
 4255.3 4273.5  0.8691078 15.7014303  0.9139878
 4273.5 4291.8  0.8713629 15.6463537  0.9139714
 4291.8 4310.3  0.8736302 15.5909758  0.9139548
 4310.3 4329.0  0.8759224 15.5349922  0.9139381
 4329.0 4347.8  0.8782394 15.4784031  0.9139212
 4347.8 4366.8  0.8805687 15.4215126  0.9139042
 4366.8 4386.0  0.8827103 15.3676367  0.9138956
 4386.0 4405.3  0.8848463 15.3136721  0.9138880
 4405.3 4424.8  0.8869935 15.2594280  0.9138804
 4424.8 4444.4  0.8891628 15.2046213  0.9138728
 4444.4 4464.3  0.8913434 15.1495333  0.9138650
 4464.3 4484.3  0.8933865 15.0962181  0.9138622
 4484.3 4504.5  0.8953726 15.0436649  0.9138615
 4504.5 4524.9  0.8973786 14.9905853  0.9138606
 4524.9 4545.5  0.8994045 14.9369802  0.9138598
 4545.5 4566.2  0.9014502 14.8828497  0.9138590
 4566.2 4587.2  0.9033393 14.8309622  0.9138626
 4587.2 4608.3  0.9052088 14.7790298  0.9138677
 4608.3 4629.6  0.9070873 14.7268515  0.9138727
 4629.6 4651.2  0.9089835 14.6741762  0.9138778
 4651.2 4672.9  0.9108959 14.6209173  0.9138832
 4672.9 4694.8  0.9126370 14.5701008  0.9138932
 4694.8 4717.0  0.9143941 14.5188150  0.9139032
 4717.0 4739.3  0.9161754 14.4668264  0.9139133
 4739.3 4761.9  0.9179646 14.4146042  0.9139235
 4761.9 4784.7  0.9196878 14.3630085  0.9139358
 4784.7 4807.7  0.9213445 14.3121614  0.9139500
 4807.7 4830.9  0.9230157 14.2608690  0.9139643
 4830.9 4854.4  0.9247015 14.2091312  0.9139788
 4854.4 4878.0  0.9263800 14.1571455  0.9139939
 4878.0 4902.0  0.9279393 14.1067753  0.9140114
 4902.0 4926.1  0.9295251 14.0555506  0.9140291
 4926.1 4950.5  0.9311174 14.0041132  0.9140470
 4950.5 4975.1  0.9327266 13.9520769  0.9140651
 4975.1 5000.0  0.9342089 13.9016085  0.9140852
 5000.0 5025.1  0.9357092 13.8505249  0.9141055
 5025.1 5050.5  0.9372216 13.7990303  0.9141260
 5050.5 5076.1  0.9387496 13.7469568  0.9141467
 5076.1 5102.0  0.9401584 13.6962900  0.9141684
 5102.0 5128.2  0.9415838 13.6450300  0.9141904
 5128.2 5154.6  0.9430256 13.5931749  0.9142126
 5154.6 5181.3  0.9444565 13.5412207  0.9142350
 5181.3 5208.3  0.9457979 13.4900932  0.9142575
 5208.3 5235.6  0.9471545 13.4383898  0.9142802
 5235.6 5263.2  0.9485262 13.3861122  0.9143031
 5263.2 5291.0  0.9498534 13.3340273  0.9143257
 5291.0 5319.1  0.9511248 13.2824087  0.9143476
 5319.1 5347.6  0.9524100 13.2302322  0.9143699
 5347.6 5376.3  0.9537135 13.1773138  0.9143925
 5376.3 5405.4  0.9549112 13.1254396  0.9144128
 5405.4 5434.8  0.9561150 13.0729733  0.9144332
 5434.8 5464.5  0.9573312 13.0199661  0.9144537
 5464.5 5494.5  0.9584966 12.9671593  0.9144726
 5494.5 5524.9  0.9596067 12.9146051  0.9144896
 5524.9 5555.6  0.9607317 12.8613501  0.9145067
 5555.6 5586.6  0.9618434 12.8078432  0.9145231
 5586.6 5618.0  0.9628555 12.7550535  0.9145352
 5618.0 5649.7  0.9638807 12.7015820  0.9145475
 5649.7 5681.8  0.9649158 12.6475992  0.9145599
 5681.8 5714.3  0.9658370 12.5943298  0.9145668
 5714.3 5747.1  0.9667685 12.5404091  0.9145738
 5747.1 5780.3  0.9677086 12.4859896  0.9145809
 5780.3 5814.0  0.9685593 12.4320107  0.9145834
 5814.0 5848.0  0.9694129 12.3773260  0.9145856
 5848.0 5882.4  0.9702742 12.3221540  0.9145879
 5882.4 5917.2  0.9710572 12.2672949  0.9145861
 5917.2 5952.4  0.9718438 12.2118559  0.9145840
 5952.4 5988.0  0.9726341 12.1558390  0.9145817
 5988.0 6024.1  0.9733604 12.0999746  0.9145759
 6024.1 6060.6  0.9740968 12.0433264  0.9145701
 6060.6 6097.6  0.9748229 11.9862480  0.9145634
 6097.6 6135.0  0.9755130 11.9288807  0.9145543
 6135.0 6172.8  0.9762106 11.8708935  0.9145452
 6172.8 6211.2  0.9768848 11.8126106  0.9145344
 6211.2 6250.0  0.9775491 11.7536192  0.9145225
 6250.0 6289.3  0.9782204 11.6940136  0.9145105
 6289.3 6329.1  0.9788613 11.6340408  0.9144963
 6329.1 6369.4  0.9795103 11.5733042  0.9144819
 6369.4 6410.3  0.9801545 11.5119314  0.9144667
 6410.3 6451.6  0.9807941 11.4497814  0.9144503
 6451.6 6493.5  0.9814394 11.3870268  0.9144337
 6493.5 6535.9  0.9820795 11.3234797  0.9144158
 6535.9 6578.9  0.9827272 11.2591743  0.9143978
 6578.9 6622.5  0.9833820 11.1939430  0.9143790
 6622.5 6666.7  0.9840451 11.1277952  0.9143596
 6666.7 6711.4  0.9847209 11.0606699  0.9143399
 6711.4 6756.8  0.9854106 10.9926748  0.9143199
 6756.8 6802.7  0.9861146 10.9235640  0.9142995
 6802.7 6849.3  0.9868461 10.8534021  0.9142790
 6849.3 6896.6  0.9875889 10.7821712  0.9142582
 6896.6 6944.4  0.9883720 10.7094440  0.9142374
 6944.4 6993.0  0.9891639 10.6359425  0.9142163
 6993.0 7042.3  0.9899897 10.5608664  0.9141947
 7042.3 7092.2  0.9908301 10.4846640  0.9141728
 7092.2 7142.9  0.9916900 10.4072952  0.9141495
 7142.9 7194.2  0.9925655 10.3286419  0.9141256
 7194.2 7246.4  0.9934496 10.2489014  0.9140996
 7246.4 7299.3  0.9943488 10.1677380  0.9140729
 7299.3 7352.9  0.9952455 10.0854120  0.9140427
 7352.9 7407.4  0.9961513 10.0019922  0.9140117
 7407.4 7462.7  0.9970434  9.9171991  0.9139758
 7462.7 7518.8  0.9979377  9.8311920  0.9139381
 7518.8 7575.8  0.9988082  9.7440510  0.9138952
 7575.8 7633.6  0.9994749  9.6556292  0.9138480
 7633.6 7692.3  0.9998839  9.5661135  0.9137961
 7692.3 7751.9  1.0000000  9.4754934  0.9137361
 7751.9 7812.5  1.0000000  9.3836145  0.9136720
 7812.5 7874.0  1.0000000  9.2907400  0.9135951
 7874.0 7936.5  1.0000000  9.1967745  0.9135109
 7936.5 8000.0  1.0000000  9.1017389  0.9134160
 8000.0 8064.5  1.0000000  9.0059395  0.9133047
 8064.5 8130.1  1.0000000  8.9091101  0.9131823
 8130.1 8196.7  1.0000000  8.8115797  0.9130396
 8196.7 8264.5  1.0000000  8.7136326  0.9128746
 8264.5 8333.3  1.0000000  8.6147861  0.9126905
 8333.3 8403.4  1.0000000  8.5159836  0.9124757
 8403.4 8474.6  1.0000000  8.4171028  0.9122241
 8474.6 8547.0  1.0000000  8.3172398  0.9119580
 8547.0 8620.7  1.0000000  8.2156925  0.9116874
 8620.7 8695.7  1.0000000  8.1123228  0.9114119
 8695.7 8771.9  1.0000000  8.0071287  0.9111317
 8771.9 8849.6  1.0000000  7.9002523  0.9108469
 8849.6 8928.6  1.0000000  7.7912731  0.9105565
 8928.6 9009.0  1.0000000  7.6804695  0.9102613
 9009.0 9090.9  1.0000000  7.5677013  0.9099608
 9090.9 9174.3  1.0000000  7.4528298  0.9096547
 9174.3 9259.3  1.0000000  7.3358555  0.9093430
 9259.3 9345.8  1.0000000  7.2166362  0.9090254
 9345.8 9434.0  1.0000000  7.0953131  0.9087021
 9434.0 9523.8  1.0000000  6.9716058  0.9083725
 9523.8 9615.4  1.0000000  6.8456545  0.9080369
 9615.4 9708.7  1.0000000  6.7171774  0.9076945
 9708.7 9803.9  1.0000000  6.5863171  0.9073459
 9803.9 9901.0  1.0000000  6.4527912  0.9069901
 9901.0 9911.0  1.0000000  6.3166018  0.9066272
