 1176.5 1177.9  0.0155649  0.2794480  0.0071651
 1177.9 1179.2  0.0155171  0.2791548  0.0071532
 1179.2 1180.6  0.0154727  0.2788826  0.0071420
 1180.6 1182.0  0.0154249  0.2785894  0.0071300
 1182.0 1183.4  0.0153771  0.2782961  0.0071180
 1183.4 1184.8  0.0153293  0.2780029  0.0071061
 1184.8 1186.2  0.0152815  0.2777097  0.0070941
 1186.2 1187.6  0.0152337  0.2774166  0.0070821
 1187.6 1189.1  0.0151859  0.2771233  0.0070701
 1189.1 1190.5  0.0151347  0.2768092  0.0070572
 1190.5 1191.9  0.0150869  0.2765160  0.0070453
 1191.9 1193.3  0.0150391  0.2762228  0.0070333
 1193.3 1194.7  0.0149913  0.2759296  0.0070213
 1194.7 1196.2  0.0149435  0.2756364  0.0070093
 1196.2 1197.6  0.0148923  0.2753223  0.0069964
 1197.6 1199.0  0.0148445  0.2750290  0.0069845
 1199.0 1200.5  0.0147967  0.2747358  0.0069725
 1200.5 1201.9  0.0147455  0.2744217  0.0069596
 1201.9 1203.4  0.0146977  0.2741285  0.0069476
 1203.4 1204.8  0.0146465  0.2738143  0.0069348
 1204.8 1206.3  0.0145987  0.2735211  0.0069228
 1206.3 1207.7  0.0145475  0.2732070  0.0069100
 1207.7 1209.2  0.0144997  0.2729138  0.0068980
 1209.2 1210.7  0.0144485  0.2725996  0.0068851
 1210.7 1212.1  0.0143973  0.2722855  0.0068723
 1212.1 1213.6  0.0143495  0.2719923  0.0068603
 1213.6 1215.1  0.0142983  0.2716781  0.0068475
 1215.1 1216.5  0.0142471  0.2713640  0.0068346
 1216.5 1218.0  0.0141993  0.2710708  0.0068226
 1218.0 1219.5  0.0141481  0.2707566  0.0068098
 1219.5 1221.0  0.0140969  0.2704425  0.0067969
 1221.0 1222.5  0.0140457  0.2701283  0.0067841
 1222.5 1224.0  0.0139945  0.2698142  0.0067712
 1224.0 1225.5  0.0139433  0.2695000  0.0067584
 1225.5 1227.0  0.0138921  0.2691859  0.0067456
 1227.0 1228.5  0.0138409  0.2688718  0.0067327
 1228.5 1230.0  0.0137897  0.2685576  0.0067199
 1230.0 1231.5  0.0137385  0.2682435  0.0067070
 1231.5 1233.0  0.0136873  0.2679293  0.0066942
 1233.0 1234.6  0.0136361  0.2676152  0.0066813
 1234.6 1236.1  0.0135814  0.2672801  0.0066676
 1236.1 1237.6  0.0135302  0.2669660  0.0066548
 1237.6 1239.2  0.0134790  0.2666518  0.0066419
 1239.2 1240.7  0.0134244  0.2663167  0.0066282
 1240.7 1242.2  0.0133732  0.2660026  0.0066154
 1242.2 1243.8  0.0133220  0.2656884  0.0066025
 1243.8 1245.3  0.0132674  0.2653533  0.0065888
 1245.3 1246.9  0.0132162  0.2650392  0.0065760
 1246.9 1248.4  0.0131615  0.2647041  0.0065623
 1248.4 1250.0  0.0131103  0.2643899  0.0065495
 1250.0 1251.6  0.0130557  0.2640549  0.0065358
 1251.6 1253.1  0.0130011  0.2637198  0.0065221
 1253.1 1254.7  0.0129499  0.2634056  0.0065092
 1254.7 1256.3  0.0128953  0.2630706  0.0064955
 1256.3 1257.9  0.0128406  0.2627354  0.0064818
 1257.9 1259.4  0.0127860  0.2624004  0.0064681
 1259.4 1261.0  0.0127348  0.2620862  0.0064553
 1261.0 1262.6  0.0126802  0.2617511  0.0064416
 1262.6 1264.2  0.0126256  0.2614160  0.0064279
 1264.2 1265.8  0.0125709  0.2610810  0.0064142
 1265.8 1267.4  0.0125163  0.2607458  0.0064005
 1267.4 1269.0  0.0124617  0.2604108  0.0063868
 1269.0 1270.6  0.0124071  0.2600757  0.0063731
 1270.6 1272.3  0.0123525  0.2597406  0.0063594
 1272.3 1273.9  0.0122944  0.2593845  0.0063448
 1273.9 1275.5  0.0122398  0.2590494  0.0063311
 1275.5 1277.1  0.0121852  0.2587144  0.0063174
 1277.1 1278.8  0.0121306  0.2583793  0.0063037
 1278.8 1280.4  0.0120725  0.2580232  0.0062891
 1280.4 1282.1  0.0120179  0.2576882  0.0062754
 1282.1 1283.7  0.0119599  0.2573321  0.0062609
 1283.7 1285.3  0.0119053  0.2569970  0.0062472
 1285.3 1287.0  0.0118506  0.2566619  0.0062335
 1287.0 1288.7  0.0117926  0.2563059  0.0062189
 1288.7 1290.3  0.0117346  0.2559499  0.0062044
 1290.3 1292.0  0.0116799  0.2556148  0.0061907
 1292.0 1293.7  0.0116219  0.2552588  0.0061761
 1293.7 1295.3  0.0115639  0.2549027  0.0061615
 1295.3 1297.0  0.0115092  0.2545676  0.0061478
 1297.0 1298.7  0.0114512  0.2542116  0.0061333
 1298.7 1300.4  0.0113932  0.2538556  0.0061187
 1300.4 1302.1  0.0113392  0.2535211  0.0061051
 1302.1 1303.8  0.0112985  0.2532565  0.0060946
 1303.8 1305.5  0.0112579  0.2529920  0.0060841
 1305.5 1307.2  0.0112172  0.2527275  0.0060736
 1307.2 1308.9  0.0111765  0.2524630  0.0060631
 1308.9 1310.6  0.0111358  0.2521984  0.0060526
 1310.6 1312.3  0.0110951  0.2519339  0.0060420
 1312.3 1314.1  0.0110544  0.2516693  0.0060315
 1314.1 1315.8  0.0110114  0.2513892  0.0060204
 1315.8 1317.5  0.0109707  0.2511247  0.0060099
 1317.5 1319.3  0.0109300  0.2508602  0.0059994
 1319.3 1321.0  0.0108869  0.2505801  0.0059882
 1321.0 1322.8  0.0108462  0.2503155  0.0059777
 1322.8 1324.5  0.0108031  0.2500354  0.0059666
 1324.5 1326.3  0.0107625  0.2497709  0.0059561
 1326.3 1328.0  0.0107194  0.2494908  0.0059450
 1328.0 1329.8  0.0106787  0.2492263  0.0059344
 1329.8 1331.6  0.0106356  0.2489462  0.0059233
 1331.6 1333.3  0.0105925  0.2486661  0.0059122
 1333.3 1335.1  0.0105519  0.2484016  0.0059017
 1335.1 1336.9  0.0105088  0.2481215  0.0058905
 1336.9 1338.7  0.0104657  0.2478414  0.0058794
 1338.7 1340.5  0.0104226  0.2475613  0.0058683
 1340.5 1342.3  0.0103796  0.2472812  0.0058571
 1342.3 1344.1  0.0103365  0.2470011  0.0058460
 1344.1 1345.9  0.0102934  0.2467210  0.0058349
 1345.9 1347.7  0.0102503  0.2464409  0.0058238
 1347.7 1349.5  0.0102072  0.2461608  0.0058126
 1349.5 1351.4  0.0101642  0.2458807  0.0058015
 1351.4 1353.2  0.0101210  0.2455895  0.0057901
 1353.2 1355.0  0.0100810  0.2453153  0.0057795
 1355.0 1356.9  0.0100409  0.2450409  0.0057689
 1356.9 1358.7  0.0099986  0.2447514  0.0057577
 1358.7 1360.5  0.0099586  0.2444771  0.0057471
 1360.5 1362.4  0.0099185  0.2442028  0.0057365
 1362.4 1364.3  0.0098762  0.2439132  0.0057253
 1364.3 1366.1  0.0098339  0.2436237  0.0057141
 1366.1 1368.0  0.0097939  0.2433494  0.0057035
 1368.0 1369.9  0.0097516  0.2430599  0.0056923
 1369.9 1371.7  0.0097093  0.2427703  0.0056811
 1371.7 1373.6  0.0096692  0.2424960  0.0056705
 1373.6 1375.5  0.0096270  0.2422065  0.0056593
 1375.5 1377.4  0.0095847  0.2419170  0.0056481
 1377.4 1379.3  0.0095424  0.2416274  0.0056368
 1379.3 1381.2  0.0095001  0.2413379  0.0056256
 1381.2 1383.1  0.0094578  0.2410483  0.0056144
 1383.1 1385.0  0.0094155  0.2407588  0.0056032
 1385.0 1387.0  0.0093732  0.2404692  0.0055920
 1387.0 1388.9  0.0093287  0.2401645  0.0055802
 1388.9 1390.8  0.0092864  0.2398749  0.0055690
 1390.8 1392.8  0.0092442  0.2395854  0.0055578
 1392.8 1394.7  0.0091996  0.2392806  0.0055461
 1394.7 1396.6  0.0091574  0.2389911  0.0055348
 1396.6 1398.6  0.0091151  0.2387015  0.0055236
 1398.6 1400.6  0.0090706  0.2383967  0.0055119
 1400.6 1402.5  0.0090271  0.2380937  0.0055002
 1402.5 1404.5  0.0089882  0.2378095  0.0054896
 1404.5 1406.5  0.0089473  0.2375104  0.0054784
 1406.5 1408.5  0.0089063  0.2372113  0.0054673
 1408.5 1410.4  0.0088654  0.2369121  0.0054561
 1410.4 1412.4  0.0088265  0.2366280  0.0054455
 1412.4 1414.4  0.0087856  0.2363289  0.0054343
 1414.4 1416.4  0.0087446  0.2360298  0.0054231
 1416.4 1418.4  0.0087037  0.2357306  0.0054119
 1418.4 1420.5  0.0086628  0.2354315  0.0054007
 1420.5 1422.5  0.0086198  0.2351175  0.0053890
 1422.5 1424.5  0.0085788  0.2348183  0.0053778
 1424.5 1426.5  0.0085379  0.2345192  0.0053666
 1426.5 1428.6  0.0084969  0.2342201  0.0053555
 1428.6 1430.6  0.0084540  0.2339060  0.0053437
 1430.6 1432.7  0.0084130  0.2336069  0.0053325
 1432.7 1434.7  0.0083700  0.2332929  0.0053208
 1434.7 1436.8  0.0083291  0.2329937  0.0053096
 1436.8 1438.8  0.0082861  0.2326797  0.0052979
 1438.8 1440.9  0.0082452  0.2323805  0.0052867
 1440.9 1443.0  0.0082022  0.2320665  0.0052750
 1443.0 1445.1  0.0081592  0.2317524  0.0052632
 1445.1 1447.2  0.0081162  0.2314383  0.0052515
 1447.2 1449.3  0.0080732  0.2311243  0.0052398
 1449.3 1451.4  0.0080302  0.2308102  0.0052280
 1451.4 1453.5  0.0079899  0.2304996  0.0052167
 1453.5 1455.6  0.0079509  0.2301907  0.0052057
 1455.6 1457.7  0.0079120  0.2298818  0.0051946
 1457.7 1459.9  0.0078730  0.2295729  0.0051836
 1459.9 1462.0  0.0078322  0.2292493  0.0051720
 1462.0 1464.1  0.0077932  0.2289404  0.0051609
 1464.1 1466.3  0.0077542  0.2286315  0.0051498
 1466.3 1468.4  0.0077134  0.2283079  0.0051383
 1468.4 1470.6  0.0076744  0.2279990  0.0051272
 1470.6 1472.8  0.0076336  0.2276754  0.0051156
 1472.8 1474.9  0.0075927  0.2273517  0.0051040
 1474.9 1477.1  0.0075538  0.2270429  0.0050930
 1477.1 1479.3  0.0075129  0.2267192  0.0050814
 1479.3 1481.5  0.0074721  0.2263956  0.0050698
 1481.5 1483.7  0.0074313  0.2260720  0.0050582
 1483.7 1485.9  0.0073904  0.2257484  0.0050466
 1485.9 1488.1  0.0073496  0.2254248  0.0050351
 1488.1 1490.3  0.0073088  0.2251012  0.0050235
 1490.3 1492.5  0.0072679  0.2247776  0.0050119
 1492.5 1494.8  0.0072271  0.2244540  0.0050003
 1494.8 1497.0  0.0071844  0.2241157  0.0049882
 1497.0 1499.3  0.0071436  0.2237921  0.0049766
 1499.3 1501.5  0.0071009  0.2234537  0.0049645
 1501.5 1503.8  0.0070631  0.2231333  0.0049534
 1503.8 1506.0  0.0070252  0.2227999  0.0049421
 1506.0 1508.3  0.0069889  0.2224810  0.0049313
 1508.3 1510.6  0.0069509  0.2221475  0.0049200
 1510.6 1512.9  0.0069129  0.2218141  0.0049086
 1512.9 1515.2  0.0068749  0.2214806  0.0048973
 1515.2 1517.5  0.0068370  0.2211472  0.0048860
 1517.5 1519.8  0.0067990  0.2208138  0.0048747
 1519.8 1522.1  0.0067610  0.2204803  0.0048634
 1522.1 1524.4  0.0067231  0.2201469  0.0048521
 1524.4 1526.7  0.0066851  0.2198134  0.0048408
 1526.7 1529.1  0.0066471  0.2194800  0.0048294
 1529.1 1531.4  0.0066075  0.2191321  0.0048176
 1531.4 1533.7  0.0065695  0.2187986  0.0048063
 1533.7 1536.1  0.0065316  0.2184652  0.0047950
 1536.1 1538.5  0.0064920  0.2181172  0.0047832
 1538.5 1540.8  0.0064523  0.2177693  0.0047714
 1540.8 1543.2  0.0064144  0.2174359  0.0047601
 1543.2 1545.6  0.0063748  0.2170879  0.0047483
 1545.6 1548.0  0.0063351  0.2167400  0.0047364
 1548.0 1550.4  0.0062955  0.2163920  0.0047246
 1550.4 1552.8  0.0062568  0.2160448  0.0047130
 1552.8 1555.2  0.0062224  0.2157012  0.0047021
 1555.2 1557.6  0.0061881  0.2153576  0.0046911
 1557.6 1560.1  0.0061538  0.2150139  0.0046802
 1560.1 1562.5  0.0061180  0.2146560  0.0046688
 1562.5 1564.9  0.0060837  0.2143123  0.0046579
 1564.9 1567.4  0.0060493  0.2139687  0.0046470
 1567.4 1569.9  0.0060136  0.2136107  0.0046356
 1569.9 1572.3  0.0059778  0.2132528  0.0046242
 1572.3 1574.8  0.0059435  0.2129091  0.0046133
 1574.8 1577.3  0.0059077  0.2125512  0.0046019
 1577.3 1579.8  0.0058719  0.2121932  0.0045905
 1579.8 1582.3  0.0058362  0.2118353  0.0045792
 1582.3 1584.8  0.0058004  0.2114773  0.0045678
 1584.8 1587.3  0.0057647  0.2111194  0.0045564
 1587.3 1589.8  0.0057289  0.2107614  0.0045450
 1589.8 1592.4  0.0056931  0.2104034  0.0045336
 1592.4 1594.9  0.0056559  0.2100312  0.0045218
 1594.9 1597.4  0.0056202  0.2096732  0.0045104
 1597.4 1600.0  0.0055844  0.2093153  0.0044990
 1600.0 1602.6  0.0055472  0.2089430  0.0044872
 1602.6 1605.1  0.0055159  0.2085751  0.0044763
 1605.1 1607.7  0.0054858  0.2082214  0.0044659
 1607.7 1610.3  0.0054545  0.2078535  0.0044551
 1610.3 1612.9  0.0054231  0.2074857  0.0044442
 1612.9 1615.5  0.0053918  0.2071178  0.0044334
 1615.5 1618.1  0.0053605  0.2067499  0.0044225
 1618.1 1620.7  0.0053292  0.2063821  0.0044117
 1620.7 1623.4  0.0052979  0.2060142  0.0044008
 1623.4 1626.0  0.0052654  0.2056322  0.0043895
 1626.0 1628.7  0.0052341  0.2052643  0.0043787
 1628.7 1631.3  0.0052015  0.2048823  0.0043674
 1631.3 1634.0  0.0051702  0.2045144  0.0043566
 1634.0 1636.7  0.0051377  0.2041324  0.0043453
 1636.7 1639.3  0.0051052  0.2037504  0.0043340
 1639.3 1642.0  0.0050739  0.2033825  0.0043232
 1642.0 1644.7  0.0050414  0.2030005  0.0043119
 1644.7 1647.4  0.0050088  0.2026185  0.0043006
 1647.4 1650.2  0.0049763  0.2022365  0.0042894
 1650.2 1652.9  0.0049430  0.2018407  0.0042777
 1652.9 1655.6  0.0049161  0.2014644  0.0042674
 1655.6 1658.4  0.0048892  0.2010881  0.0042571
 1658.4 1661.1  0.0048614  0.2006978  0.0042464
 1661.1 1663.9  0.0048345  0.2003215  0.0042361
 1663.9 1666.7  0.0048066  0.1999312  0.0042254
 1666.7 1669.4  0.0047787  0.1995409  0.0042147
 1669.4 1672.2  0.0047518  0.1991646  0.0042044
 1672.2 1675.0  0.0047239  0.1987743  0.0041937
 1675.0 1677.9  0.0046961  0.1983840  0.0041830
 1677.9 1680.7  0.0046672  0.1979798  0.0041719
 1680.7 1683.5  0.0046393  0.1975896  0.0041612
 1683.5 1686.3  0.0046114  0.1971993  0.0041505
 1686.3 1689.2  0.0045835  0.1968090  0.0041398
 1689.2 1692.0  0.0045546  0.1964048  0.0041287
 1692.0 1694.9  0.0045268  0.1960146  0.0041180
 1694.9 1697.8  0.0044979  0.1956103  0.0041069
 1697.8 1700.7  0.0044690  0.1952061  0.0040958
 1700.7 1703.6  0.0044430  0.1948336  0.0040857
 1703.6 1706.5  0.0044258  0.1945604  0.0040785
 1706.5 1709.4  0.0044087  0.1942872  0.0040714
 1709.4 1712.3  0.0043915  0.1940140  0.0040642
 1712.3 1715.3  0.0043744  0.1937408  0.0040571
 1715.3 1718.2  0.0043567  0.1934582  0.0040497
 1718.2 1721.2  0.0043395  0.1931850  0.0040425
 1721.2 1724.1  0.0043218  0.1929024  0.0040351
 1724.1 1727.1  0.0043046  0.1926292  0.0040280
 1727.1 1730.1  0.0042869  0.1923465  0.0040206
 1730.1 1733.1  0.0042692  0.1920639  0.0040132
 1733.1 1736.1  0.0042514  0.1917813  0.0040058
 1736.1 1739.1  0.0042337  0.1914987  0.0039984
 1739.1 1742.2  0.0042160  0.1912161  0.0039910
 1742.2 1745.2  0.0041977  0.1909240  0.0039834
 1745.2 1748.3  0.0041799  0.1906414  0.0039760
 1748.3 1751.3  0.0041616  0.1903494  0.0039683
 1751.3 1754.4  0.0041439  0.1900668  0.0039610
 1754.4 1757.5  0.0041249  0.1897583  0.0039529
 1757.5 1760.6  0.0041015  0.1893388  0.0039424
 1760.6 1763.7  0.0040782  0.1889193  0.0039318
 1763.7 1766.8  0.0040548  0.1884998  0.0039213
 1766.8 1769.9  0.0040315  0.1880803  0.0039107
 1769.9 1773.0  0.0040082  0.1876608  0.0039001
 1773.0 1776.2  0.0039862  0.1872449  0.0038898
 1776.2 1779.4  0.0039636  0.1868156  0.0038792
 1779.4 1782.5  0.0039410  0.1863863  0.0038685
 1782.5 1785.7  0.0039190  0.1859705  0.0038582
 1785.7 1788.9  0.0038964  0.1855412  0.0038476
 1788.9 1792.1  0.0038750  0.1851156  0.0038372
 1792.1 1795.3  0.0038538  0.1846904  0.0038268
 1795.3 1798.6  0.0038325  0.1842651  0.0038164
 1798.6 1801.8  0.0038106  0.1838265  0.0038057
 1801.8 1805.1  0.0037893  0.1834013  0.0037952
 1805.1 1808.3  0.0037680  0.1829543  0.0037844
 1808.3 1811.6  0.0037474  0.1825202  0.0037739
 1811.6 1814.9  0.0037262  0.1820726  0.0037631
 1814.9 1818.2  0.0037050  0.1816251  0.0037523
 1818.2 1821.5  0.0036838  0.1811786  0.0037415
 1821.5 1824.8  0.0036645  0.1807494  0.0037312
 1824.8 1828.2  0.0036451  0.1803202  0.0037210
 1828.2 1831.5  0.0036252  0.1798781  0.0037104
 1831.5 1834.9  0.0036058  0.1794489  0.0037002
 1834.9 1838.2  0.0035859  0.1790067  0.0036896
 1838.2 1841.6  0.0035676  0.1785827  0.0036795
 1841.6 1845.0  0.0035489  0.1781459  0.0036692
 1845.0 1848.4  0.0035301  0.1777092  0.0036588
 1848.4 1851.9  0.0035114  0.1772724  0.0036485
 1851.9 1855.3  0.0034921  0.1768228  0.0036378
 1855.3 1858.7  0.0034739  0.1763796  0.0036273
 1858.7 1862.2  0.0034557  0.1759361  0.0036169
 1862.2 1865.7  0.0034370  0.1754796  0.0036061
 1865.7 1869.2  0.0034183  0.1750231  0.0035954
 1869.2 1872.7  0.0033997  0.1745677  0.0035846
 1872.7 1876.2  0.0033826  0.1741308  0.0035744
 1876.2 1879.7  0.0033654  0.1736938  0.0035641
 1879.7 1883.2  0.0033483  0.1732569  0.0035539
 1883.2 1886.8  0.0033311  0.1728199  0.0035436
 1886.8 1890.4  0.0033135  0.1723705  0.0035331
 1890.4 1893.9  0.0032967  0.1719279  0.0035227
 1893.9 1897.5  0.0032805  0.1714980  0.0035126
 1897.5 1901.1  0.0032638  0.1710559  0.0035023
 1901.1 1904.8  0.0032471  0.1706137  0.0034919
 1904.8 1908.4  0.0032299  0.1701593  0.0034813
 1908.4 1912.0  0.0032136  0.1697131  0.0034708
 1912.0 1915.7  0.0031973  0.1692668  0.0034603
 1915.7 1919.4  0.0031805  0.1688080  0.0034496
 1919.4 1923.1  0.0031637  0.1683493  0.0034388
 1923.1 1926.8  0.0031470  0.1678911  0.0034280
 1926.8 1930.5  0.0031313  0.1674533  0.0034177
 1930.5 1934.2  0.0031157  0.1670156  0.0034074
 1934.2 1938.0  0.0031001  0.1665778  0.0033971
 1938.0 1941.7  0.0030840  0.1661282  0.0033865
 1941.7 1945.5  0.0030684  0.1656905  0.0033762
 1945.5 1949.3  0.0030529  0.1652497  0.0033658
 1949.3 1953.1  0.0030374  0.1648096  0.0033553
 1953.1 1956.9  0.0030220  0.1643695  0.0033448
 1956.9 1960.8  0.0030066  0.1639294  0.0033344
 1960.8 1964.6  0.0029907  0.1634778  0.0033237
 1964.6 1968.5  0.0029753  0.1630366  0.0033130
 1968.5 1972.4  0.0029596  0.1625837  0.0033021
 1972.4 1976.3  0.0029438  0.1621309  0.0032912
 1976.3 1980.2  0.0029281  0.1616780  0.0032803
 1980.2 1984.1  0.0029123  0.1612263  0.0032695
 1984.1 1988.1  0.0028974  0.1607956  0.0032590
 1988.1 1992.0  0.0028821  0.1603539  0.0032483
 1992.0 1996.0  0.0028672  0.1599232  0.0032378
 1996.0 2000.0  0.0028519  0.1594815  0.0032271
 2000.0 2004.0  0.0028366  0.1590397  0.0032164
 2004.0 2008.0  0.0028214  0.1585986  0.0032055
 2008.0 2012.1  0.0028062  0.1581576  0.0031947
 2012.1 2016.1  0.0027906  0.1577055  0.0031835
 2016.1 2020.2  0.0027753  0.1572644  0.0031727
 2020.2 2024.3  0.0027598  0.1568135  0.0031616
 2024.3 2028.4  0.0027450  0.1563842  0.0031509
 2028.4 2032.5  0.0027303  0.1559549  0.0031402
 2032.5 2036.7  0.0027155  0.1555256  0.0031295
 2036.7 2040.8  0.0027004  0.1550858  0.0031185
 2040.8 2045.0  0.0026856  0.1546565  0.0031078
 2045.0 2049.2  0.0026709  0.1542286  0.0030970
 2049.2 2053.4  0.0026562  0.1538014  0.0030863
 2053.4 2057.6  0.0026415  0.1533740  0.0030755
 2057.6 2061.9  0.0026268  0.1529467  0.0030647
 2061.9 2066.1  0.0026118  0.1525093  0.0030537
 2066.1 2070.4  0.0025971  0.1520849  0.0030428
 2070.4 2074.7  0.0025822  0.1516505  0.0030317
 2074.7 2079.0  0.0025673  0.1512160  0.0030206
 2079.0 2083.3  0.0025523  0.1507816  0.0030095
 2083.3 2087.7  0.0025374  0.1503482  0.0029984
 2087.7 2092.1  0.0025225  0.1499184  0.0029873
 2092.1 2096.4  0.0025076  0.1494886  0.0029762
 2096.4 2100.8  0.0024931  0.1490686  0.0029653
 2100.8 2105.3  0.0024782  0.1486388  0.0029541
 2105.3 2109.7  0.0024630  0.1482008  0.0029428
 2109.7 2114.2  0.0024489  0.1477950  0.0029321
 2114.2 2118.6  0.0024344  0.1473799  0.0029212
 2118.6 2123.1  0.0024203  0.1469741  0.0029106
 2123.1 2127.7  0.0024058  0.1465590  0.0028997
 2127.7 2132.2  0.0023911  0.1461348  0.0028885
 2132.2 2136.8  0.0023770  0.1457340  0.0028779
 2136.8 2141.3  0.0023626  0.1453253  0.0028670
 2141.3 2145.9  0.0023485  0.1449255  0.0028563
 2145.9 2150.5  0.0023341  0.1445169  0.0028455
 2150.5 2155.2  0.0023197  0.1441082  0.0028346
 2155.2 2159.8  0.0023045  0.1436828  0.0028231
 2159.8 2164.5  0.0022895  0.1432655  0.0028118
 2164.5 2169.2  0.0022743  0.1428391  0.0028003
 2169.2 2173.9  0.0022590  0.1424127  0.0027888
 2173.9 2178.6  0.0022437  0.1419864  0.0027772
 2178.6 2183.4  0.0022307  0.1416302  0.0027675
 2183.4 2188.2  0.0022176  0.1412681  0.0027575
 2188.2 2193.0  0.0022044  0.1409059  0.0027476
 2193.0 2197.8  0.0021911  0.1405437  0.0027376
 2197.8 2202.6  0.0021779  0.1401816  0.0027277
 2202.6 2207.5  0.0021638  0.1397996  0.0027171
 2207.5 2212.4  0.0021486  0.1393926  0.0027057
 2212.4 2217.3  0.0021334  0.1389855  0.0026943
 2217.3 2222.2  0.0021182  0.1385784  0.0026829
 2222.2 2227.2  0.0021030  0.1381729  0.0026716
 2227.2 2232.1  0.0020885  0.1377957  0.0026609
 2232.1 2237.1  0.0020742  0.1374260  0.0026503
 2237.1 2242.2  0.0020597  0.1370488  0.0026396
 2242.2 2247.2  0.0020449  0.1366640  0.0026287
 2247.2 2252.3  0.0020303  0.1362879  0.0026180
 2252.3 2257.3  0.0020161  0.1359318  0.0026077
 2257.3 2262.4  0.0020021  0.1355827  0.0025976
 2262.4 2267.6  0.0019878  0.1352266  0.0025872
 2267.6 2272.7  0.0019733  0.1348635  0.0025767
 2272.7 2277.9  0.0019590  0.1345074  0.0025664
 2277.9 2283.1  0.0019445  0.1341598  0.0025561
 2283.1 2288.3  0.0019299  0.1338131  0.0025459
 2288.3 2293.6  0.0019153  0.1334664  0.0025356
 2293.6 2298.9  0.0019004  0.1331130  0.0025252
 2298.9 2304.1  0.0018856  0.1327597  0.0025147
 2304.1 2309.5  0.0018715  0.1324425  0.0025051
 2309.5 2314.8  0.0018568  0.1321137  0.0024951
 2314.8 2320.2  0.0018424  0.1317910  0.0024853
 2320.2 2325.6  0.0018277  0.1314622  0.0024753
 2325.6 2331.0  0.0018131  0.1311335  0.0024653
 2331.0 2336.4  0.0017984  0.1308237  0.0024557
 2336.4 2341.9  0.0017836  0.1305154  0.0024461
 2341.9 2347.4  0.0017686  0.1302014  0.0024363
 2347.4 2352.9  0.0017536  0.1298874  0.0024265
 2352.9 2358.5  0.0017386  0.1295734  0.0024167
 2358.5 2364.1  0.0017234  0.1292808  0.0024073
 2364.1 2369.7  0.0017083  0.1289886  0.0023980
 2369.7 2375.3  0.0016932  0.1286964  0.0023886
 2375.3 2381.0  0.0016780  0.1284043  0.0023793
 2381.0 2386.6  0.0016626  0.1281069  0.0023698
 2386.6 2392.3  0.0016479  0.1278363  0.0023612
 2392.3 2398.1  0.0016330  0.1275609  0.0023525
 2398.1 2403.8  0.0016178  0.1272806  0.0023436
 2403.8 2409.6  0.0016029  0.1270052  0.0023349
 2409.6 2415.5  0.0015877  0.1267249  0.0023260
 2415.5 2421.3  0.0015726  0.1264291  0.0023175
 2421.3 2427.2  0.0015576  0.1261375  0.0023092
 2427.2 2433.1  0.0015425  0.1258409  0.0023007
 2433.1 2439.0  0.0015273  0.1255442  0.0022923
 2439.0 2445.0  0.0015121  0.1252476  0.0022838
 2445.0 2451.0  0.0014975  0.1249096  0.0022759
 2451.0 2457.0  0.0014829  0.1245715  0.0022681
 2457.0 2463.1  0.0014682  0.1242335  0.0022602
 2463.1 2469.1  0.0014534  0.1238898  0.0022522
 2469.1 2475.2  0.0014388  0.1235506  0.0022444
 2475.2 2481.4  0.0014251  0.1231368  0.0022372
 2481.4 2487.6  0.0014113  0.1227162  0.0022299
 2487.6 2493.8  0.0013974  0.1222955  0.0022226
 2493.8 2500.0  0.0013836  0.1218749  0.0022153
 2500.0 2506.3  0.0013697  0.1214543  0.0022080
 2506.3 2512.6  0.0013574  0.1209272  0.0022016
 2512.6 2518.9  0.0013452  0.1204001  0.0021951
 2518.9 2525.3  0.0013329  0.1198730  0.0021887
 2525.3 2531.6  0.0013204  0.1193375  0.0021821
 2531.6 2538.1  0.0013082  0.1188104  0.0021757
 2538.1 2544.5  0.0012973  0.1181148  0.0021699
 2544.5 2551.0  0.0012868  0.1174201  0.0021642
 2551.0 2557.5  0.0012760  0.1167146  0.0021584
 2557.5 2564.1  0.0012653  0.1160090  0.0021526
 2564.1 2570.7  0.0012545  0.1152894  0.0021467
 2570.7 2577.3  0.0012461  0.1143574  0.0021418
 2577.3 2584.0  0.0012378  0.1134253  0.0021369
 2584.0 2590.7  0.0012293  0.1124792  0.0021320
 2590.7 2597.4  0.0012208  0.1115331  0.0021270
 2597.4 2604.2  0.0012125  0.1105741  0.0021221
 2604.2 2611.0  0.0012073  0.1093949  0.0021182
 2611.0 2617.8  0.0012021  0.1082157  0.0021144
 2617.8 2624.7  0.0011969  0.1070366  0.0021105
 2624.7 2631.6  0.0011917  0.1058401  0.0021066
 2631.6 2638.5  0.0011864  0.1046435  0.0021027
 2638.5 2645.5  0.0011844  0.1031819  0.0020998
 2645.5 2652.5  0.0011826  0.1016825  0.0020969
 2652.5 2659.6  0.0011808  0.1001832  0.0020939
 2659.6 2666.7  0.0011789  0.0986623  0.0020910
 2666.7 2673.8  0.0011771  0.0971416  0.0020880
 2673.8 2681.0  0.0011785  0.0954126  0.0020859
 2681.0 2688.2  0.0011801  0.0936500  0.0020837
 2688.2 2695.4  0.0011817  0.0918874  0.0020815
 2695.4 2702.7  0.0011833  0.0901248  0.0020794
 2702.7 2710.0  0.0011849  0.0883378  0.0020772
 2710.0 2717.4  0.0011896  0.0864062  0.0020755
 2717.4 2724.8  0.0011945  0.0844420  0.0020739
 2724.8 2732.2  0.0011994  0.0824777  0.0020722
 2732.2 2739.7  0.0012043  0.0805134  0.0020705
 2739.7 2747.3  0.0012092  0.0785226  0.0020689
 2747.3 2754.8  0.0012171  0.0764332  0.0020673
 2754.8 2762.4  0.0012250  0.0743683  0.0020658
 2762.4 2770.1  0.0012330  0.0722760  0.0020643
 2770.1 2777.8  0.0012412  0.0701560  0.0020628
 2777.8 2785.5  0.0012493  0.0680360  0.0020612
 2785.5 2793.3  0.0012600  0.0659292  0.0020595
 2793.3 2801.1  0.0012708  0.0637953  0.0020578
 2801.1 2809.0  0.0012817  0.0616614  0.0020560
 2809.0 2816.9  0.0012927  0.0595002  0.0020543
 2816.9 2824.9  0.0013038  0.0573390  0.0020525
 2824.9 2832.9  0.0013174  0.0552403  0.0020501
 2832.9 2840.9  0.0013311  0.0531428  0.0020476
 2840.9 2849.0  0.0013448  0.0510453  0.0020452
 2849.0 2857.1  0.0013587  0.0489215  0.0020427
 2857.1 2865.3  0.0013726  0.0468012  0.0020402
 2865.3 2873.6  0.0013882  0.0449298  0.0020366
 2873.6 2881.8  0.0014040  0.0430355  0.0020329
 2881.8 2890.2  0.0014196  0.0411642  0.0020293
 2890.2 2898.6  0.0014356  0.0392471  0.0020257
 2898.6 2907.0  0.0014515  0.0373301  0.0020220
 2907.0 2915.5  0.0014694  0.0357166  0.0020165
 2915.5 2924.0  0.0014875  0.0340992  0.0020110
 2924.0 2932.6  0.0015056  0.0324818  0.0020054
 2932.6 2941.2  0.0015240  0.0308454  0.0019997
 2941.2 2949.9  0.0015423  0.0292193  0.0019940
 2949.9 2958.6  0.0015616  0.0280099  0.0019864
 2958.6 2967.4  0.0015809  0.0268005  0.0019788
 2967.4 2976.2  0.0016003  0.0255773  0.0019710
 2976.2 2985.1  0.0016198  0.0243540  0.0019633
 2985.1 2994.0  0.0016395  0.0231212  0.0019555
 2994.0 3003.0  0.0016597  0.0222790  0.0019458
 3003.0 3012.0  0.0016800  0.0214274  0.0019360
 3012.0 3021.1  0.0017004  0.0205757  0.0019262
 3021.1 3030.3  0.0017210  0.0197146  0.0019163
 3030.3 3039.5  0.0017417  0.0188553  0.0019062
 3039.5 3048.8  0.0017617  0.0183296  0.0018950
 3048.8 3058.1  0.0017818  0.0177982  0.0018836
 3058.1 3067.5  0.0018020  0.0172668  0.0018722
 3067.5 3076.9  0.0018223  0.0167297  0.0018606
 3076.9 3086.4  0.0018427  0.0161926  0.0018491
 3086.4 3096.0  0.0018618  0.0159057  0.0018365
 3096.0 3105.6  0.0018810  0.0156184  0.0018237
 3105.6 3115.3  0.0019003  0.0153312  0.0018109
 3115.3 3125.0  0.0019197  0.0150410  0.0017980
 3125.0 3134.8  0.0019392  0.0147508  0.0017851
 3134.8 3144.7  0.0019557  0.0146302  0.0017720
 3144.7 3154.6  0.0019723  0.0145084  0.0017587
 3154.6 3164.6  0.0019890  0.0143866  0.0017455
 3164.6 3174.6  0.0020058  0.0142636  0.0017321
 3174.6 3184.7  0.0020226  0.0141405  0.0017187
 3184.7 3194.9  0.0020357  0.0140807  0.0017055
 3194.9 3205.1  0.0020487  0.0140230  0.0016922
 3205.1 3215.4  0.0020616  0.0139652  0.0016789
 3215.4 3225.8  0.0020748  0.0139069  0.0016654
 3225.8 3236.2  0.0020876  0.0138463  0.0016519
 3236.2 3246.8  0.0020958  0.0137648  0.0016392
 3246.8 3257.3  0.0021040  0.0136817  0.0016262
 3257.3 3268.0  0.0021123  0.0135994  0.0016133
 3268.0 3278.7  0.0021206  0.0135155  0.0016002
 3278.7 3289.5  0.0021272  0.0134130  0.0015874
 3289.5 3300.3  0.0021303  0.0132739  0.0015752
 3300.3 3311.3  0.0021335  0.0131349  0.0015631
 3311.3 3322.3  0.0021367  0.0129933  0.0015507
 3322.3 3333.3  0.0021399  0.0128517  0.0015382
 3333.3 3344.5  0.0021396  0.0126813  0.0015265
 3344.5 3355.7  0.0021381  0.0124982  0.0015148
 3355.7 3367.0  0.0021366  0.0123152  0.0015031
 3367.0 3378.4  0.0021351  0.0121305  0.0014913
 3378.4 3389.8  0.0021330  0.0119545  0.0014804
 3389.8 3401.4  0.0021295  0.0118027  0.0014719
 3401.4 3413.0  0.0021259  0.0116482  0.0014633
 3413.0 3424.7  0.0021224  0.0114936  0.0014546
 3424.7 3436.4  0.0021188  0.0113378  0.0014459
 3436.4 3448.3  0.0020951  0.0108609  0.0014195
 3448.3 3460.2  0.0020705  0.0103672  0.0013922
 3460.2 3472.2  0.0020563  0.0101658  0.0013793
 3472.2 3484.3  0.0020437  0.0100118  0.0013688
 3484.3 3496.5  0.0020310  0.0098565  0.0013582
 3496.5 3508.8  0.0020181  0.0097000  0.0013474
 3508.8 3521.1  0.0020052  0.0095421  0.0013366
 3521.1 3533.6  0.0019923  0.0093843  0.0013258
 3533.6 3546.1  0.0019791  0.0092239  0.0013148
 3546.1 3558.7  0.0019660  0.0090634  0.0013038
 3558.7 3571.4  0.0019509  0.0089522  0.0012932
 3571.4 3584.2  0.0019348  0.0088628  0.0012828
 3584.2 3597.1  0.0019186  0.0087727  0.0012723
 3597.1 3610.1  0.0019023  0.0086819  0.0012616
 3610.1 3623.2  0.0018859  0.0085904  0.0012509
 3623.2 3636.4  0.0018693  0.0084981  0.0012402
 3636.4 3649.6  0.0018526  0.0084052  0.0012293
 3649.6 3663.0  0.0018359  0.0083123  0.0012184
 3663.0 3676.5  0.0018189  0.0082598  0.0012082
 3676.5 3690.0  0.0018017  0.0082081  0.0011979
 3690.0 3703.7  0.0017845  0.0081565  0.0011876
 3703.7 3717.5  0.0017671  0.0081040  0.0011771
 3717.5 3731.3  0.0017495  0.0080512  0.0011666
 3731.3 3745.3  0.0017320  0.0079984  0.0011561
 3745.3 3759.4  0.0017142  0.0079449  0.0011454
 3759.4 3773.6  0.0016980  0.0078922  0.0011353
 3773.6 3787.9  0.0016825  0.0078399  0.0011254
 3787.9 3802.3  0.0016670  0.0077871  0.0011154
 3802.3 3816.8  0.0016513  0.0077340  0.0011054
 3816.8 3831.4  0.0016356  0.0076805  0.0010953
 3831.4 3846.2  0.0016197  0.0076267  0.0010851
 3846.2 3861.0  0.0016036  0.0075721  0.0010748
 3861.0 3876.0  0.0015907  0.0075022  0.0010653
 3876.0 3891.1  0.0015786  0.0074260  0.0010559
 3891.1 3906.2  0.0015665  0.0073493  0.0010464
 3906.2 3921.6  0.0015544  0.0072726  0.0010369
 3921.6 3937.0  0.0015420  0.0071944  0.0010272
 3937.0 3952.6  0.0015296  0.0071161  0.0010176
 3952.6 3968.3  0.0015178  0.0070346  0.0010079
 3968.3 3984.1  0.0015092  0.0069408  0.0009991
 3984.1 4000.0  0.0015005  0.0068464  0.0009902
 4000.0 4016.1  0.0014918  0.0067514  0.0009812
 4016.1 4032.3  0.0014830  0.0066552  0.0009721
 4032.3 4048.6  0.0014741  0.0065584  0.0009630
 4048.6 4065.0  0.0014652  0.0064611  0.0009538
 4065.0 4081.6  0.0014590  0.0063646  0.0009454
 4081.6 4098.4  0.0014531  0.0062672  0.0009369
 4098.4 4115.2  0.0014471  0.0061685  0.0009284
 4115.2 4132.2  0.0014411  0.0060699  0.0009198
 4132.2 4149.4  0.0014350  0.0059701  0.0009112
 4149.4 4166.7  0.0014288  0.0058691  0.0009024
 4166.7 4184.1  0.0014249  0.0057766  0.0008944
 4184.1 4201.7  0.0014211  0.0056838  0.0008863
 4201.7 4219.4  0.0014172  0.0055900  0.0008782
 4219.4 4237.3  0.0014133  0.0054956  0.0008700
 4237.3 4255.3  0.0014094  0.0054002  0.0008617
 4255.3 4273.5  0.0014059  0.0053071  0.0008536
 4273.5 4291.8  0.0014036  0.0052197  0.0008459
 4291.8 4310.3  0.0014013  0.0051319  0.0008382
 4310.3 4329.0  0.0013990  0.0050431  0.0008304
 4329.0 4347.8  0.0013966  0.0049534  0.0008225
 4347.8 4366.8  0.0013943  0.0048632  0.0008146
 4366.8 4386.0  0.0013929  0.0047799  0.0008072
 4386.0 4405.3  0.0013916  0.0046969  0.0007998
 4405.3 4424.8  0.0013903  0.0046134  0.0007924
 4424.8 4444.4  0.0013890  0.0045290  0.0007848
 4444.4 4464.3  0.0013877  0.0044442  0.0007773
 4464.3 4484.3  0.0013869  0.0043641  0.0007700
 4484.3 4504.5  0.0013863  0.0042859  0.0007629
 4504.5 4524.9  0.0013858  0.0042069  0.0007557
 4524.9 4545.5  0.0013852  0.0041271  0.0007484
 4545.5 4566.2  0.0013846  0.0040465  0.0007411
 4566.2 4587.2  0.0013846  0.0039713  0.0007342
 4587.2 4608.3  0.0013848  0.0038967  0.0007273
 4608.3 4629.6  0.0013850  0.0038216  0.0007203
 4629.6 4651.2  0.0013851  0.0037459  0.0007133
 4651.2 4672.9  0.0013853  0.0036695  0.0007062
 4672.9 4694.8  0.0013862  0.0035990  0.0006996
 4694.8 4717.0  0.0013871  0.0035279  0.0006928
 4717.0 4739.3  0.0013880  0.0034558  0.0006860
 4739.3 4761.9  0.0013889  0.0033834  0.0006792
 4761.9 4784.7  0.0013901  0.0033131  0.0006725
 4784.7 4807.7  0.0013917  0.0032452  0.0006659
 4807.7 4830.9  0.0013933  0.0031767  0.0006593
 4830.9 4854.4  0.0013950  0.0031075  0.0006527
 4854.4 4878.0  0.0013967  0.0030385  0.0006460
 4878.0 4902.0  0.0013991  0.0029738  0.0006396
 4902.0 4926.1  0.0014016  0.0029079  0.0006332
 4926.1 4950.5  0.0014040  0.0028418  0.0006267
 4950.5 4975.1  0.0014065  0.0027749  0.0006201
 4975.1 5000.0  0.0014097  0.0027127  0.0006138
 5000.0 5025.1  0.0014129  0.0026497  0.0006075
 5025.1 5050.5  0.0014162  0.0025862  0.0006010
 5050.5 5076.1  0.0014195  0.0025220  0.0005946
 5076.1 5102.0  0.0014236  0.0024623  0.0005885
 5102.0 5128.2  0.0014278  0.0024019  0.0005823
 5128.2 5154.6  0.0014321  0.0023408  0.0005760
 5154.6 5181.3  0.0014365  0.0022800  0.0005698
 5181.3 5208.3  0.0014417  0.0022227  0.0005637
 5208.3 5235.6  0.0014469  0.0021647  0.0005576
 5235.6 5263.2  0.0014522  0.0021060  0.0005515
 5263.2 5291.0  0.0014580  0.0020491  0.0005454
 5291.0 5319.1  0.0014645  0.0019945  0.0005395
 5319.1 5347.6  0.0014710  0.0019392  0.0005335
 5347.6 5376.3  0.0014775  0.0018831  0.0005274
 5376.3 5405.4  0.0014853  0.0018315  0.0005216
 5405.4 5434.8  0.0014932  0.0017795  0.0005158
 5434.8 5464.5  0.0015012  0.0017270  0.0005099
 5464.5 5494.5  0.0015099  0.0016767  0.0005042
 5494.5 5524.9  0.0015194  0.0016288  0.0004987
 5524.9 5555.6  0.0015290  0.0015803  0.0004930
 5555.6 5586.6  0.0015391  0.0015323  0.0004874
 5586.6 5618.0  0.0015505  0.0014888  0.0004821
 5618.0 5649.7  0.0015620  0.0014447  0.0004768
 5649.7 5681.8  0.0015737  0.0014002  0.0004714
 5681.8 5714.3  0.0015870  0.0013608  0.0004663
 5714.3 5747.1  0.0016005  0.0013210  0.0004611
 5747.1 5780.3  0.0016142  0.0012809  0.0004560
 5780.3 5814.0  0.0016292  0.0012448  0.0004510
 5814.0 5848.0  0.0016446  0.0012086  0.0004461
 5848.0 5882.4  0.0016602  0.0011720  0.0004411
 5882.4 5917.2  0.0016770  0.0011391  0.0004363
 5917.2 5952.4  0.0016940  0.0011059  0.0004315
 5952.4 5988.0  0.0017113  0.0010727  0.0004267
 5988.0 6024.1  0.0017298  0.0010423  0.0004221
 6024.1 6060.6  0.0017485  0.0010115  0.0004174
 6060.6 6097.6  0.0017676  0.0009812  0.0004127
 6097.6 6135.0  0.0017876  0.0009526  0.0004081
 6135.0 6172.8  0.0018078  0.0009236  0.0004035
 6172.8 6211.2  0.0018286  0.0008957  0.0003989
 6211.2 6250.0  0.0018500  0.0008684  0.0003943
 6250.0 6289.3  0.0018716  0.0008407  0.0003896
 6289.3 6329.1  0.0018940  0.0008144  0.0003850
 6329.1 6369.4  0.0019167  0.0007878  0.0003803
 6369.4 6410.3  0.0019399  0.0007614  0.0003757
 6410.3 6451.6  0.0019636  0.0007353  0.0003710
 6451.6 6493.5  0.0019875  0.0007089  0.0003663
 6493.5 6535.9  0.0020120  0.0006828  0.0003616
 6535.9 6578.9  0.0020369  0.0006563  0.0003568
 6578.9 6622.5  0.0020621  0.0006296  0.0003520
 6622.5 6666.7  0.0020877  0.0006025  0.0003471
 6666.7 6711.4  0.0021137  0.0005749  0.0003421
 6711.4 6756.8  0.0021400  0.0005467  0.0003371
 6756.8 6802.7  0.0021667  0.0005178  0.0003319
 6802.7 6849.3  0.0021935  0.0004878  0.0003267
 6849.3 6896.6  0.0022207  0.0004573  0.0003214
 6896.6 6944.4  0.0022481  0.0004249  0.0003158
 6944.4 6993.0  0.0022759  0.0003922  0.0003103
 6993.0 7042.3  0.0023040  0.0003580  0.0003046
 7042.3 7092.2  0.0023324  0.0003231  0.0002988
 7092.2 7142.9  0.0023614  0.0002874  0.0002929
 7142.9 7194.2  0.0023908  0.0002510  0.0002869
 7194.2 7246.4  0.0024208  0.0002141  0.0002809
 7246.4 7299.3  0.0024514  0.0001766  0.0002748
 7299.3 7352.9  0.0024829  0.0001391  0.0002687
 7352.9 7407.4  0.0025150  0.0001013  0.0002625
 7407.4 7462.7  0.0025483  0.0000641  0.0002563
 7462.7 7518.8  0.0025823  0.0000344  0.0002501
 7518.8 7575.8  0.0026178  0.0000315  0.0002439
 7575.8 7633.6  0.0026545  0.0000454  0.0002378
 7633.6 7692.3  0.0026925  0.0000800  0.0002318
 7692.3 7751.9  0.0027325  0.0001125  0.0002259
 7751.9 7812.5  0.0027738  0.0001443  0.0002200
 7812.5 7874.0  0.0028180  0.0001718  0.0002146
 7874.0 7936.5  0.0028641  0.0001973  0.0002092
 7936.5 8000.0  0.0029128  0.0002194  0.0002041
 8000.0 8064.5  0.0029653  0.0002357  0.0001996
 8064.5 8130.1  0.0030204  0.0002485  0.0001953
 8130.1 8196.7  0.0030800  0.0002538  0.0001916
 8196.7 8264.5  0.0031446  0.0002507  0.0001887
 8264.5 8333.3  0.0032136  0.0002408  0.0001864
 8333.3 8403.4  0.0032892  0.0002190  0.0001852
 8403.4 8474.6  0.0033727  0.0001828  0.0001852
 8474.6 8547.0  0.0034596  0.0001416  0.0001856
 8547.0 8620.7  0.0035480  0.0000996  0.0001861
 8620.7 8695.7  0.0036380  0.0000570  0.0001865
 8695.7 8771.9  0.0037296  0.0000135  0.0001870
 8771.9 8849.6  0.0038226 -0.0000306  0.0001874
 8849.6 8928.6  0.0039175 -0.0000756  0.0001879
 8928.6 9009.0  0.0040140 -0.0001213  0.0001884
 9009.0 9090.9  0.0041121 -0.0001679  0.0001889
 9090.9 9174.3  0.0042121 -0.0002153  0.0001893
 9174.3 9259.3  0.0043140 -0.0002636  0.0001898
 9259.3 9345.8  0.0044178 -0.0003128  0.0001904
 9345.8 9434.0  0.0045234 -0.0003629  0.0001909
 9434.0 9523.8  0.0046311 -0.0004139  0.0001914
 9523.8 9615.4  0.0047407 -0.0004659  0.0001919
 9615.4 9708.7  0.0048526 -0.0005190  0.0001925
 9708.7 9803.9  0.0049665 -0.0005730  0.0001931
 9803.9 9901.0  0.0050827 -0.0006281  0.0001936
 9901.0 9911.0  0.0052013 -0.0006843  0.0001942
