 1176.5 1177.9  0.1033157  0.7526556  0.0254150
 1177.9 1179.2  0.1030169  0.7514638  0.0253788
 1179.2 1180.6  0.1027395  0.7503572  0.0253453
 1180.6 1182.0  0.1024407  0.7491652  0.0253091
 1182.0 1183.4  0.1021420  0.7479734  0.0252729
 1183.4 1184.8  0.1018432  0.7467815  0.0252368
 1184.8 1186.2  0.1015445  0.7455897  0.0252006
 1186.2 1187.6  0.1012457  0.7443979  0.0251645
 1187.6 1189.1  0.1009470  0.7432060  0.0251283
 1189.1 1190.5  0.1006269  0.7419291  0.0250896
 1190.5 1191.9  0.1003281  0.7407371  0.0250534
 1191.9 1193.3  0.1000293  0.7395453  0.0250172
 1193.3 1194.7  0.0997306  0.7383534  0.0249811
 1194.7 1196.2  0.0994319  0.7371616  0.0249449
 1196.2 1197.6  0.0991118  0.7358847  0.0249062
 1197.6 1199.0  0.0988130  0.7346928  0.0248700
 1199.0 1200.5  0.0985142  0.7335010  0.0248339
 1200.5 1201.9  0.0981941  0.7322239  0.0247951
 1201.9 1203.4  0.0978954  0.7310321  0.0247590
 1203.4 1204.8  0.0975753  0.7297551  0.0247202
 1204.8 1206.3  0.0972765  0.7285632  0.0246841
 1206.3 1207.7  0.0969564  0.7272862  0.0246453
 1207.7 1209.2  0.0966577  0.7260945  0.0246092
 1209.2 1210.7  0.0963376  0.7248175  0.0245704
 1210.7 1212.1  0.0960175  0.7235405  0.0245317
 1212.1 1213.6  0.0957187  0.7223486  0.0244955
 1213.6 1215.1  0.0953986  0.7210717  0.0244568
 1215.1 1216.5  0.0950786  0.7197947  0.0244180
 1216.5 1218.0  0.0947798  0.7186028  0.0243819
 1218.0 1219.5  0.0944597  0.7173258  0.0243431
 1219.5 1221.0  0.0941396  0.7160488  0.0243044
 1221.0 1222.5  0.0938195  0.7147719  0.0242657
 1222.5 1224.0  0.0934994  0.7134949  0.0242269
 1224.0 1225.5  0.0931793  0.7122179  0.0241882
 1225.5 1227.0  0.0928592  0.7109409  0.0241494
 1227.0 1228.5  0.0925391  0.7096639  0.0241107
 1228.5 1230.0  0.0922190  0.7083870  0.0240720
 1230.0 1231.5  0.0918989  0.7071100  0.0240332
 1231.5 1233.0  0.0915788  0.7058330  0.0239945
 1233.0 1234.6  0.0912588  0.7045560  0.0239557
 1234.6 1236.1  0.0909173  0.7031939  0.0239144
 1236.1 1237.6  0.0905972  0.7019169  0.0238757
 1237.6 1239.2  0.0902771  0.7006400  0.0238369
 1239.2 1240.7  0.0899357  0.6992779  0.0237956
 1240.7 1242.2  0.0896156  0.6980009  0.0237569
 1242.2 1243.8  0.0892955  0.6967239  0.0237181
 1243.8 1245.3  0.0889541  0.6953617  0.0236768
 1245.3 1246.9  0.0886340  0.6940847  0.0236381
 1246.9 1248.4  0.0882925  0.6927226  0.0235967
 1248.4 1250.0  0.0879724  0.6914456  0.0235580
 1250.0 1251.6  0.0876310  0.6900836  0.0235167
 1251.6 1253.1  0.0872896  0.6887215  0.0234753
 1253.1 1254.7  0.0869695  0.6874445  0.0234366
 1254.7 1256.3  0.0866281  0.6860824  0.0233953
 1256.3 1257.9  0.0862866  0.6847202  0.0233540
 1257.9 1259.4  0.0859452  0.6833581  0.0233126
 1259.4 1261.0  0.0856251  0.6820811  0.0232739
 1261.0 1262.6  0.0852837  0.6807190  0.0232326
 1262.6 1264.2  0.0849422  0.6793569  0.0231912
 1264.2 1265.8  0.0846008  0.6779948  0.0231499
 1265.8 1267.4  0.0842593  0.6766326  0.0231086
 1267.4 1269.0  0.0839179  0.6752706  0.0230673
 1269.0 1270.6  0.0835765  0.6739085  0.0230259
 1270.6 1272.3  0.0832351  0.6725464  0.0229846
 1272.3 1273.9  0.0828723  0.6710991  0.0229407
 1273.9 1275.5  0.0825308  0.6697370  0.0228994
 1275.5 1277.1  0.0821894  0.6683749  0.0228581
 1277.1 1278.8  0.0818480  0.6670128  0.0228167
 1278.8 1280.4  0.0814852  0.6655655  0.0227728
 1280.4 1282.1  0.0811438  0.6642034  0.0227315
 1282.1 1283.7  0.0807810  0.6627561  0.0226876
 1283.7 1285.3  0.0804396  0.6613941  0.0226463
 1285.3 1287.0  0.0800981  0.6600319  0.0226050
 1287.0 1288.7  0.0797354  0.6585847  0.0225611
 1288.7 1290.3  0.0793726  0.6571375  0.0225172
 1290.3 1292.0  0.0790311  0.6557752  0.0224758
 1292.0 1293.7  0.0786684  0.6543280  0.0224319
 1293.7 1295.3  0.0783056  0.6528808  0.0223880
 1295.3 1297.0  0.0779641  0.6515186  0.0223467
 1297.0 1298.7  0.0776014  0.6500714  0.0223028
 1298.7 1300.4  0.0772386  0.6486242  0.0222589
 1300.4 1302.1  0.0769012  0.6472716  0.0222178
 1302.1 1303.8  0.0766462  0.6462269  0.0221857
 1303.8 1305.5  0.0763911  0.6451821  0.0221536
 1305.5 1307.2  0.0761361  0.6441374  0.0221215
 1307.2 1308.9  0.0758811  0.6430926  0.0220894
 1308.9 1310.6  0.0756261  0.6420478  0.0220574
 1310.6 1312.3  0.0753711  0.6410031  0.0220253
 1312.3 1314.1  0.0751160  0.6399583  0.0219932
 1314.1 1315.8  0.0748460  0.6388521  0.0219592
 1315.8 1317.5  0.0745910  0.6378073  0.0219272
 1317.5 1319.3  0.0743360  0.6367625  0.0218951
 1319.3 1321.0  0.0740660  0.6356562  0.0218611
 1321.0 1322.8  0.0738109  0.6346115  0.0218290
 1322.8 1324.5  0.0735409  0.6335052  0.0217951
 1324.5 1326.3  0.0732859  0.6324605  0.0217630
 1326.3 1328.0  0.0730159  0.6313542  0.0217290
 1328.0 1329.8  0.0727609  0.6303095  0.0216969
 1329.8 1331.6  0.0724908  0.6292033  0.0216630
 1331.6 1333.3  0.0722208  0.6280971  0.0216290
 1333.3 1335.1  0.0719658  0.6270522  0.0215969
 1335.1 1336.9  0.0716958  0.6259460  0.0215630
 1336.9 1338.7  0.0714258  0.6248398  0.0215290
 1338.7 1340.5  0.0711557  0.6237336  0.0214950
 1340.5 1342.3  0.0708857  0.6226274  0.0214611
 1342.3 1344.1  0.0706157  0.6215211  0.0214271
 1344.1 1345.9  0.0703457  0.6204149  0.0213931
 1345.9 1347.7  0.0700756  0.6193087  0.0213592
 1347.7 1349.5  0.0698056  0.6182024  0.0213252
 1349.5 1351.4  0.0695356  0.6170962  0.0212912
 1351.4 1353.2  0.0692647  0.6159669  0.0212564
 1353.2 1355.0  0.0690129  0.6149101  0.0212237
 1355.0 1356.9  0.0687610  0.6138532  0.0211910
 1356.9 1358.7  0.0684951  0.6127376  0.0211565
 1358.7 1360.5  0.0682433  0.6116808  0.0211238
 1360.5 1362.4  0.0679914  0.6106239  0.0210911
 1362.4 1364.3  0.0677256  0.6095083  0.0210565
 1364.3 1366.1  0.0674597  0.6083927  0.0210220
 1366.1 1368.0  0.0672079  0.6073359  0.0209893
 1368.0 1369.9  0.0669420  0.6062203  0.0209548
 1369.9 1371.7  0.0666762  0.6051047  0.0209203
 1371.7 1373.6  0.0664243  0.6040480  0.0208876
 1373.6 1375.5  0.0661585  0.6029323  0.0208531
 1375.5 1377.4  0.0658926  0.6018168  0.0208186
 1377.4 1379.3  0.0656268  0.6007012  0.0207841
 1379.3 1381.2  0.0653609  0.5995856  0.0207495
 1381.2 1383.1  0.0650951  0.5984701  0.0207150
 1383.1 1385.0  0.0648293  0.5973545  0.0206805
 1385.0 1387.0  0.0645634  0.5962389  0.0206460
 1387.0 1388.9  0.0642836  0.5950646  0.0206097
 1388.9 1390.8  0.0640177  0.5939490  0.0205751
 1390.8 1392.8  0.0637519  0.5928334  0.0205406
 1392.8 1394.7  0.0634720  0.5916591  0.0205043
 1394.7 1396.6  0.0632062  0.5905436  0.0204698
 1396.6 1398.6  0.0629403  0.5894280  0.0204353
 1398.6 1400.6  0.0626605  0.5882537  0.0203989
 1400.6 1402.5  0.0623871  0.5870962  0.0203630
 1402.5 1404.5  0.0621415  0.5860338  0.0203299
 1404.5 1406.5  0.0618831  0.5849154  0.0202951
 1406.5 1408.5  0.0616246  0.5837970  0.0202602
 1408.5 1410.4  0.0613662  0.5826786  0.0202253
 1410.4 1412.4  0.0611206  0.5816162  0.0201922
 1412.4 1414.4  0.0608622  0.5804978  0.0201574
 1414.4 1416.4  0.0606037  0.5793794  0.0201225
 1416.4 1418.4  0.0603453  0.5782610  0.0200876
 1418.4 1420.5  0.0600868  0.5771427  0.0200528
 1420.5 1422.5  0.0598154  0.5759684  0.0200162
 1422.5 1424.5  0.0595570  0.5748500  0.0199813
 1424.5 1426.5  0.0592985  0.5737316  0.0199465
 1426.5 1428.6  0.0590401  0.5726132  0.0199116
 1428.6 1430.6  0.0587687  0.5714390  0.0198750
 1430.6 1432.7  0.0585102  0.5703206  0.0198401
 1432.7 1434.7  0.0582389  0.5691463  0.0198035
 1434.7 1436.8  0.0579804  0.5680279  0.0197687
 1436.8 1438.8  0.0577090  0.5668536  0.0197321
 1438.8 1440.9  0.0574505  0.5657352  0.0196972
 1440.9 1443.0  0.0571792  0.5645609  0.0196606
 1443.0 1445.1  0.0569078  0.5633866  0.0196240
 1445.1 1447.2  0.0566364  0.5622123  0.0195874
 1447.2 1449.3  0.0563650  0.5610381  0.0195508
 1449.3 1451.4  0.0560937  0.5598637  0.0195142
 1451.4 1453.5  0.0558382  0.5587296  0.0194787
 1453.5 1455.6  0.0555907  0.5576156  0.0194437
 1455.6 1457.7  0.0553432  0.5565016  0.0194087
 1457.7 1459.9  0.0550958  0.5553876  0.0193737
 1459.9 1462.0  0.0548365  0.5542205  0.0193371
 1462.0 1464.1  0.0545890  0.5531065  0.0193021
 1464.1 1466.3  0.0543415  0.5519925  0.0192671
 1466.3 1468.4  0.0540822  0.5508254  0.0192304
 1468.4 1470.6  0.0538348  0.5497113  0.0191955
 1470.6 1472.8  0.0535755  0.5485443  0.0191588
 1472.8 1474.9  0.0533162  0.5473772  0.0191222
 1474.9 1477.1  0.0530687  0.5462632  0.0190872
 1477.1 1479.3  0.0528095  0.5450962  0.0190505
 1479.3 1481.5  0.0525502  0.5439290  0.0190139
 1481.5 1483.7  0.0522909  0.5427620  0.0189772
 1483.7 1485.9  0.0520317  0.5415950  0.0189406
 1485.9 1488.1  0.0517724  0.5404279  0.0189039
 1488.1 1490.3  0.0515131  0.5392608  0.0188673
 1490.3 1492.5  0.0512538  0.5380937  0.0188306
 1492.5 1494.8  0.0509946  0.5369267  0.0187939
 1494.8 1497.0  0.0507235  0.5357065  0.0187556
 1497.0 1499.3  0.0504643  0.5345395  0.0187190
 1499.3 1501.5  0.0501932  0.5333194  0.0186807
 1501.5 1503.8  0.0499521  0.5321968  0.0186452
 1503.8 1506.0  0.0497090  0.5310449  0.0186088
 1506.0 1508.3  0.0494765  0.5299432  0.0185739
 1508.3 1510.6  0.0492334  0.5287912  0.0185375
 1510.6 1512.9  0.0489903  0.5276394  0.0185010
 1512.9 1515.2  0.0487471  0.5264875  0.0184646
 1515.2 1517.5  0.0485040  0.5253357  0.0184281
 1517.5 1519.8  0.0482609  0.5241839  0.0183917
 1519.8 1522.1  0.0480178  0.5230319  0.0183552
 1522.1 1524.4  0.0477747  0.5218801  0.0183188
 1524.4 1526.7  0.0475316  0.5207282  0.0182823
 1526.7 1529.1  0.0472885  0.5195764  0.0182459
 1529.1 1531.4  0.0470348  0.5183744  0.0182078
 1531.4 1533.7  0.0467917  0.5172226  0.0181714
 1533.7 1536.1  0.0465485  0.5160707  0.0181349
 1536.1 1538.5  0.0462949  0.5148688  0.0180969
 1538.5 1540.8  0.0460412  0.5136668  0.0180589
 1540.8 1543.2  0.0457981  0.5125149  0.0180224
 1543.2 1545.6  0.0455444  0.5113130  0.0179844
 1545.6 1548.0  0.0452907  0.5101111  0.0179463
 1548.0 1550.4  0.0450370  0.5089091  0.0179083
 1550.4 1552.8  0.0447885  0.5077195  0.0178706
 1552.8 1555.2  0.0445660  0.5065916  0.0178346
 1555.2 1557.6  0.0443436  0.5054638  0.0177987
 1557.6 1560.1  0.0441211  0.5043358  0.0177627
 1560.1 1562.5  0.0438894  0.5031610  0.0177252
 1562.5 1564.9  0.0436669  0.5020331  0.0176892
 1564.9 1567.4  0.0434444  0.5009051  0.0176532
 1567.4 1569.9  0.0432127  0.4997302  0.0176158
 1569.9 1572.3  0.0429809  0.4985553  0.0175783
 1572.3 1574.8  0.0427584  0.4974274  0.0175423
 1574.8 1577.3  0.0425267  0.4962525  0.0175048
 1577.3 1579.8  0.0422949  0.4950776  0.0174674
 1579.8 1582.3  0.0420632  0.4939027  0.0174299
 1582.3 1584.8  0.0418314  0.4927278  0.0173924
 1584.8 1587.3  0.0415997  0.4915529  0.0173549
 1587.3 1589.8  0.0413680  0.4903781  0.0173175
 1589.8 1592.4  0.0411362  0.4892032  0.0172800
 1592.4 1594.9  0.0408952  0.4879813  0.0172410
 1594.9 1597.4  0.0406635  0.4868064  0.0172035
 1597.4 1600.0  0.0404317  0.4856315  0.0171661
 1600.0 1602.6  0.0401907  0.4844096  0.0171271
 1602.6 1605.1  0.0399844  0.4832693  0.0170904
 1605.1 1607.7  0.0397860  0.4821729  0.0170551
 1607.7 1610.3  0.0395796  0.4810326  0.0170184
 1610.3 1612.9  0.0393733  0.4798923  0.0169817
 1612.9 1615.5  0.0391670  0.4787520  0.0169450
 1615.5 1618.1  0.0389607  0.4776117  0.0169083
 1618.1 1620.7  0.0387543  0.4764714  0.0168716
 1620.7 1623.4  0.0385480  0.4753311  0.0168349
 1623.4 1626.0  0.0383337  0.4741469  0.0167968
 1626.0 1628.7  0.0381274  0.4730066  0.0167601
 1628.7 1631.3  0.0379131  0.4718225  0.0167220
 1631.3 1634.0  0.0377068  0.4706821  0.0166853
 1634.0 1636.7  0.0374925  0.4694980  0.0166472
 1636.7 1639.3  0.0372783  0.4683139  0.0166091
 1639.3 1642.0  0.0370719  0.4671735  0.0165724
 1642.0 1644.7  0.0368577  0.4659894  0.0165343
 1644.7 1647.4  0.0366434  0.4648053  0.0164962
 1647.4 1650.2  0.0364291  0.4636211  0.0164581
 1650.2 1652.9  0.0362094  0.4623991  0.0164187
 1652.9 1655.6  0.0360285  0.4612961  0.0163829
 1655.6 1658.4  0.0358476  0.4601932  0.0163470
 1658.4 1661.1  0.0356599  0.4590494  0.0163098
 1661.1 1663.9  0.0354790  0.4579465  0.0162739
 1663.9 1666.7  0.0352914  0.4568026  0.0162367
 1666.7 1669.4  0.0351038  0.4556589  0.0161995
 1669.4 1672.2  0.0349228  0.4545559  0.0161636
 1672.2 1675.0  0.0347352  0.4534121  0.0161264
 1675.0 1677.9  0.0345476  0.4522683  0.0160891
 1677.9 1680.7  0.0343533  0.4510836  0.0160506
 1680.7 1683.5  0.0341657  0.4499399  0.0160134
 1683.5 1686.3  0.0339780  0.4487961  0.0159762
 1686.3 1689.2  0.0337904  0.4476522  0.0159390
 1689.2 1692.0  0.0335961  0.4464676  0.0159004
 1692.0 1694.9  0.0334085  0.4453238  0.0158632
 1694.9 1697.8  0.0332141  0.4441391  0.0158247
 1697.8 1700.7  0.0330198  0.4429545  0.0157861
 1700.7 1703.6  0.0328441  0.4418696  0.0157508
 1703.6 1706.5  0.0327267  0.4410983  0.0157255
 1706.5 1709.4  0.0326093  0.4403270  0.0157001
 1709.4 1712.3  0.0324919  0.4395558  0.0156748
 1712.3 1715.3  0.0323745  0.4387845  0.0156495
 1715.3 1718.2  0.0322531  0.4379866  0.0156233
 1718.2 1721.2  0.0321357  0.4372153  0.0155979
 1721.2 1724.1  0.0320143  0.4364174  0.0155717
 1724.1 1727.1  0.0318969  0.4356461  0.0155464
 1727.1 1730.1  0.0317755  0.4348482  0.0155202
 1730.1 1733.1  0.0316540  0.4340504  0.0154940
 1733.1 1736.1  0.0315326  0.4332525  0.0154678
 1736.1 1739.1  0.0314112  0.4324546  0.0154416
 1739.1 1742.2  0.0312897  0.4316567  0.0154154
 1742.2 1745.2  0.0311642  0.4308323  0.0153883
 1745.2 1748.3  0.0310428  0.4300344  0.0153621
 1748.3 1751.3  0.0309173  0.4292099  0.0153350
 1751.3 1754.4  0.0307959  0.4284120  0.0153088
 1754.4 1757.5  0.0306656  0.4275459  0.0152803
 1757.5 1760.6  0.0305031  0.4263989  0.0152422
 1760.6 1763.7  0.0303405  0.4252518  0.0152041
 1763.7 1766.8  0.0301780  0.4241048  0.0151660
 1766.8 1769.9  0.0300154  0.4229577  0.0151279
 1769.9 1773.0  0.0298528  0.4218107  0.0150898
 1773.0 1776.2  0.0296986  0.4206880  0.0150524
 1776.2 1779.4  0.0295397  0.4195299  0.0150137
 1779.4 1782.5  0.0293808  0.4183717  0.0149750
 1782.5 1785.7  0.0292269  0.4172498  0.0149376
 1785.7 1788.9  0.0290680  0.4160917  0.0148989
 1788.9 1792.1  0.0289167  0.4149565  0.0148608
 1792.1 1795.3  0.0287661  0.4138236  0.0148227
 1795.3 1798.6  0.0286156  0.4126907  0.0147847
 1798.6 1801.8  0.0284603  0.4115225  0.0147454
 1801.8 1805.1  0.0283098  0.4103896  0.0147074
 1805.1 1808.3  0.0281580  0.4092124  0.0146676
 1808.3 1811.6  0.0280111  0.4080702  0.0146290
 1811.6 1814.9  0.0278595  0.4068924  0.0145891
 1814.9 1818.2  0.0277080  0.4057145  0.0145493
 1818.2 1821.5  0.0275572  0.4045404  0.0145096
 1821.5 1824.8  0.0274179  0.4034237  0.0144715
 1824.8 1828.2  0.0272786  0.4023070  0.0144335
 1828.2 1831.5  0.0271351  0.4011564  0.0143943
 1831.5 1834.9  0.0269958  0.4000397  0.0143563
 1834.9 1838.2  0.0268523  0.3988891  0.0143171
 1838.2 1841.6  0.0267201  0.3977971  0.0142796
 1841.6 1845.0  0.0265842  0.3966728  0.0142410
 1845.0 1848.4  0.0264482  0.3955486  0.0142024
 1848.4 1851.9  0.0263123  0.3944242  0.0141638
 1851.9 1855.3  0.0261723  0.3932669  0.0141241
 1855.3 1858.7  0.0260395  0.3921367  0.0140850
 1858.7 1862.2  0.0259068  0.3910064  0.0140459
 1862.2 1865.7  0.0257703  0.3898429  0.0140056
 1865.7 1869.2  0.0256337  0.3886793  0.0139653
 1869.2 1872.7  0.0254977  0.3875192  0.0139251
 1872.7 1876.2  0.0253716  0.3864151  0.0138865
 1876.2 1879.7  0.0252455  0.3853111  0.0138479
 1879.7 1883.2  0.0251194  0.3842071  0.0138093
 1883.2 1886.8  0.0249933  0.3831031  0.0137707
 1886.8 1890.4  0.0248636  0.3819675  0.0137310
 1890.4 1893.9  0.0247398  0.3808574  0.0136918
 1893.9 1897.5  0.0246198  0.3797796  0.0136538
 1897.5 1901.1  0.0244964  0.3786711  0.0136146
 1901.1 1904.8  0.0243729  0.3775626  0.0135755
 1904.8 1908.4  0.0242461  0.3764232  0.0135353
 1908.4 1912.0  0.0241249  0.3753117  0.0134956
 1912.0 1915.7  0.0240038  0.3742001  0.0134559
 1915.7 1919.4  0.0238794  0.3730576  0.0134152
 1919.4 1923.1  0.0237550  0.3719150  0.0133744
 1923.1 1926.8  0.0236308  0.3707741  0.0133336
 1926.8 1930.5  0.0235147  0.3696893  0.0132945
 1930.5 1934.2  0.0233987  0.3686046  0.0132553
 1934.2 1938.0  0.0232826  0.3675199  0.0132161
 1938.0 1941.7  0.0231635  0.3664058  0.0131759
 1941.7 1945.5  0.0230474  0.3653211  0.0131367
 1945.5 1949.3  0.0229323  0.3642324  0.0130969
 1949.3 1953.1  0.0228176  0.3631458  0.0130571
 1953.1 1956.9  0.0227028  0.3620593  0.0130174
 1956.9 1960.8  0.0225881  0.3609728  0.0129776
 1960.8 1964.6  0.0224703  0.3598576  0.0129368
 1964.6 1968.5  0.0223565  0.3587710  0.0128965
 1968.5 1972.4  0.0222398  0.3576556  0.0128551
 1972.4 1976.3  0.0221231  0.3565403  0.0128137
 1976.3 1980.2  0.0220063  0.3554249  0.0127724
 1980.2 1984.1  0.0218900  0.3543125  0.0127311
 1984.1 1988.1  0.0217799  0.3532538  0.0126913
 1988.1 1992.0  0.0216670  0.3521680  0.0126504
 1992.0 1996.0  0.0215569  0.3511093  0.0126106
 1996.0 2000.0  0.0214440  0.3500234  0.0125698
 2000.0 2004.0  0.0213311  0.3489376  0.0125290
 2004.0 2008.0  0.0212192  0.3478554  0.0124877
 2008.0 2012.1  0.0211073  0.3467732  0.0124464
 2012.1 2016.1  0.0209926  0.3456640  0.0124041
 2016.1 2020.2  0.0208807  0.3445818  0.0123628
 2020.2 2024.3  0.0207663  0.3434754  0.0123206
 2024.3 2028.4  0.0206580  0.3424239  0.0122799
 2028.4 2032.5  0.0205496  0.3413723  0.0122393
 2032.5 2036.7  0.0204413  0.3403208  0.0121986
 2036.7 2040.8  0.0203303  0.3392436  0.0121570
 2040.8 2045.0  0.0202220  0.3381921  0.0121163
 2045.0 2049.2  0.0201143  0.3371454  0.0120753
 2049.2 2053.4  0.0200069  0.3361003  0.0120343
 2053.4 2057.6  0.0198994  0.3350552  0.0119933
 2057.6 2061.9  0.0197919  0.3340101  0.0119523
 2061.9 2066.1  0.0196819  0.3329401  0.0119103
 2066.1 2070.4  0.0195752  0.3319034  0.0118691
 2070.4 2074.7  0.0194660  0.3308423  0.0118269
 2074.7 2079.0  0.0193568  0.3297812  0.0117847
 2079.0 2083.3  0.0192477  0.3287201  0.0117425
 2083.3 2087.7  0.0191387  0.3276615  0.0117003
 2087.7 2092.1  0.0190305  0.3266127  0.0116580
 2092.1 2096.4  0.0189223  0.3255639  0.0116157
 2096.4 2100.8  0.0188165  0.3245390  0.0115743
 2100.8 2105.3  0.0187083  0.3234902  0.0115320
 2105.3 2109.7  0.0185980  0.3224216  0.0114888
 2109.7 2114.2  0.0184952  0.3214321  0.0114483
 2114.2 2118.6  0.0183902  0.3204201  0.0114069
 2118.6 2123.1  0.0182874  0.3194305  0.0113664
 2123.1 2127.7  0.0181823  0.3184185  0.0113250
 2127.7 2132.2  0.0180749  0.3173840  0.0112827
 2132.2 2136.8  0.0179726  0.3164071  0.0112421
 2136.8 2141.3  0.0178682  0.3154110  0.0112008
 2141.3 2145.9  0.0177660  0.3144366  0.0111603
 2145.9 2150.5  0.0176616  0.3134406  0.0111190
 2150.5 2155.2  0.0175572  0.3124445  0.0110776
 2155.2 2159.8  0.0174471  0.3114075  0.0110339
 2159.8 2164.5  0.0173389  0.3103903  0.0109910
 2164.5 2169.2  0.0172284  0.3093511  0.0109472
 2169.2 2173.9  0.0171179  0.3083118  0.0109034
 2173.9 2178.6  0.0170074  0.3072726  0.0108595
 2178.6 2183.4  0.0169134  0.3064041  0.0108224
 2183.4 2188.2  0.0168178  0.3055209  0.0107846
 2188.2 2193.0  0.0167223  0.3046378  0.0107469
 2193.0 2197.8  0.0166267  0.3037546  0.0107091
 2197.8 2202.6  0.0165311  0.3028715  0.0106713
 2202.6 2207.5  0.0164288  0.3019393  0.0106311
 2207.5 2212.4  0.0163185  0.3009455  0.0105879
 2212.4 2217.3  0.0162082  0.2999517  0.0105447
 2217.3 2222.2  0.0160979  0.2989578  0.0105015
 2222.2 2227.2  0.0159879  0.2979676  0.0104585
 2227.2 2232.1  0.0158825  0.2970450  0.0104178
 2232.1 2237.1  0.0157791  0.2961408  0.0103779
 2237.1 2242.2  0.0156737  0.2952181  0.0103372
 2242.2 2247.2  0.0155662  0.2942770  0.0102957
 2247.2 2252.3  0.0154609  0.2933570  0.0102551
 2252.3 2257.3  0.0153573  0.2924836  0.0102159
 2257.3 2262.4  0.0152557  0.2916273  0.0101775
 2262.4 2267.6  0.0151520  0.2907538  0.0101383
 2267.6 2272.7  0.0150463  0.2898632  0.0100984
 2272.7 2277.9  0.0149427  0.2889898  0.0100592
 2277.9 2283.1  0.0148365  0.2881338  0.0100202
 2283.1 2288.3  0.0147304  0.2872800  0.0099813
 2288.3 2293.6  0.0146242  0.2864261  0.0099423
 2293.6 2298.9  0.0145160  0.2855559  0.0099026
 2298.9 2304.1  0.0144077  0.2846856  0.0098630
 2304.1 2309.5  0.0143045  0.2839002  0.0098265
 2309.5 2314.8  0.0141975  0.2830861  0.0097887
 2314.8 2320.2  0.0140923  0.2822870  0.0097517
 2320.2 2325.6  0.0139852  0.2814728  0.0097139
 2325.6 2331.0  0.0138781  0.2806586  0.0096761
 2331.0 2336.4  0.0137698  0.2798861  0.0096396
 2336.4 2341.9  0.0136614  0.2791169  0.0096032
 2341.9 2347.4  0.0135510  0.2783335  0.0095662
 2347.4 2352.9  0.0134406  0.2775500  0.0095291
 2352.9 2358.5  0.0133302  0.2767665  0.0094921
 2358.5 2364.1  0.0132182  0.2760296  0.0094567
 2364.1 2369.7  0.0131063  0.2752937  0.0094213
 2369.7 2375.3  0.0129943  0.2745579  0.0093859
 2375.3 2381.0  0.0128824  0.2738221  0.0093505
 2381.0 2386.6  0.0127684  0.2730731  0.0093145
 2386.6 2392.3  0.0126595  0.2723887  0.0092822
 2392.3 2398.1  0.0125486  0.2716921  0.0092492
 2398.1 2403.8  0.0124358  0.2709832  0.0092157
 2403.8 2409.6  0.0123249  0.2702866  0.0091828
 2409.6 2415.5  0.0122121  0.2695778  0.0091493
 2415.5 2421.3  0.0120984  0.2688371  0.0091173
 2421.3 2427.2  0.0119868  0.2681076  0.0090859
 2427.2 2433.1  0.0118732  0.2673655  0.0090541
 2433.1 2439.0  0.0117597  0.2666235  0.0090222
 2439.0 2445.0  0.0116461  0.2658814  0.0089903
 2445.0 2451.0  0.0115364  0.2650568  0.0089608
 2451.0 2457.0  0.0114268  0.2642322  0.0089313
 2457.0 2463.1  0.0113171  0.2634076  0.0089019
 2463.1 2469.1  0.0112056  0.2625693  0.0088719
 2469.1 2475.2  0.0110961  0.2617425  0.0088425
 2475.2 2481.4  0.0109934  0.2607647  0.0088157
 2481.4 2487.6  0.0108890  0.2597709  0.0087885
 2487.6 2493.8  0.0107847  0.2587770  0.0087612
 2493.8 2500.0  0.0106803  0.2577832  0.0087340
 2500.0 2506.3  0.0105759  0.2567894  0.0087068
 2506.3 2512.6  0.0104834  0.2555811  0.0086830
 2512.6 2518.9  0.0103908  0.2543729  0.0086591
 2518.9 2525.3  0.0102983  0.2531647  0.0086353
 2525.3 2531.6  0.0102043  0.2519372  0.0086111
 2531.6 2538.1  0.0101118  0.2507290  0.0085872
 2538.1 2544.5  0.0100299  0.2491728  0.0085658
 2544.5 2551.0  0.0099502  0.2476206  0.0085449
 2551.0 2557.5  0.0098693  0.2460441  0.0085237
 2557.5 2564.1  0.0097883  0.2444676  0.0085025
 2564.1 2570.7  0.0097064  0.2428601  0.0084810
 2570.7 2577.3  0.0096437  0.2408188  0.0084634
 2577.3 2584.0  0.0095809  0.2387773  0.0084457
 2584.0 2590.7  0.0095172  0.2367050  0.0084277
 2590.7 2597.4  0.0094534  0.2346326  0.0084098
 2597.4 2604.2  0.0093912  0.2325343  0.0083921
 2604.2 2611.0  0.0093528  0.2299889  0.0083788
 2611.0 2617.8  0.0093143  0.2274436  0.0083654
 2617.8 2624.7  0.0092758  0.2248982  0.0083521
 2624.7 2631.6  0.0092368  0.2223154  0.0083385
 2631.6 2638.5  0.0091978  0.2197326  0.0083250
 2638.5 2645.5  0.0091839  0.2166075  0.0083153
 2645.5 2652.5  0.0091715  0.2134033  0.0083057
 2652.5 2659.6  0.0091591  0.2101990  0.0082961
 2659.6 2666.7  0.0091465  0.2069489  0.0082863
 2666.7 2673.8  0.0091338  0.2036989  0.0082766
 2673.8 2681.0  0.0091465  0.2000265  0.0082700
 2681.0 2688.2  0.0091604  0.1962835  0.0082635
 2688.2 2695.4  0.0091743  0.1925406  0.0082569
 2695.4 2702.7  0.0091883  0.1887976  0.0082504
 2702.7 2710.0  0.0092024  0.1850026  0.0082438
 2710.0 2717.4  0.0092402  0.1809176  0.0082392
 2717.4 2724.8  0.0092796  0.1767641  0.0082346
 2724.8 2732.2  0.0093189  0.1726105  0.0082300
 2732.2 2739.7  0.0093582  0.1684571  0.0082254
 2739.7 2747.3  0.0093981  0.1642474  0.0082208
 2747.3 2754.8  0.0094605  0.1598421  0.0082167
 2754.8 2762.4  0.0095230  0.1554892  0.0082128
 2762.4 2770.1  0.0095863  0.1510783  0.0082088
 2770.1 2777.8  0.0096505  0.1466092  0.0082047
 2777.8 2785.5  0.0097146  0.1421403  0.0082006
 2785.5 2793.3  0.0097986  0.1377088  0.0081956
 2793.3 2801.1  0.0098841  0.1332207  0.0081906
 2801.1 2809.0  0.0099697  0.1287326  0.0081855
 2809.0 2816.9  0.0100563  0.1241871  0.0081804
 2816.9 2824.9  0.0101430  0.1196416  0.0081753
 2824.9 2832.9  0.0102499  0.1152356  0.0081672
 2832.9 2840.9  0.0103570  0.1108320  0.0081591
 2840.9 2849.0  0.0104641  0.1064285  0.0081510
 2849.0 2857.1  0.0105726  0.1019698  0.0081428
 2857.1 2865.3  0.0106812  0.0975184  0.0081345
 2865.3 2873.6  0.0108029  0.0935953  0.0081216
 2873.6 2881.8  0.0109261  0.0896244  0.0081085
 2881.8 2890.2  0.0110479  0.0857013  0.0080956
 2890.2 2898.6  0.0111726  0.0816826  0.0080824
 2898.6 2907.0  0.0112973  0.0776637  0.0080691
 2907.0 2915.5  0.0114359  0.0742854  0.0080486
 2915.5 2924.0  0.0115769  0.0708992  0.0080274
 2924.0 2932.6  0.0117179  0.0675131  0.0080062
 2932.6 2941.2  0.0118606  0.0640870  0.0079848
 2941.2 2949.9  0.0120033  0.0606826  0.0079632
 2949.9 2958.6  0.0121529  0.0581541  0.0079335
 2958.6 2967.4  0.0123025  0.0556256  0.0079038
 2967.4 2976.2  0.0124539  0.0530681  0.0078737
 2976.2 2985.1  0.0126052  0.0505106  0.0078437
 2985.1 2994.0  0.0127583  0.0479332  0.0078132
 2994.0 3003.0  0.0129145  0.0461762  0.0077748
 3003.0 3012.0  0.0130725  0.0443994  0.0077360
 3012.0 3021.1  0.0132304  0.0426226  0.0076972
 3021.1 3030.3  0.0133902  0.0408260  0.0076580
 3030.3 3039.5  0.0135514  0.0390334  0.0076181
 3039.5 3048.8  0.0137060  0.0379408  0.0075732
 3048.8 3058.1  0.0138622  0.0368364  0.0075278
 3058.1 3067.5  0.0140184  0.0357320  0.0074823
 3067.5 3076.9  0.0141762  0.0346158  0.0074364
 3076.9 3086.4  0.0143341  0.0334995  0.0073905
 3086.4 3096.0  0.0144822  0.0329078  0.0073398
 3096.0 3105.6  0.0146317  0.0323157  0.0072886
 3105.6 3115.3  0.0147812  0.0317235  0.0072373
 3115.3 3125.0  0.0149322  0.0311252  0.0071856
 3125.0 3134.8  0.0150833  0.0305269  0.0071338
 3134.8 3144.7  0.0152112  0.0302832  0.0070812
 3144.7 3154.6  0.0153404  0.0300370  0.0070281
 3154.6 3164.6  0.0154696  0.0297908  0.0069749
 3164.6 3174.6  0.0156002  0.0295421  0.0069212
 3174.6 3184.7  0.0157307  0.0292934  0.0068675
 3184.7 3194.9  0.0158323  0.0291756  0.0068145
 3194.9 3205.1  0.0159337  0.0290621  0.0067610
 3205.1 3215.4  0.0160352  0.0289485  0.0067074
 3215.4 3225.8  0.0161376  0.0288339  0.0066534
 3225.8 3236.2  0.0162379  0.0287143  0.0065991
 3236.2 3246.8  0.0163020  0.0285483  0.0065480
 3246.8 3257.3  0.0163674  0.0283792  0.0064959
 3257.3 3268.0  0.0164321  0.0282116  0.0064443
 3268.0 3278.7  0.0164981  0.0280408  0.0063918
 3278.7 3289.5  0.0165501  0.0278300  0.0063407
 3289.5 3300.3  0.0165759  0.0275409  0.0062919
 3300.3 3311.3  0.0166018  0.0272517  0.0062431
 3311.3 3322.3  0.0166282  0.0269572  0.0061935
 3322.3 3333.3  0.0166545  0.0266627  0.0061438
 3333.3 3344.5  0.0166538  0.0263062  0.0060969
 3344.5 3355.7  0.0166442  0.0259227  0.0060502
 3355.7 3367.0  0.0166345  0.0255392  0.0060034
 3367.0 3378.4  0.0166248  0.0251523  0.0059562
 3378.4 3389.8  0.0166103  0.0247832  0.0059127
 3389.8 3401.4  0.0165847  0.0244640  0.0058788
 3401.4 3413.0  0.0165586  0.0241391  0.0058444
 3413.0 3424.7  0.0165326  0.0238143  0.0058099
 3424.7 3436.4  0.0165063  0.0234867  0.0057752
 3436.4 3448.3  0.0163283  0.0224807  0.0056700
 3448.3 3460.2  0.0161432  0.0214394  0.0055612
 3460.2 3472.2  0.0160356  0.0210140  0.0055099
 3472.2 3484.3  0.0159400  0.0206885  0.0054678
 3484.3 3496.5  0.0158436  0.0203604  0.0054254
 3496.5 3508.8  0.0157465  0.0200295  0.0053827
 3508.8 3521.1  0.0156485  0.0196959  0.0053396
 3521.1 3533.6  0.0155506  0.0193624  0.0052965
 3533.6 3546.1  0.0154510  0.0190234  0.0052527
 3546.1 3558.7  0.0153515  0.0186844  0.0052089
 3558.7 3571.4  0.0152364  0.0184487  0.0051666
 3571.4 3584.2  0.0151138  0.0182591  0.0051249
 3584.2 3597.1  0.0149902  0.0180680  0.0050829
 3597.1 3610.1  0.0148656  0.0178753  0.0050406
 3610.1 3623.2  0.0147401  0.0176812  0.0049979
 3623.2 3636.4  0.0146136  0.0174857  0.0049549
 3636.4 3649.6  0.0144861  0.0172886  0.0049115
 3649.6 3663.0  0.0143587  0.0170915  0.0048682
 3663.0 3676.5  0.0142281  0.0169798  0.0048272
 3676.5 3690.0  0.0140965  0.0168701  0.0047861
 3690.0 3703.7  0.0139650  0.0167604  0.0047449
 3703.7 3717.5  0.0138314  0.0166490  0.0047031
 3717.5 3731.3  0.0136969  0.0165369  0.0046610
 3731.3 3745.3  0.0135624  0.0164247  0.0046189
 3745.3 3759.4  0.0134260  0.0163109  0.0045762
 3759.4 3773.6  0.0133018  0.0161997  0.0045357
 3773.6 3787.9  0.0131834  0.0160895  0.0044962
 3787.9 3802.3  0.0130642  0.0159785  0.0044565
 3802.3 3816.8  0.0129441  0.0158667  0.0044164
 3816.8 3831.4  0.0128232  0.0157542  0.0043761
 3831.4 3846.2  0.0127015  0.0156409  0.0043354
 3846.2 3861.0  0.0125781  0.0155260  0.0042943
 3861.0 3876.0  0.0124786  0.0153799  0.0042561
 3876.0 3891.1  0.0123861  0.0152209  0.0042186
 3891.1 3906.2  0.0122929  0.0150609  0.0041807
 3906.2 3921.6  0.0121998  0.0149008  0.0041429
 3921.6 3937.0  0.0121048  0.0147376  0.0041043
 3937.0 3952.6  0.0120099  0.0145744  0.0040658
 3952.6 3968.3  0.0119188  0.0144043  0.0040273
 3968.3 3984.1  0.0118527  0.0142095  0.0039920
 3984.1 4000.0  0.0117862  0.0140135  0.0039564
 4000.0 4016.1  0.0117193  0.0138162  0.0039205
 4016.1 4032.3  0.0116516  0.0136164  0.0038843
 4032.3 4048.6  0.0115835  0.0134154  0.0038478
 4048.6 4065.0  0.0115149  0.0132132  0.0038111
 4065.0 4081.6  0.0114680  0.0130137  0.0037774
 4081.6 4098.4  0.0114226  0.0128121  0.0037436
 4098.4 4115.2  0.0113766  0.0126082  0.0037095
 4115.2 4132.2  0.0113307  0.0124042  0.0036753
 4132.2 4149.4  0.0112842  0.0121978  0.0036407
 4149.4 4166.7  0.0112371  0.0119890  0.0036057
 4166.7 4184.1  0.0112076  0.0117984  0.0035737
 4184.1 4201.7  0.0111786  0.0116073  0.0035416
 4201.7 4219.4  0.0111492  0.0114141  0.0035091
 4219.4 4237.3  0.0111196  0.0112198  0.0034764
 4237.3 4255.3  0.0110897  0.0110233  0.0034433
 4255.3 4273.5  0.0110635  0.0108317  0.0034110
 4273.5 4291.8  0.0110463  0.0106524  0.0033803
 4291.8 4310.3  0.0110291  0.0104721  0.0033496
 4310.3 4329.0  0.0110116  0.0102898  0.0033184
 4329.0 4347.8  0.0109940  0.0101056  0.0032869
 4347.8 4366.8  0.0109763  0.0099204  0.0032553
 4366.8 4386.0  0.0109659  0.0097498  0.0032257
 4386.0 4405.3  0.0109565  0.0095795  0.0031961
 4405.3 4424.8  0.0109470  0.0094084  0.0031664
 4424.8 4444.4  0.0109374  0.0092355  0.0031363
 4444.4 4464.3  0.0109278  0.0090618  0.0031061
 4464.3 4484.3  0.0109224  0.0088976  0.0030772
 4484.3 4504.5  0.0109188  0.0087374  0.0030488
 4504.5 4524.9  0.0109152  0.0085756  0.0030201
 4524.9 4545.5  0.0109115  0.0084122  0.0029911
 4545.5 4566.2  0.0109078  0.0082472  0.0029618
 4566.2 4587.2  0.0109085  0.0080934  0.0029341
 4587.2 4608.3  0.0109104  0.0079406  0.0029064
 4608.3 4629.6  0.0109123  0.0077871  0.0028787
 4629.6 4651.2  0.0109142  0.0076322  0.0028506
 4651.2 4672.9  0.0109165  0.0074758  0.0028223
 4672.9 4694.8  0.0109239  0.0073317  0.0027957
 4694.8 4717.0  0.0109314  0.0071863  0.0027689
 4717.0 4739.3  0.0109390  0.0070389  0.0027417
 4739.3 4761.9  0.0109466  0.0068908  0.0027143
 4761.9 4784.7  0.0109572  0.0067472  0.0026876
 4784.7 4807.7  0.0109704  0.0066084  0.0026614
 4807.7 4830.9  0.0109837  0.0064684  0.0026350
 4830.9 4854.4  0.0109971  0.0063271  0.0026084
 4854.4 4878.0  0.0110117  0.0061862  0.0025818
 4878.0 4902.0  0.0110308  0.0060540  0.0025563
 4902.0 4926.1  0.0110502  0.0059195  0.0025304
 4926.1 4950.5  0.0110697  0.0057846  0.0025045
 4950.5 4975.1  0.0110895  0.0056481  0.0024782
 4975.1 5000.0  0.0111152  0.0055211  0.0024532
 5000.0 5025.1  0.0111411  0.0053926  0.0024279
 5025.1 5050.5  0.0111673  0.0052630  0.0024024
 5050.5 5076.1  0.0111938  0.0051321  0.0023766
 5076.1 5102.0  0.0112267  0.0050103  0.0023521
 5102.0 5128.2  0.0112599  0.0048870  0.0023273
 5128.2 5154.6  0.0112935  0.0047623  0.0023023
 5154.6 5181.3  0.0113285  0.0046385  0.0022772
 5181.3 5208.3  0.0113696  0.0045216  0.0022531
 5208.3 5235.6  0.0114111  0.0044035  0.0022288
 5235.6 5263.2  0.0114531  0.0042840  0.0022041
 5263.2 5291.0  0.0114993  0.0041681  0.0021799
 5291.0 5319.1  0.0115499  0.0040568  0.0021562
 5319.1 5347.6  0.0116010  0.0039442  0.0021324
 5347.6 5376.3  0.0116528  0.0038300  0.0021081
 5376.3 5405.4  0.0117133  0.0037248  0.0020851
 5405.4 5434.8  0.0117753  0.0036190  0.0020619
 5434.8 5464.5  0.0118380  0.0035122  0.0020385
 5464.5 5494.5  0.0119065  0.0034098  0.0020157
 5494.5 5524.9  0.0119811  0.0033123  0.0019935
 5524.9 5555.6  0.0120568  0.0032135  0.0019710
 5555.6 5586.6  0.0121353  0.0031159  0.0019486
 5586.6 5618.0  0.0122246  0.0030274  0.0019274
 5618.0 5649.7  0.0123150  0.0029377  0.0019059
 5649.7 5681.8  0.0124063  0.0028472  0.0018842
 5681.8 5714.3  0.0125107  0.0027671  0.0018639
 5714.3 5747.1  0.0126164  0.0026862  0.0018434
 5747.1 5780.3  0.0127232  0.0026045  0.0018227
 5780.3 5814.0  0.0128407  0.0025311  0.0018031
 5814.0 5848.0  0.0129610  0.0024575  0.0017833
 5848.0 5882.4  0.0130824  0.0023832  0.0017634
 5882.4 5917.2  0.0132136  0.0023161  0.0017444
 5917.2 5952.4  0.0133468  0.0022488  0.0017252
 5952.4 5988.0  0.0134821  0.0021812  0.0017059
 5988.0 6024.1  0.0136259  0.0021196  0.0016874
 6024.1 6060.6  0.0137718  0.0020571  0.0016686
 6060.6 6097.6  0.0139210  0.0019955  0.0016498
 6097.6 6135.0  0.0140767  0.0019374  0.0016314
 6135.0 6172.8  0.0142342  0.0018787  0.0016129
 6172.8 6211.2  0.0143963  0.0018221  0.0015945
 6211.2 6250.0  0.0145631  0.0017665  0.0015761
 6250.0 6289.3  0.0147316  0.0017103  0.0015575
 6289.3 6329.1  0.0149062  0.0016570  0.0015392
 6329.1 6369.4  0.0150830  0.0016030  0.0015207
 6369.4 6410.3  0.0152635  0.0015494  0.0015022
 6410.3 6451.6  0.0154482  0.0014964  0.0014835
 6451.6 6493.5  0.0156348  0.0014429  0.0014647
 6493.5 6535.9  0.0158259  0.0013899  0.0014458
 6535.9 6578.9  0.0160192  0.0013363  0.0014267
 6578.9 6622.5  0.0162159  0.0012821  0.0014073
 6622.5 6666.7  0.0164155  0.0012271  0.0013877
 6666.7 6711.4  0.0166179  0.0011711  0.0013679
 6711.4 6756.8  0.0168224  0.0011138  0.0013476
 6756.8 6802.7  0.0170299  0.0010554  0.0013271
 6802.7 6849.3  0.0172386  0.0009944  0.0013061
 6849.3 6896.6  0.0174505  0.0009324  0.0012848
 6896.6 6944.4  0.0176639  0.0008668  0.0012628
 6944.4 6993.0  0.0178794  0.0008004  0.0012406
 6993.0 7042.3  0.0180979  0.0007309  0.0012178
 7042.3 7092.2  0.0183193  0.0006601  0.0011947
 7092.2 7142.9  0.0185441  0.0005874  0.0011712
 7142.9 7194.2  0.0187725  0.0005135  0.0011473
 7194.2 7246.4  0.0190056  0.0004386  0.0011233
 7246.4 7299.3  0.0192431  0.0003625  0.0010988
 7299.3 7352.9  0.0194876  0.0002864  0.0010743
 7352.9 7407.4  0.0197359  0.0002096  0.0010496
 7407.4 7462.7  0.0199942  0.0001338  0.0010250
 7462.7 7518.8  0.0202582  0.0000724  0.0010001
 7518.8 7575.8  0.0205325  0.0000626  0.0009756
 7575.8 7633.6  0.0208161  0.0000885  0.0009511
 7633.6 7692.3  0.0211099  0.0001589  0.0009270
 7692.3 7751.9  0.0214185  0.0002250  0.0009035
 7751.9 7812.5  0.0217365  0.0002896  0.0008801
 7812.5 7874.0  0.0220773  0.0003456  0.0008581
 7874.0 7936.5  0.0224319  0.0003975  0.0008367
 7936.5 8000.0  0.0228062  0.0004425  0.0008165
 8000.0 8064.5  0.0232087  0.0004757  0.0007982
 8064.5 8130.1  0.0236313  0.0005016  0.0007811
 8130.1 8196.7  0.0240883  0.0005124  0.0007665
 8196.7 8264.5  0.0245822  0.0005063  0.0007549
 8264.5 8333.3  0.0251092  0.0004863  0.0007457
 8333.3 8403.4  0.0256855  0.0004420  0.0007407
 8403.4 8474.6  0.0263220  0.0003685  0.0007408
 8474.6 8547.0  0.0269842  0.0002848  0.0007425
 8547.0 8620.7  0.0276575  0.0001997  0.0007442
 8620.7 8695.7  0.0283429  0.0001131  0.0007460
 8695.7 8771.9  0.0290404  0.0000250  0.0007478
 8771.9 8849.6  0.0297491 -0.0000645  0.0007496
 8849.6 8928.6  0.0304717 -0.0001558  0.0007515
 8928.6 9009.0  0.0312064 -0.0002487  0.0007534
 9009.0 9090.9  0.0319541 -0.0003431  0.0007553
 9090.9 9174.3  0.0327158 -0.0004394  0.0007573
 9174.3 9259.3  0.0334914 -0.0005374  0.0007593
 9259.3 9345.8  0.0342819 -0.0006372  0.0007613
 9345.8 9434.0  0.0350863 -0.0007389  0.0007634
 9434.0 9523.8  0.0359066 -0.0008425  0.0007655
 9523.8 9615.4  0.0367417 -0.0009480  0.0007677
 9615.4 9708.7  0.0375936 -0.0010556  0.0007699
 9708.7 9803.9  0.0384613 -0.0011653  0.0007721
 9803.9 9901.0  0.0393467 -0.0012771  0.0007744
 9901.0 9911.0  0.0402497 -0.0013912  0.0007767
