 1176.5 1177.9  0.3342454 30.2151489  0.9356443
 1177.9 1179.2  0.3340377 30.2398739  0.9356593
 1179.2 1180.6  0.3338448 30.2628288  0.9356732
 1180.6 1182.0  0.3336371 30.2875538  0.9356881
 1182.0 1183.4  0.3334294 30.3122787  0.9357032
 1183.4 1184.8  0.3332217 30.3370018  0.9357181
 1184.8 1186.2  0.3330140 30.3617268  0.9357331
 1186.2 1187.6  0.3328063 30.3864479  0.9357481
 1187.6 1189.1  0.3325986 30.4111729  0.9357631
 1189.1 1190.5  0.3323761 30.4376621  0.9357791
 1190.5 1191.9  0.3321683 30.4623871  0.9357941
 1191.9 1193.3  0.3319606 30.4871101  0.9358091
 1193.3 1194.7  0.3317529 30.5118351  0.9358241
 1194.7 1196.2  0.3315452 30.5365562  0.9358391
 1196.2 1197.6  0.3313227 30.5630474  0.9358551
 1197.6 1199.0  0.3311150 30.5877705  0.9358701
 1199.0 1200.5  0.3309073 30.6124954  0.9358851
 1200.5 1201.9  0.3306848 30.6389847  0.9359011
 1201.9 1203.4  0.3304771 30.6637096  0.9359161
 1203.4 1204.8  0.3302545 30.6901989  0.9359322
 1204.8 1206.3  0.3300468 30.7149239  0.9359471
 1206.3 1207.7  0.3298243 30.7414131  0.9359632
 1207.7 1209.2  0.3296166 30.7661343  0.9359782
 1209.2 1210.7  0.3293940 30.7926235  0.9359942
 1210.7 1212.1  0.3291715 30.8191147  0.9360102
 1212.1 1213.6  0.3289638 30.8438377  0.9360253
 1213.6 1215.1  0.3287413 30.8703289  0.9360413
 1215.1 1216.5  0.3285187 30.8968182  0.9360573
 1216.5 1218.0  0.3283110 30.9215412  0.9360723
 1218.0 1219.5  0.3280885 30.9480324  0.9360884
 1219.5 1221.0  0.3278660 30.9745216  0.9361044
 1221.0 1222.5  0.3276434 31.0010109  0.9361205
 1222.5 1224.0  0.3274209 31.0275002  0.9361365
 1224.0 1225.5  0.3271983 31.0539913  0.9361526
 1225.5 1227.0  0.3269758 31.0804806  0.9361687
 1227.0 1228.5  0.3267533 31.1069698  0.9361847
 1228.5 1230.0  0.3265307 31.1334591  0.9362007
 1230.0 1231.5  0.3263082 31.1599503  0.9362168
 1231.5 1233.0  0.3260857 31.1864395  0.9362329
 1233.0 1234.6  0.3258631 31.2129288  0.9362489
 1234.6 1236.1  0.3256257 31.2411842  0.9362660
 1236.1 1237.6  0.3254032 31.2676735  0.9362821
 1237.6 1239.2  0.3251807 31.2941647  0.9362981
 1239.2 1240.7  0.3249433 31.3224182  0.9363152
 1240.7 1242.2  0.3247208 31.3489094  0.9363313
 1242.2 1243.8  0.3244982 31.3753986  0.9363474
 1243.8 1245.3  0.3242608 31.4036560  0.9363645
 1245.3 1246.9  0.3240383 31.4301453  0.9363805
 1246.9 1248.4  0.3238009 31.4584007  0.9363977
 1248.4 1250.0  0.3235784 31.4848900  0.9364137
 1250.0 1251.6  0.3233410 31.5131454  0.9364308
 1251.6 1253.1  0.3231036 31.5414009  0.9364479
 1253.1 1254.7  0.3228811 31.5678902  0.9364640
 1254.7 1256.3  0.3226437 31.5961456  0.9364811
 1256.3 1257.9  0.3224064 31.6244030  0.9364982
 1257.9 1259.4  0.3221690 31.6526585  0.9365154
 1259.4 1261.0  0.3219464 31.6791496  0.9365314
 1261.0 1262.6  0.3217091 31.7074051  0.9365485
 1262.6 1264.2  0.3214717 31.7356586  0.9365656
 1264.2 1265.8  0.3212343 31.7639141  0.9365828
 1265.8 1267.4  0.3209969 31.7921715  0.9365999
 1267.4 1269.0  0.3207596 31.8204269  0.9366170
 1269.0 1270.6  0.3205222 31.8486824  0.9366341
 1270.6 1272.3  0.3202848 31.8769379  0.9366513
 1272.3 1273.9  0.3200326 31.9069614  0.9366695
 1273.9 1275.5  0.3197953 31.9352169  0.9366866
 1275.5 1277.1  0.3195579 31.9634724  0.9367037
 1277.1 1278.8  0.3193205 31.9917259  0.9367208
 1278.8 1280.4  0.3190683 32.0217514  0.9367390
 1280.4 1282.1  0.3188309 32.0500069  0.9367561
 1282.1 1283.7  0.3185787 32.0800247  0.9367743
 1283.7 1285.3  0.3183413 32.1082802  0.9367915
 1285.3 1287.0  0.3181040 32.1365395  0.9368086
 1287.0 1288.7  0.3178518 32.1665611  0.9368268
 1288.7 1290.3  0.3175996 32.1965790  0.9368449
 1290.3 1292.0  0.3173622 32.2248383  0.9368621
 1292.0 1293.7  0.3171100 32.2548599  0.9368803
 1293.7 1295.3  0.3168578 32.2848778  0.9368985
 1295.3 1297.0  0.3166204 32.3131371  0.9369156
 1297.0 1298.7  0.3163682 32.3431587  0.9369338
 1298.7 1300.4  0.3161160 32.3731804  0.9369520
 1300.4 1302.1  0.3158829 32.4009666  0.9369670
 1302.1 1303.8  0.3157118 32.4214973  0.9369717
 1303.8 1305.5  0.3155408 32.4420280  0.9369763
 1305.5 1307.2  0.3153698 32.4625549  0.9369810
 1307.2 1308.9  0.3151987 32.4830856  0.9369857
 1308.9 1310.6  0.3150277 32.5036163  0.9369903
 1310.6 1312.3  0.3148567 32.5241432  0.9369950
 1312.3 1314.1  0.3146856 32.5446739  0.9369997
 1314.1 1315.8  0.3145046 32.5664101  0.9370046
 1315.8 1317.5  0.3143335 32.5869408  0.9370093
 1317.5 1319.3  0.3141625 32.6074715  0.9370140
 1319.3 1321.0  0.3139814 32.6292076  0.9370189
 1321.0 1322.8  0.3138104 32.6497383  0.9370236
 1322.8 1324.5  0.3136293 32.6714745  0.9370285
 1324.5 1326.3  0.3134582 32.6920052  0.9370332
 1326.3 1328.0  0.3132772 32.7137413  0.9370381
 1328.0 1329.8  0.3131061 32.7342720  0.9370428
 1329.8 1331.6  0.3129250 32.7560081  0.9370478
 1331.6 1333.3  0.3127439 32.7777443  0.9370527
 1333.3 1335.1  0.3125729 32.7982750  0.9370574
 1335.1 1336.9  0.3123918 32.8200111  0.9370623
 1336.9 1338.7  0.3122107 32.8417473  0.9370673
 1338.7 1340.5  0.3120296 32.8634834  0.9370722
 1340.5 1342.3  0.3118486 32.8852234  0.9370772
 1342.3 1344.1  0.3116674 32.9069595  0.9370821
 1344.1 1345.9  0.3114864 32.9286957  0.9370871
 1345.9 1347.7  0.3113053 32.9504356  0.9370920
 1347.7 1349.5  0.3111242 32.9721718  0.9370970
 1349.5 1351.4  0.3109431 32.9939079  0.9371019
 1351.4 1353.2  0.3107636 33.0155373  0.9371028
 1353.2 1355.0  0.3105975 33.0355797  0.9371021
 1355.0 1356.9  0.3104315 33.0556259  0.9371015
 1356.9 1358.7  0.3102562 33.0767822  0.9371008
 1358.7 1360.5  0.3100901 33.0968246  0.9371002
 1360.5 1362.4  0.3099240 33.1168709  0.9370996
 1362.4 1364.3  0.3097487 33.1380272  0.9370989
 1364.3 1366.1  0.3095734 33.1591873  0.9370982
 1366.1 1368.0  0.3094073 33.1792297  0.9370976
 1368.0 1369.9  0.3092320 33.2003860  0.9370969
 1369.9 1371.7  0.3090567 33.2215462  0.9370962
 1371.7 1373.6  0.3088906 33.2415886  0.9370956
 1373.6 1375.5  0.3087153 33.2627449  0.9370949
 1375.5 1377.4  0.3085400 33.2839050  0.9370943
 1377.4 1379.3  0.3083647 33.3050613  0.9370936
 1379.3 1381.2  0.3081893 33.3262177  0.9370930
 1381.2 1383.1  0.3080140 33.3473740  0.9370922
 1383.1 1385.0  0.3078387 33.3685341  0.9370916
 1385.0 1387.0  0.3076634 33.3896904  0.9370909
 1387.0 1388.9  0.3074789 33.4119606  0.9370902
 1388.9 1390.8  0.3073036 33.4331207  0.9370896
 1390.8 1392.8  0.3071283 33.4542770  0.9370888
 1392.8 1394.7  0.3069437 33.4765472  0.9370882
 1394.7 1396.6  0.3067684 33.4977074  0.9370875
 1396.6 1398.6  0.3065931 33.5188637  0.9370868
 1398.6 1400.6  0.3064086 33.5411339  0.9370861
 1400.6 1402.5  0.3062288 33.5628624  0.9370838
 1402.5 1404.5  0.3060686 33.5823021  0.9370778
 1404.5 1406.5  0.3059000 33.6027641  0.9370716
 1406.5 1408.5  0.3057313 33.6232262  0.9370654
 1408.5 1410.4  0.3055627 33.6436882  0.9370591
 1410.4 1412.4  0.3054025 33.6631241  0.9370531
 1412.4 1414.4  0.3052339 33.6835861  0.9370469
 1414.4 1416.4  0.3050652 33.7040482  0.9370407
 1416.4 1418.4  0.3048966 33.7245102  0.9370344
 1418.4 1420.5  0.3047280 33.7449722  0.9370282
 1420.5 1422.5  0.3045509 33.7664566  0.9370216
 1422.5 1424.5  0.3043823 33.7869186  0.9370154
 1424.5 1426.5  0.3042137 33.8073807  0.9370092
 1426.5 1428.6  0.3040450 33.8278427  0.9370029
 1428.6 1430.6  0.3038680 33.8493271  0.9369963
 1430.6 1432.7  0.3036993 33.8697891  0.9369901
 1432.7 1434.7  0.3035223 33.8912735  0.9369835
 1434.7 1436.8  0.3033536 33.9117355  0.9369773
 1436.8 1438.8  0.3031766 33.9332199  0.9369707
 1438.8 1440.9  0.3030079 33.9536819  0.9369645
 1440.9 1443.0  0.3028309 33.9751663  0.9369580
 1443.0 1445.1  0.3026538 33.9966507  0.9369514
 1445.1 1447.2  0.3024768 34.0181351  0.9369448
 1447.2 1449.3  0.3022997 34.0396194  0.9369383
 1449.3 1451.4  0.3021226 34.0611076  0.9369317
 1451.4 1453.5  0.3019563 34.0813637  0.9369217
 1453.5 1455.6  0.3017952 34.1010094  0.9369100
 1455.6 1457.7  0.3016342 34.1206551  0.9368983
 1457.7 1459.9  0.3014731 34.1403008  0.9368866
 1459.9 1462.0  0.3013044 34.1608849  0.9368743
 1462.0 1464.1  0.3011434 34.1805305  0.9368626
 1464.1 1466.3  0.3009824 34.2001762  0.9368510
 1466.3 1468.4  0.3008136 34.2207565  0.9368387
 1468.4 1470.6  0.3006526 34.2404022  0.9368270
 1470.6 1472.8  0.3004839 34.2609825  0.9368147
 1472.8 1474.9  0.3003152 34.2815666  0.9368024
 1474.9 1477.1  0.3001541 34.3012123  0.9367908
 1477.1 1479.3  0.2999854 34.3217926  0.9367785
 1479.3 1481.5  0.2998167 34.3423729  0.9367662
 1481.5 1483.7  0.2996480 34.3629570  0.9367540
 1483.7 1485.9  0.2994793 34.3835373  0.9367417
 1485.9 1488.1  0.2993106 34.4041176  0.9367294
 1488.1 1490.3  0.2991419 34.4246979  0.9367172
 1490.3 1492.5  0.2989732 34.4452820  0.9367049
 1492.5 1494.8  0.2988045 34.4658623  0.9366927
 1494.8 1497.0  0.2986281 34.4873810  0.9366798
 1497.0 1499.3  0.2984594 34.5079613  0.9366676
 1499.3 1501.5  0.2982830 34.5294762  0.9366547
 1501.5 1503.8  0.2981253 34.5487785  0.9366392
 1503.8 1506.0  0.2979659 34.5683327  0.9366215
 1506.0 1508.3  0.2978134 34.5870361  0.9366045
 1508.3 1510.6  0.2976539 34.6065903  0.9365867
 1510.6 1512.9  0.2974945 34.6261444  0.9365689
 1512.9 1515.2  0.2973351 34.6456985  0.9365512
 1515.2 1517.5  0.2971756 34.6652527  0.9365333
 1517.5 1519.8  0.2970162 34.6848068  0.9365156
 1519.8 1522.1  0.2968567 34.7043610  0.9364978
 1522.1 1524.4  0.2966973 34.7239151  0.9364800
 1524.4 1526.7  0.2965378 34.7434692  0.9364622
 1526.7 1529.1  0.2963784 34.7630234  0.9364444
 1529.1 1531.4  0.2962120 34.7834282  0.9364259
 1531.4 1533.7  0.2960526 34.8029823  0.9364081
 1533.7 1536.1  0.2958932 34.8225327  0.9363903
 1536.1 1538.5  0.2957268 34.8429375  0.9363717
 1538.5 1540.8  0.2955604 34.8633423  0.9363532
 1540.8 1543.2  0.2954010 34.8828964  0.9363354
 1543.2 1545.6  0.2952346 34.9033012  0.9363168
 1545.6 1548.0  0.2950682 34.9237061  0.9362983
 1548.0 1550.4  0.2949018 34.9441109  0.9362797
 1550.4 1552.8  0.2947384 34.9641800  0.9362604
 1552.8 1555.2  0.2945892 34.9825706  0.9362373
 1555.2 1557.6  0.2944400 35.0009613  0.9362143
 1557.6 1560.1  0.2942908 35.0193558  0.9361912
 1560.1 1562.5  0.2941354 35.0385132  0.9361672
 1562.5 1564.9  0.2939862 35.0569077  0.9361441
 1564.9 1567.4  0.2938370 35.0752983  0.9361210
 1567.4 1569.9  0.2936816 35.0944557  0.9360970
 1569.9 1572.3  0.2935262 35.1136169  0.9360729
 1572.3 1574.8  0.2933770 35.1320076  0.9360499
 1574.8 1577.3  0.2932216 35.1511650  0.9360258
 1577.3 1579.8  0.2930662 35.1703262  0.9360018
 1579.8 1582.3  0.2929108 35.1894836  0.9359778
 1582.3 1584.8  0.2927554 35.2086411  0.9359537
 1584.8 1587.3  0.2925999 35.2278023  0.9359297
 1587.3 1589.8  0.2924446 35.2469597  0.9359056
 1589.8 1592.4  0.2922891 35.2661171  0.9358816
 1592.4 1594.9  0.2921275 35.2860413  0.9358566
 1594.9 1597.4  0.2919721 35.3052025  0.9358326
 1597.4 1600.0  0.2918167 35.3243599  0.9358085
 1600.0 1602.6  0.2916551 35.3442841  0.9357835
 1602.6 1605.1  0.2915120 35.3620338  0.9357538
 1605.1 1607.7  0.2913744 35.3790970  0.9357253
 1607.7 1610.3  0.2912313 35.3968468  0.9356956
 1610.3 1612.9  0.2910882 35.4145966  0.9356659
 1612.9 1615.5  0.2909451 35.4323425  0.9356362
 1615.5 1618.1  0.2908020 35.4500923  0.9356065
 1618.1 1620.7  0.2906590 35.4678421  0.9355769
 1620.7 1623.4  0.2905158 35.4855881  0.9355472
 1623.4 1626.0  0.2903672 35.5040207  0.9355163
 1626.0 1628.7  0.2902242 35.5217667  0.9354866
 1628.7 1631.3  0.2900756 35.5401993  0.9354558
 1631.3 1634.0  0.2899325 35.5579491  0.9354261
 1634.0 1636.7  0.2897839 35.5763779  0.9353953
 1636.7 1639.3  0.2896353 35.5948105  0.9353645
 1639.3 1642.0  0.2894922 35.6125603  0.9353348
 1642.0 1644.7  0.2893436 35.6309891  0.9353039
 1644.7 1647.4  0.2891950 35.6494217  0.9352731
 1647.4 1650.2  0.2890464 35.6678505  0.9352423
 1650.2 1652.9  0.2888938 35.6867943  0.9352099
 1652.9 1655.6  0.2887652 35.7029037  0.9351733
 1655.6 1658.4  0.2886366 35.7190132  0.9351366
 1658.4 1661.1  0.2885033 35.7357178  0.9350986
 1661.1 1663.9  0.2883747 35.7518272  0.9350620
 1663.9 1666.7  0.2882414 35.7685356  0.9350240
 1666.7 1669.4  0.2881080 35.7852402  0.9349860
 1669.4 1672.2  0.2879794 35.8013496  0.9349493
 1672.2 1675.0  0.2878461 35.8180542  0.9349114
 1675.0 1677.9  0.2877128 35.8347626  0.9348733
 1677.9 1680.7  0.2875746 35.8520660  0.9348340
 1680.7 1683.5  0.2874413 35.8687706  0.9347960
 1683.5 1686.3  0.2873080 35.8854790  0.9347580
 1686.3 1689.2  0.2871746 35.9021835  0.9347200
 1689.2 1692.0  0.2870365 35.9194870  0.9346806
 1692.0 1694.9  0.2869032 35.9361916  0.9346426
 1694.9 1697.8  0.2867651 35.9534950  0.9346033
 1697.8 1700.7  0.2866270 35.9707985  0.9345639
 1700.7 1703.6  0.2865020 35.9864807  0.9345267
 1703.6 1706.5  0.2864185 35.9970665  0.9344960
 1706.5 1709.4  0.2863350 36.0076561  0.9344653
 1709.4 1712.3  0.2862514 36.0182419  0.9344347
 1712.3 1715.3  0.2861679 36.0288315  0.9344040
 1715.3 1718.2  0.2860815 36.0397835  0.9343722
 1718.2 1721.2  0.2859980 36.0503693  0.9343416
 1721.2 1724.1  0.2859115 36.0613213  0.9343099
 1724.1 1727.1  0.2858280 36.0719109  0.9342792
 1727.1 1730.1  0.2857416 36.0828629  0.9342475
 1730.1 1733.1  0.2856552 36.0938148  0.9342157
 1733.1 1736.1  0.2855687 36.1047668  0.9341840
 1736.1 1739.1  0.2854823 36.1157188  0.9341523
 1739.1 1742.2  0.2853959 36.1266708  0.9341206
 1742.2 1745.2  0.2853066 36.1379890  0.9340878
 1745.2 1748.3  0.2852202 36.1489410  0.9340560
 1748.3 1751.3  0.2851309 36.1602592  0.9340233
 1751.3 1754.4  0.2850445 36.1712112  0.9339916
 1754.4 1757.5  0.2849521 36.1829491  0.9339560
 1757.5 1760.6  0.2848391 36.1975212  0.9339017
 1760.6 1763.7  0.2847260 36.2120895  0.9338474
 1763.7 1766.8  0.2846130 36.2266617  0.9337930
 1766.8 1769.9  0.2844999 36.2412338  0.9337387
 1769.9 1773.0  0.2843868 36.2558060  0.9336843
 1773.0 1776.2  0.2842820 36.2694626  0.9336267
 1776.2 1779.4  0.2841740 36.2835312  0.9335670
 1779.4 1782.5  0.2840660 36.2975998  0.9335074
 1782.5 1785.7  0.2839614 36.3112259  0.9334496
 1785.7 1788.9  0.2838534 36.3252945  0.9333900
 1788.9 1792.1  0.2837535 36.3384666  0.9333270
 1792.1 1795.3  0.2836545 36.3515434  0.9332635
 1795.3 1798.6  0.2835555 36.3646240  0.9332001
 1798.6 1801.8  0.2834533 36.3781090  0.9331347
 1801.8 1805.1  0.2833543 36.3911896  0.9330713
 1805.1 1808.3  0.2832586 36.4040298  0.9329999
 1808.3 1811.6  0.2831662 36.4164429  0.9329303
 1811.6 1814.9  0.2830709 36.4292412  0.9328585
 1814.9 1818.2  0.2829756 36.4420433  0.9327866
 1818.2 1821.5  0.2828811 36.4547539  0.9327147
 1821.5 1824.8  0.2827987 36.4660721  0.9326406
 1824.8 1828.2  0.2827162 36.4773903  0.9325664
 1828.2 1831.5  0.2826313 36.4890518  0.9324901
 1831.5 1834.9  0.2825489 36.5003700  0.9324159
 1834.9 1838.2  0.2824640 36.5120316  0.9323395
 1838.2 1841.6  0.2823918 36.5222359  0.9322606
 1841.6 1845.0  0.2823177 36.5327110  0.9321792
 1845.0 1848.4  0.2822437 36.5431900  0.9320978
 1848.4 1851.9  0.2821696 36.5536652  0.9320164
 1851.9 1855.3  0.2820934 36.5644493  0.9319326
 1855.3 1858.7  0.2820286 36.5739822  0.9318433
 1858.7 1862.2  0.2819642 36.5834808  0.9317539
 1862.2 1865.7  0.2818979 36.5932617  0.9316618
 1865.7 1869.2  0.2818316 36.6030426  0.9315698
 1869.2 1872.7  0.2817660 36.6127357  0.9314775
 1872.7 1876.2  0.2817137 36.6209259  0.9313820
 1876.2 1879.7  0.2816614 36.6291161  0.9312866
 1879.7 1883.2  0.2816091 36.6373062  0.9311911
 1883.2 1886.8  0.2815568 36.6454964  0.9310957
 1886.8 1890.4  0.2815030 36.6539192  0.9309976
 1890.4 1893.9  0.2814616 36.6610031  0.9308931
 1893.9 1897.5  0.2814221 36.6678123  0.9307912
 1897.5 1901.1  0.2813815 36.6748161  0.9306864
 1901.1 1904.8  0.2813408 36.6818199  0.9305816
 1904.8 1908.4  0.2812991 36.6890182  0.9304739
 1908.4 1912.0  0.2812709 36.6947556  0.9303593
 1912.0 1915.7  0.2812435 36.7004204  0.9302441
 1915.7 1919.4  0.2812153 36.7062416  0.9301258
 1919.4 1923.1  0.2811871 36.7120628  0.9300075
 1923.1 1926.8  0.2811594 36.7178383  0.9298890
 1926.8 1930.5  0.2811467 36.7219276  0.9297661
 1930.5 1934.2  0.2811340 36.7260170  0.9296432
 1934.2 1938.0  0.2811214 36.7301064  0.9295202
 1938.0 1941.7  0.2811084 36.7343063  0.9293939
 1941.7 1945.5  0.2810957 36.7383957  0.9292710
 1945.5 1949.3  0.2810974 36.7410355  0.9291368
 1949.3 1953.1  0.2811003 36.7435379  0.9290019
 1953.1 1956.9  0.2811033 36.7460403  0.9288670
 1956.9 1960.8  0.2811062 36.7485466  0.9287322
 1960.8 1964.6  0.2811092 36.7511139  0.9285937
 1964.6 1968.5  0.2811276 36.7520561  0.9284468
 1968.5 1972.4  0.2811474 36.7529335  0.9282954
 1972.4 1976.3  0.2811671 36.7538071  0.9281440
 1976.3 1980.2  0.2811868 36.7546844  0.9279925
 1980.2 1984.1  0.2812073 36.7554855  0.9278409
 1984.1 1988.1  0.2812406 36.7548599  0.9276848
 1988.1 1992.0  0.2812746 36.7542229  0.9275248
 1992.0 1996.0  0.2813079 36.7535973  0.9273688
 1996.0 2000.0  0.2813420 36.7529602  0.9272087
 2000.0 2004.0  0.2813761 36.7523193  0.9270487
 2004.0 2008.0  0.2814233 36.7503777  0.9268762
 2008.0 2012.1  0.2814706 36.7484360  0.9267036
 2012.1 2016.1  0.2815190 36.7464485  0.9265268
 2016.1 2020.2  0.2815662 36.7445068  0.9263543
 2020.2 2024.3  0.2816150 36.7424736  0.9261773
 2024.3 2028.4  0.2816713 36.7396088  0.9259974
 2028.4 2032.5  0.2817276 36.7367401  0.9258174
 2032.5 2036.7  0.2817838 36.7338715  0.9256375
 2036.7 2040.8  0.2818414 36.7309341  0.9254531
 2040.8 2045.0  0.2818977 36.7280693  0.9252732
 2045.0 2049.2  0.2819610 36.7245598  0.9250823
 2049.2 2053.4  0.2820245 36.7210197  0.9248912
 2053.4 2057.6  0.2820881 36.7174835  0.9247000
 2057.6 2061.9  0.2821517 36.7139473  0.9245088
 2061.9 2066.1  0.2822168 36.7103233  0.9243130
 2066.1 2070.4  0.2822843 36.7064857  0.9241115
 2070.4 2074.7  0.2823535 36.7025528  0.9239050
 2074.7 2079.0  0.2824227 36.6986160  0.9236985
 2079.0 2083.3  0.2824919 36.6946831  0.9234919
 2083.3 2087.7  0.2825610 36.6907616  0.9232850
 2087.7 2092.1  0.2826304 36.6869469  0.9230687
 2092.1 2096.4  0.2826997 36.6831360  0.9228523
 2096.4 2100.8  0.2827675 36.6794090  0.9226409
 2100.8 2105.3  0.2828368 36.6755981  0.9224246
 2105.3 2109.7  0.2829072 36.6717491  0.9222034
 2109.7 2114.2  0.2829694 36.6686821  0.9219878
 2114.2 2118.6  0.2830330 36.6655426  0.9217673
 2118.6 2123.1  0.2830952 36.6624718  0.9215517
 2123.1 2127.7  0.2831588 36.6593323  0.9213312
 2127.7 2132.2  0.2832238 36.6561241  0.9211058
 2132.2 2136.8  0.2832778 36.6540756  0.9208825
 2136.8 2141.3  0.2833323 36.6520653  0.9206542
 2141.3 2145.9  0.2833856 36.6500969  0.9204307
 2145.9 2150.5  0.2834402 36.6480827  0.9202023
 2150.5 2155.2  0.2834947 36.6460686  0.9199740
 2155.2 2159.8  0.2835377 36.6456833  0.9197253
 2159.8 2164.5  0.2835782 36.6455002  0.9194802
 2164.5 2169.2  0.2836197 36.6453133  0.9192297
 2169.2 2173.9  0.2836612 36.6451263  0.9189793
 2173.9 2178.6  0.2837026 36.6449394  0.9187288
 2178.6 2183.4  0.2837206 36.6467934  0.9185109
 2183.4 2188.2  0.2837384 36.6487274  0.9182890
 2188.2 2193.0  0.2837562 36.6506653  0.9180671
 2193.0 2197.8  0.2837740 36.6526031  0.9178452
 2197.8 2202.6  0.2837918 36.6545372  0.9176233
 2202.6 2207.5  0.2837945 36.6584892  0.9173833
 2207.5 2212.4  0.2837840 36.6642647  0.9171225
 2212.4 2217.3  0.2837735 36.6700363  0.9168618
 2217.3 2222.2  0.2837631 36.6758118  0.9166011
 2222.2 2227.2  0.2837512 36.6817284  0.9163410
 2227.2 2232.1  0.2837060 36.6912155  0.9160899
 2232.1 2237.1  0.2836618 36.7005119  0.9158438
 2237.1 2242.2  0.2836166 36.7099991  0.9155928
 2242.2 2247.2  0.2835705 36.7196770  0.9153367
 2247.2 2252.3  0.2835236 36.7293434  0.9150860
 2252.3 2257.3  0.2834350 36.7436066  0.9148399
 2257.3 2262.4  0.2833482 36.7575912  0.9145985
 2262.4 2267.6  0.2832596 36.7718582  0.9143524
 2267.6 2272.7  0.2831693 36.7864037  0.9141014
 2272.7 2277.9  0.2830807 36.8006668  0.9138553
 2277.9 2283.1  0.2829377 36.8210831  0.9136066
 2283.1 2288.3  0.2827914 36.8418617  0.9133582
 2288.3 2293.6  0.2826452 36.8626366  0.9131097
 2293.6 2298.9  0.2824961 36.8838120  0.9128564
 2298.9 2304.1  0.2823470 36.9049873  0.9126031
 2304.1 2309.5  0.2821440 36.9319000  0.9123683
 2309.5 2314.8  0.2819321 36.9599686  0.9121247
 2314.8 2320.2  0.2817241 36.9875183  0.9118856
 2320.2 2325.6  0.2815121 37.0155869  0.9116420
 2325.6 2331.0  0.2813002 37.0436554  0.9113984
 2331.0 2336.4  0.2810152 37.0798111  0.9111620
 2336.4 2341.9  0.2807244 37.1166115  0.9109263
 2341.9 2347.4  0.2804283 37.1540947  0.9106862
 2347.4 2352.9  0.2801321 37.1915779  0.9104461
 2352.9 2358.5  0.2798359 37.2290611  0.9102060
 2358.5 2364.1  0.2794513 37.2763519  0.9099773
 2364.1 2369.7  0.2790651 37.3238068  0.9097489
 2369.7 2375.3  0.2786790 37.3712616  0.9095204
 2375.3 2381.0  0.2782929 37.4187202  0.9092920
 2381.0 2386.6  0.2778999 37.4670219  0.9090596
 2386.6 2392.3  0.2774530 37.5213585  0.9088557
 2392.3 2398.1  0.2769982 37.5766678  0.9086481
 2398.1 2403.8  0.2765353 37.6329460  0.9084370
 2403.8 2409.6  0.2760805 37.6882515  0.9082294
 2409.6 2415.5  0.2756176 37.7445297  0.9080182
 2415.5 2421.3  0.2751138 37.8063927  0.9078281
 2421.3 2427.2  0.2746162 37.8675423  0.9076429
 2427.2 2433.1  0.2741100 37.9297409  0.9074545
 2433.1 2439.0  0.2736038 37.9919434  0.9072661
 2439.0 2445.0  0.2730976 38.0541458  0.9070777
 2445.0 2451.0  0.2726131 38.1158524  0.9069259
 2451.0 2457.0  0.2721285 38.1775589  0.9067741
 2457.0 2463.1  0.2716440 38.2392654  0.9066222
 2463.1 2469.1  0.2711514 38.3020020  0.9064679
 2469.1 2475.2  0.2706684 38.3635826  0.9063169
 2475.2 2481.4  0.2702698 38.4186821  0.9062136
 2481.4 2487.6  0.2698647 38.4746895  0.9061086
 2487.6 2493.8  0.2694595 38.5306931  0.9060035
 2493.8 2500.0  0.2690544 38.5867004  0.9058985
 2500.0 2506.3  0.2686493 38.6427040  0.9057934
 2506.3 2512.6  0.2684069 38.6845055  0.9057509
 2512.6 2518.9  0.2681645 38.7263069  0.9057083
 2518.9 2525.3  0.2679221 38.7681046  0.9056658
 2525.3 2531.6  0.2676758 38.8105698  0.9056225
 2531.6 2538.1  0.2674334 38.8523712  0.9055800
 2538.1 2544.5  0.2674141 38.8750381  0.9056094
 2544.5 2551.0  0.2674100 38.8960342  0.9056430
 2551.0 2557.5  0.2674058 38.9173584  0.9056773
 2557.5 2564.1  0.2674017 38.9386826  0.9057114
 2564.1 2570.7  0.2674027 38.9598579  0.9057476
 2570.7 2577.3  0.2677463 38.9500046  0.9058792
 2577.3 2584.0  0.2680898 38.9401474  0.9060108
 2584.0 2590.7  0.2684386 38.9301453  0.9061444
 2590.7 2597.4  0.2687874 38.9201431  0.9062780
 2597.4 2604.2  0.2691610 38.9078140  0.9064177
 2604.2 2611.0  0.2699378 38.8581352  0.9066584
 2611.0 2617.8  0.2707146 38.8084526  0.9068989
 2617.8 2624.7  0.2714914 38.7587738  0.9071395
 2624.7 2631.6  0.2722796 38.7083626  0.9073836
 2631.6 2638.5  0.2730678 38.6579514  0.9076278
 2638.5 2645.5  0.2743474 38.5641022  0.9079812
 2645.5 2652.5  0.2756762 38.4661789  0.9083466
 2652.5 2659.6  0.2770050 38.3682556  0.9087120
 2659.6 2666.7  0.2783529 38.2689285  0.9090826
 2666.7 2673.8  0.2797006 38.1696091  0.9094532
 2673.8 2681.0  0.2815506 38.0293007  0.9099104
 2681.0 2688.2  0.2834490 37.8851814  0.9103780
 2688.2 2695.4  0.2853474 37.7410622  0.9108456
 2695.4 2702.7  0.2872458 37.5969429  0.9113131
 2702.7 2710.0  0.2891706 37.4508209  0.9117872
 2710.0 2717.4  0.2916035 37.2680550  0.9123192
 2717.4 2724.8  0.2940917 37.0811920  0.9128610
 2724.8 2732.2  0.2965800 36.8943253  0.9134028
 2732.2 2739.7  0.2990683 36.7074623  0.9139445
 2739.7 2747.3  0.3015902 36.5180740  0.9144936
 2747.3 2754.8  0.3046668 36.2941284  0.9150752
 2754.8 2762.4  0.3077240 36.0718307  0.9156502
 2762.4 2770.1  0.3108220 35.8465729  0.9162328
 2770.1 2777.8  0.3139608 35.6183434  0.9168231
 2777.8 2785.5  0.3170995 35.3901215  0.9174134
 2785.5 2793.3  0.3207652 35.1357727  0.9179903
 2793.3 2801.1  0.3244928 34.8774185  0.9185745
 2801.1 2809.0  0.3282205 34.6190605  0.9191586
 2809.0 2816.9  0.3319958 34.3573952  0.9197503
 2816.9 2824.9  0.3357712 34.0957298  0.9203419
 2824.9 2832.9  0.3402017 33.8072243  0.9208879
 2832.9 2840.9  0.3446399 33.5184212  0.9214333
 2840.9 2849.0  0.3490781 33.2296181  0.9219787
 2849.0 2857.1  0.3535719 32.9371986  0.9225308
 2857.1 2865.3  0.3580711 32.6447220  0.9230815
 2865.3 2873.6  0.3630647 32.3439178  0.9235172
 2873.6 2881.8  0.3681193 32.0394363  0.9239581
 2881.8 2890.2  0.3731130 31.7386303  0.9243938
 2890.2 2898.6  0.3782284 31.4304867  0.9248400
 2898.6 2907.0  0.3833440 31.1223354  0.9252864
 2907.0 2915.5  0.3891321 30.8039761  0.9255787
 2915.5 2924.0  0.3950232 30.4813080  0.9258668
 2924.0 2932.6  0.4009143 30.1586380  0.9261549
 2932.6 2941.2  0.4068748 29.8321686  0.9264463
 2941.2 2949.9  0.4128454 29.5059090  0.9267331
 2949.9 2958.6  0.4193192 29.1843891  0.9268265
 2958.6 2967.4  0.4257931 28.8628597  0.9269198
 2967.4 2976.2  0.4323411 28.5376511  0.9270142
 2976.2 2985.1  0.4388894 28.2124310  0.9271086
 2985.1 2994.0  0.4455171 27.8835983  0.9272020
 2994.0 3003.0  0.4525877 27.5622463  0.9271132
 3003.0 3012.0  0.4597377 27.2372799  0.9270234
 3012.0 3021.1  0.4668878 26.9123116  0.9269336
 3021.1 3030.3  0.4741174 26.5837307  0.9268428
 3030.3 3039.5  0.4814291 26.2522221  0.9267462
 3039.5 3048.8  0.4888235 25.9408207  0.9265096
 3048.8 3058.1  0.4962983 25.6260319  0.9262702
 3058.1 3067.5  0.5037732 25.3112431  0.9260310
 3067.5 3076.9  0.5113283 24.9930744  0.9257891
 3076.9 3086.4  0.5188833 24.6749039  0.9255472
 3086.4 3096.0  0.5265269 24.3746223  0.9251953
 3096.0 3105.6  0.5342510 24.0714035  0.9248385
 3105.6 3115.3  0.5419752 23.7681847  0.9244817
 3115.3 3125.0  0.5497797 23.4618130  0.9241213
 3125.0 3134.8  0.5575842 23.1554413  0.9237608
 3134.8 3144.7  0.5649741 22.8841743  0.9233497
 3144.7 3154.6  0.5724391 22.6101456  0.9229344
 3154.6 3164.6  0.5799044 22.3361073  0.9225190
 3164.6 3174.6  0.5874451 22.0593071  0.9220995
 3174.6 3184.7  0.5949857 21.7825050  0.9216800
 3184.7 3194.9  0.6019922 21.5422688  0.9212562
 3194.9 3205.1  0.6090428 21.3012886  0.9208283
 3205.1 3215.4  0.6160935 21.0603046  0.9204003
 3215.4 3225.8  0.6232131 20.8169651  0.9199681
 3225.8 3236.2  0.6303340 20.5749016  0.9195355
 3236.2 3246.8  0.6366370 20.3766079  0.9191475
 3246.8 3257.3  0.6430615 20.1744976  0.9187521
 3257.3 3268.0  0.6494252 19.9742947  0.9183604
 3268.0 3278.7  0.6559102 19.7702808  0.9179612
 3278.7 3289.5  0.6620679 19.5821896  0.9175847
 3289.5 3300.3  0.6676583 19.4227486  0.9172476
 3300.3 3311.3  0.6732486 19.2633076  0.9169105
 3311.3 3322.3  0.6789426 19.1009140  0.9165672
 3322.3 3333.3  0.6846365 18.9385223  0.9162239
 3333.3 3344.5  0.6896854 18.8051014  0.9159235
 3344.5 3355.7  0.6946124 18.6788521  0.9156318
 3355.7 3367.0  0.6995395 18.5526028  0.9153402
 3367.0 3378.4  0.7045106 18.4252243  0.9150459
 3378.4 3389.8  0.7090207 18.3117065  0.9147794
 3389.8 3401.4  0.7123426 18.2334538  0.9145842
 3401.4 3413.0  0.7157227 18.1538315  0.9143855
 3413.0 3424.7  0.7191029 18.0742054  0.9141869
 3424.7 3436.4  0.7225122 17.9938946  0.9139865
 3436.4 3448.3  0.7313797 17.8046455  0.9134501
 3448.3 3460.2  0.7405450 17.6092434  0.9128954
 3460.2 3472.2  0.7445089 17.5231800  0.9126446
 3472.2 3484.3  0.7476320 17.4547691  0.9124426
 3484.3 3496.5  0.7507811 17.3857880  0.9122390
 3496.5 3508.8  0.7539561 17.3162365  0.9120336
 3508.8 3521.1  0.7571573 17.2461147  0.9118266
 3521.1 3533.6  0.7603584 17.1759949  0.9116196
 3533.6 3546.1  0.7636116 17.1047325  0.9114093
 3546.1 3558.7  0.7668648 17.0334702  0.9111989
 3558.7 3571.4  0.7696369 16.9683437  0.9110066
 3571.4 3584.2  0.7722021 16.9057274  0.9108217
 3584.2 3597.1  0.7747874 16.8426170  0.9106354
 3597.1 3610.1  0.7773930 16.7790146  0.9104477
 3610.1 3623.2  0.7800187 16.7149200  0.9102585
 3623.2 3636.4  0.7826647 16.6503315  0.9100678
 3636.4 3649.6  0.7853308 16.5852509  0.9098756
 3649.6 3663.0  0.7879970 16.5201683  0.9096835
 3663.0 3676.5  0.7902520 16.4600163  0.9095178
 3676.5 3690.0  0.7925100 16.3995972  0.9093518
 3690.0 3703.7  0.7947679 16.3391781  0.9091858
 3703.7 3717.5  0.7970592 16.2778645  0.9090173
 3717.5 3731.3  0.7993673 16.2161045  0.9088476
 3731.3 3745.3  0.8016754 16.1543427  0.9086779
 3745.3 3759.4  0.8040169 16.0916862  0.9085058
 3759.4 3773.6  0.8062407 16.0319366  0.9083565
 3773.6 3787.9  0.8084125 15.9734516  0.9082184
 3787.9 3802.3  0.8105996 15.9145555  0.9080793
 3802.3 3816.8  0.8128020 15.8552456  0.9079392
 3816.8 3831.4  0.8150196 15.7955256  0.9077982
 3831.4 3846.2  0.8172526 15.7353935  0.9076561
 3846.2 3861.0  0.8195161 15.6744366  0.9075121
 3861.0 3876.0  0.8217453 15.6167316  0.9073964
 3876.0 3891.1  0.8239924 15.5593853  0.9072891
 3891.1 3906.2  0.8262545 15.5016565  0.9071810
 3906.2 3921.6  0.8285167 15.4439287  0.9070730
 3921.6 3937.0  0.8308238 15.3850527  0.9069628
 3937.0 3952.6  0.8331309 15.3261776  0.9068525
 3952.6 3968.3  0.8354579 15.2672615  0.9067464
 3968.3 3984.1  0.8377494 15.2116117  0.9066677
 3984.1 4000.0  0.8400555 15.1556063  0.9065884
 4000.0 4016.1  0.8423762 15.0992470  0.9065087
 4016.1 4032.3  0.8447261 15.0421791  0.9064280
 4032.3 4048.6  0.8470905 14.9847565  0.9063467
 4048.6 4065.0  0.8494696 14.9269791  0.9062650
 4065.0 4081.6  0.8517425 14.8729515  0.9062070
 4081.6 4098.4  0.8540318 14.8186531  0.9061506
 4098.4 4115.2  0.8563486 14.7637005  0.9060935
 4115.2 4132.2  0.8586655 14.7087460  0.9060364
 4132.2 4149.4  0.8610099 14.6531391  0.9059787
 4149.4 4166.7  0.8633819 14.5968781  0.9059202
 4166.7 4184.1  0.8655939 14.5444517  0.9058814
 4184.1 4201.7  0.8678124 14.4918737  0.9058431
 4201.7 4219.4  0.8700564 14.4386902  0.9058043
 4219.4 4237.3  0.8723131 14.3852062  0.9057653
 4237.3 4255.3  0.8745954 14.3311176  0.9057258
 4255.3 4273.5  0.8768302 14.2778387  0.9056907
 4273.5 4291.8  0.8789439 14.2266645  0.9056660
 4291.8 4310.3  0.8810691 14.1752100  0.9056412
 4310.3 4329.0  0.8832176 14.1231918  0.9056161
 4329.0 4347.8  0.8853893 14.0706110  0.9055908
 4347.8 4366.8  0.8875726 14.0177507  0.9055653
 4366.8 4386.0  0.8895788 13.9672632  0.9055489
 4386.0 4405.3  0.8915795 13.9166317  0.9055337
 4405.3 4424.8  0.8935906 13.8657379  0.9055184
 4424.8 4444.4  0.8956227 13.8143158  0.9055029
 4444.4 4464.3  0.8976651 13.7626305  0.9054874
 4464.3 4484.3  0.8995779 13.7122507  0.9054771
 4484.3 4504.5  0.9014369 13.6624422  0.9054690
 4504.5 4524.9  0.9033147 13.6121349  0.9054608
 4524.9 4545.5  0.9052109 13.5613308  0.9054526
 4545.5 4566.2  0.9071258 13.5100279  0.9054443
 4566.2 4587.2  0.9088932 13.4604883  0.9054409
 4587.2 4608.3  0.9106421 13.4107990  0.9054390
 4608.3 4629.6  0.9123992 13.3608732  0.9054369
 4629.6 4651.2  0.9141731 13.3104734  0.9054349
 4651.2 4672.9  0.9159620 13.2594900  0.9054332
 4672.9 4694.8  0.9175897 13.2104425  0.9054364
 4694.8 4717.0  0.9192324 13.1609421  0.9054396
 4717.0 4739.3  0.9208977 13.1107626  0.9054428
 4739.3 4761.9  0.9225703 13.0603580  0.9054462
 4761.9 4784.7  0.9241809 13.0103550  0.9054517
 4784.7 4807.7  0.9257289 12.9608898  0.9054592
 4807.7 4830.9  0.9272904 12.9109907  0.9054667
 4830.9 4854.4  0.9288656 12.8606586  0.9054744
 4854.4 4878.0  0.9304338 12.8100204  0.9054827
 4878.0 4902.0  0.9318901 12.7606745  0.9054936
 4902.0 4926.1  0.9333709 12.7104912  0.9055047
 4926.1 4950.5  0.9348581 12.6601000  0.9055158
 4950.5 4975.1  0.9363610 12.6091156  0.9055272
 4975.1 5000.0  0.9377448 12.5593710  0.9055406
 5000.0 5025.1  0.9391454 12.5090199  0.9055542
 5025.1 5050.5  0.9405574 12.4582644  0.9055678
 5050.5 5076.1  0.9419838 12.4069328  0.9055817
 5076.1 5102.0  0.9432988 12.3567314  0.9055966
 5102.0 5128.2  0.9446291 12.3059435  0.9056116
 5128.2 5154.6  0.9459749 12.2545652  0.9056268
 5154.6 5181.3  0.9473104 12.2030516  0.9056422
 5181.3 5208.3  0.9485624 12.1521749  0.9056575
 5208.3 5235.6  0.9498285 12.1007271  0.9056730
 5235.6 5263.2  0.9511086 12.0487070  0.9056887
 5263.2 5291.0  0.9523475 11.9967947  0.9057039
 5291.0 5319.1  0.9535343 11.9452524  0.9057184
 5319.1 5347.6  0.9547340 11.8931541  0.9057332
 5347.6 5376.3  0.9559507 11.8403149  0.9057481
 5376.3 5405.4  0.9570693 11.7883959  0.9057606
 5405.4 5434.8  0.9581936 11.7358723  0.9057729
 5434.8 5464.5  0.9593295 11.6828079  0.9057854
 5464.5 5494.5  0.9604184 11.6299000  0.9057959
 5494.5 5524.9  0.9614562 11.5771990  0.9058042
 5524.9 5555.6  0.9625079 11.5237951  0.9058125
 5555.6 5586.6  0.9635474 11.4701300  0.9058199
 5586.6 5618.0  0.9644951 11.4171448  0.9058226
 5618.0 5649.7  0.9654550 11.3634758  0.9058253
 5649.7 5681.8  0.9664240 11.3092928  0.9058280
 5681.8 5714.3  0.9672882 11.2558002  0.9058246
 5714.3 5747.1  0.9681620 11.2016544  0.9058212
 5747.1 5780.3  0.9690439 11.1470070  0.9058177
 5780.3 5814.0  0.9698434 11.0927858  0.9058092
 5814.0 5848.0  0.9706458 11.0378532  0.9058001
 5848.0 5882.4  0.9714555 10.9824314  0.9057909
 5882.4 5917.2  0.9721931 10.9273119  0.9057772
 5917.2 5952.4  0.9729342 10.8716106  0.9057631
 5952.4 5988.0  0.9736789 10.8153267  0.9057485
 5988.0 6024.1  0.9743646 10.7591896  0.9057302
 6024.1 6060.6  0.9750599 10.7022638  0.9057115
 6060.6 6097.6  0.9757459 10.6449070  0.9056917
 6097.6 6135.0  0.9763987 10.5872583  0.9056693
 6135.0 6172.8  0.9770586 10.5289860  0.9056466
 6172.8 6211.2  0.9776971 10.4704199  0.9056220
 6211.2 6250.0  0.9783269 10.4111433  0.9055960
 6250.0 6289.3  0.9789631 10.3512497  0.9055696
 6289.3 6329.1  0.9795714 10.2909985  0.9055407
 6329.1 6369.4  0.9801875 10.2299795  0.9055115
 6369.4 6410.3  0.9807993 10.1683302  0.9054810
 6410.3 6451.6  0.9814070 10.1059103  0.9054492
 6451.6 6493.5  0.9820201 10.0428848  0.9054170
 6493.5 6535.9  0.9826286  9.9790888  0.9053832
 6535.9 6578.9  0.9832444  9.9145317  0.9053490
 6578.9 6622.5  0.9838670  9.8490705  0.9053137
 6622.5 6666.7  0.9844973  9.7827005  0.9052777
 6666.7 6711.4  0.9851396  9.7153692  0.9052411
 6711.4 6756.8  0.9857948  9.6471958  0.9052039
 6756.8 6802.7  0.9864633  9.5779133  0.9051661
 6802.7 6849.3  0.9871575  9.5076294  0.9051281
 6849.3 6896.6  0.9878622  9.4362736  0.9050895
 6896.6 6944.4  0.9886043  9.3634949  0.9050505
 6944.4 6993.0  0.9893547  9.2899427  0.9050111
 6993.0 7042.3  0.9901364  9.2148981  0.9049708
 7042.3 7092.2  0.9909319  9.1387377  0.9049297
 7092.2 7142.9  0.9917452  9.0615072  0.9048871
 7142.9 7194.2  0.9925731  8.9830122  0.9048436
 7194.2 7246.4  0.9934087  8.9035492  0.9047975
 7246.4 7299.3  0.9942588  8.8226871  0.9047503
 7299.3 7352.9  0.9951062  8.7408237  0.9046990
 7352.9 7407.4  0.9959621  8.6578960  0.9046466
 7407.4 7462.7  0.9968050  8.5737972  0.9045885
 7462.7 7518.8  0.9976500  8.4885521  0.9045280
 7518.8 7575.8  0.9984727  8.4023781  0.9044614
 7575.8 7633.6  0.9992062  8.3150787  0.9043900
 7633.6 7692.3  0.9998246  8.2268696  0.9043128
 7692.3 7751.9  1.0000000  8.1378460  0.9042267
 7751.9 7812.5  1.0000000  8.0477104  0.9041356
 7812.5 7874.0  1.0000000  7.9570527  0.9040298
 7874.0 7936.5  1.0000000  7.8655553  0.9039159
 7936.5 8000.0  1.0000000  7.7733741  0.9037898
 8000.0 8064.5  1.0000000  7.6810150  0.9036452
 8064.5 8130.1  1.0000000  7.5880156  0.9034879
 8130.1 8196.7  1.0000000  7.4950380  0.9033079
 8196.7 8264.5  1.0000000  7.4024301  0.9031029
 8264.5 8333.3  1.0000000  7.3095984  0.9028763
 8333.3 8403.4  1.0000000  7.2178917  0.9026155
 8403.4 8474.6  1.0000000  7.1274095  0.9023134
 8474.6 8547.0  1.0000000  7.0364485  0.9019951
 8547.0 8620.7  1.0000000  6.9439535  0.9016714
 8620.7 8695.7  1.0000000  6.8497977  0.9013419
 8695.7 8771.9  1.0000000  6.7539811  0.9010066
 8771.9 8849.6  1.0000000  6.6566315  0.9006659
 8849.6 8928.6  1.0000000  6.5573668  0.9003185
 8928.6 9009.0  1.0000000  6.4564400  0.8999653
 9009.0 9090.9  1.0000000  6.3537245  0.8996058
 9090.9 9174.3  1.0000000  6.2490926  0.8992397
 9174.3 9259.3  1.0000000  6.1425457  0.8988668
 9259.3 9345.8  1.0000000  6.0339537  0.8984867
 9345.8 9434.0  1.0000000  5.9234452  0.8981000
 9434.0 9523.8  1.0000000  5.8107653  0.8977057
 9523.8 9615.4  1.0000000  5.6960411  0.8973042
 9615.4 9708.7  1.0000000  5.5790167  0.8968946
 9708.7 9803.9  1.0000000  5.4598212  0.8964775
 9803.9 9901.0  1.0000000  5.3381982  0.8960519
 9901.0 9911.0  1.0000000  5.2141485  0.8956177
