 1176.5 1177.9  0.4027384 20.2998085  0.9032072
 1177.9 1179.2  0.4025126 20.3149109  0.9032214
 1179.2 1180.6  0.4023030 20.3289356  0.9032345
 1180.6 1182.0  0.4020773 20.3440399  0.9032486
 1182.0 1183.4  0.4018515 20.3591423  0.9032627
 1183.4 1184.8  0.4016258 20.3742466  0.9032769
 1184.8 1186.2  0.4014000 20.3893509  0.9032910
 1186.2 1187.6  0.4011743 20.4044533  0.9033052
 1187.6 1189.1  0.4009485 20.4195557  0.9033193
 1189.1 1190.5  0.4007066 20.4357395  0.9033344
 1190.5 1191.9  0.4004809 20.4508419  0.9033486
 1191.9 1193.3  0.4002552 20.4659462  0.9033627
 1193.3 1194.7  0.4000294 20.4810505  0.9033768
 1194.7 1196.2  0.3998037 20.4961529  0.9033909
 1196.2 1197.6  0.3995618 20.5123348  0.9034061
 1197.6 1199.0  0.3993361 20.5274372  0.9034202
 1199.0 1200.5  0.3991103 20.5425415  0.9034343
 1200.5 1201.9  0.3988684 20.5587234  0.9034495
 1201.9 1203.4  0.3986427 20.5738277  0.9034636
 1203.4 1204.8  0.3984008 20.5900097  0.9034787
 1204.8 1206.3  0.3981751 20.6051140  0.9034929
 1206.3 1207.7  0.3979332 20.6212959  0.9035080
 1207.7 1209.2  0.3977075 20.6363983  0.9035221
 1209.2 1210.7  0.3974656 20.6525803  0.9035373
 1210.7 1212.1  0.3972237 20.6687622  0.9035524
 1212.1 1213.6  0.3969980 20.6838665  0.9035665
 1213.6 1215.1  0.3967561 20.7000484  0.9035817
 1215.1 1216.5  0.3965142 20.7162304  0.9035968
 1216.5 1218.0  0.3962885 20.7313347  0.9036109
 1218.0 1219.5  0.3960466 20.7475166  0.9036261
 1219.5 1221.0  0.3958047 20.7636986  0.9036412
 1221.0 1222.5  0.3955629 20.7798824  0.9036564
 1222.5 1224.0  0.3953210 20.7960644  0.9036715
 1224.0 1225.5  0.3950791 20.8122463  0.9036866
 1225.5 1227.0  0.3948373 20.8284283  0.9037017
 1227.0 1228.5  0.3945954 20.8446102  0.9037169
 1228.5 1230.0  0.3943535 20.8607922  0.9037320
 1230.0 1231.5  0.3941116 20.8769760  0.9037471
 1231.5 1233.0  0.3938698 20.8931580  0.9037623
 1233.0 1234.6  0.3936279 20.9093399  0.9037774
 1234.6 1236.1  0.3933699 20.9265995  0.9037936
 1236.1 1237.6  0.3931280 20.9427834  0.9038087
 1237.6 1239.2  0.3928862 20.9589653  0.9038239
 1239.2 1240.7  0.3926282 20.9762249  0.9038400
 1240.7 1242.2  0.3923863 20.9924088  0.9038551
 1242.2 1243.8  0.3921444 21.0085907  0.9038703
 1243.8 1245.3  0.3918864 21.0258522  0.9038864
 1245.3 1246.9  0.3916445 21.0420341  0.9039016
 1246.9 1248.4  0.3913865 21.0592957  0.9039177
 1248.4 1250.0  0.3911447 21.0754776  0.9039329
 1250.0 1251.6  0.3908867 21.0927391  0.9039490
 1251.6 1253.1  0.3906287 21.1099987  0.9039651
 1253.1 1254.7  0.3903868 21.1261806  0.9039803
 1254.7 1256.3  0.3901288 21.1434422  0.9039964
 1256.3 1257.9  0.3898708 21.1607037  0.9040126
 1257.9 1259.4  0.3896128 21.1779652  0.9040287
 1259.4 1261.0  0.3893709 21.1941471  0.9040439
 1261.0 1262.6  0.3891129 21.2114086  0.9040600
 1262.6 1264.2  0.3888550 21.2286682  0.9040762
 1264.2 1265.8  0.3885970 21.2459297  0.9040923
 1265.8 1267.4  0.3883390 21.2631912  0.9041085
 1267.4 1269.0  0.3880810 21.2804527  0.9041246
 1269.0 1270.6  0.3878230 21.2977142  0.9041407
 1270.6 1272.3  0.3875650 21.3149738  0.9041569
 1272.3 1273.9  0.3872909 21.3333149  0.9041740
 1273.9 1275.5  0.3870329 21.3505764  0.9041902
 1275.5 1277.1  0.3867749 21.3678360  0.9042063
 1277.1 1278.8  0.3865169 21.3850975  0.9042225
 1278.8 1280.4  0.3862427 21.4034386  0.9042397
 1280.4 1282.1  0.3859847 21.4206982  0.9042558
 1282.1 1283.7  0.3857106 21.4390392  0.9042729
 1283.7 1285.3  0.3854527 21.4562988  0.9042891
 1285.3 1287.0  0.3851946 21.4735603  0.9043052
 1287.0 1288.7  0.3849205 21.4919014  0.9043224
 1288.7 1290.3  0.3846464 21.5102406  0.9043396
 1290.3 1292.0  0.3843884 21.5275021  0.9043557
 1292.0 1293.7  0.3841143 21.5458412  0.9043729
 1293.7 1295.3  0.3838402 21.5641804  0.9043900
 1295.3 1297.0  0.3835821 21.5814438  0.9044061
 1297.0 1298.7  0.3833081 21.5997829  0.9044233
 1298.7 1300.4  0.3830339 21.6181221  0.9044405
 1300.4 1302.1  0.3827808 21.6351070  0.9044533
 1302.1 1303.8  0.3825958 21.6476917  0.9044524
 1303.8 1305.5  0.3824108 21.6602745  0.9044514
 1305.5 1307.2  0.3822258 21.6728592  0.9044504
 1307.2 1308.9  0.3820408 21.6854420  0.9044494
 1308.9 1310.6  0.3818558 21.6980267  0.9044484
 1310.6 1312.3  0.3816708 21.7106094  0.9044474
 1312.3 1314.1  0.3814858 21.7231941  0.9044464
 1314.1 1315.8  0.3812900 21.7365170  0.9044454
 1315.8 1317.5  0.3811050 21.7491016  0.9044444
 1317.5 1319.3  0.3809200 21.7616844  0.9044434
 1319.3 1321.0  0.3807241 21.7750092  0.9044424
 1321.0 1322.8  0.3805391 21.7875919  0.9044414
 1322.8 1324.5  0.3803433 21.8009167  0.9044403
 1324.5 1326.3  0.3801583 21.8134995  0.9044393
 1326.3 1328.0  0.3799624 21.8268242  0.9044383
 1328.0 1329.8  0.3797774 21.8394070  0.9044373
 1329.8 1331.6  0.3795815 21.8527317  0.9044362
 1331.6 1333.3  0.3793857 21.8660545  0.9044352
 1333.3 1335.1  0.3792007 21.8786392  0.9044342
 1335.1 1336.9  0.3790048 21.8919621  0.9044331
 1336.9 1338.7  0.3788089 21.9052868  0.9044321
 1338.7 1340.5  0.3786131 21.9186096  0.9044310
 1340.5 1342.3  0.3784172 21.9319344  0.9044300
 1342.3 1344.1  0.3782213 21.9452591  0.9044290
 1344.1 1345.9  0.3780254 21.9585819  0.9044279
 1345.9 1347.7  0.3778296 21.9719067  0.9044269
 1347.7 1349.5  0.3776337 21.9852295  0.9044258
 1349.5 1351.4  0.3774378 21.9985542  0.9044248
 1351.4 1353.2  0.3772439 22.0118237  0.9044170
 1353.2 1355.0  0.3770646 22.0241261  0.9044075
 1355.0 1356.9  0.3768853 22.0364285  0.9043980
 1356.9 1358.7  0.3766961 22.0494156  0.9043879
 1358.7 1360.5  0.3765167 22.0617161  0.9043784
 1360.5 1362.4  0.3763374 22.0740204  0.9043688
 1362.4 1364.3  0.3761481 22.0870056  0.9043587
 1364.3 1366.1  0.3759589 22.0999928  0.9043486
 1366.1 1368.0  0.3757796 22.1122952  0.9043391
 1368.0 1369.9  0.3755903 22.1252804  0.9043290
 1369.9 1371.7  0.3754010 22.1382675  0.9043189
 1371.7 1373.6  0.3752217 22.1505699  0.9043093
 1373.6 1375.5  0.3750324 22.1635551  0.9042993
 1375.5 1377.4  0.3748432 22.1765423  0.9042892
 1377.4 1379.3  0.3746539 22.1895275  0.9042791
 1379.3 1381.2  0.3744646 22.2025146  0.9042690
 1381.2 1383.1  0.3742753 22.2154999  0.9042590
 1383.1 1385.0  0.3740861 22.2284851  0.9042488
 1385.0 1387.0  0.3738968 22.2414722  0.9042388
 1387.0 1388.9  0.3736975 22.2551422  0.9042282
 1388.9 1390.8  0.3735082 22.2681274  0.9042181
 1390.8 1392.8  0.3733190 22.2811146  0.9042080
 1392.8 1394.7  0.3731197 22.2947845  0.9041974
 1394.7 1396.6  0.3729305 22.3077698  0.9041873
 1396.6 1398.6  0.3727412 22.3207550  0.9041772
 1398.6 1400.6  0.3725420 22.3344250  0.9041666
 1400.6 1402.5  0.3723479 22.3477631  0.9041535
 1402.5 1404.5  0.3721750 22.3597012  0.9041353
 1404.5 1406.5  0.3719931 22.3722668  0.9041163
 1406.5 1408.5  0.3718111 22.3848324  0.9040973
 1408.5 1410.4  0.3716291 22.3973980  0.9040782
 1410.4 1412.4  0.3714563 22.4093361  0.9040601
 1412.4 1414.4  0.3712743 22.4219017  0.9040410
 1414.4 1416.4  0.3710923 22.4344673  0.9040220
 1416.4 1418.4  0.3709103 22.4470329  0.9040029
 1418.4 1420.5  0.3707284 22.4595985  0.9039838
 1420.5 1422.5  0.3705373 22.4727917  0.9039638
 1422.5 1424.5  0.3703554 22.4853573  0.9039448
 1424.5 1426.5  0.3701734 22.4979229  0.9039257
 1426.5 1428.6  0.3699914 22.5104885  0.9039066
 1428.6 1430.6  0.3698004 22.5236816  0.9038866
 1430.6 1432.7  0.3696184 22.5362473  0.9038676
 1432.7 1434.7  0.3694273 22.5494423  0.9038476
 1434.7 1436.8  0.3692454 22.5620079  0.9038285
 1436.8 1438.8  0.3690543 22.5752010  0.9038085
 1438.8 1440.9  0.3688723 22.5877666  0.9037895
 1440.9 1443.0  0.3686813 22.6009617  0.9037694
 1443.0 1445.1  0.3684902 22.6141548  0.9037494
 1445.1 1447.2  0.3682991 22.6273479  0.9037294
 1447.2 1449.3  0.3681081 22.6405430  0.9037094
 1449.3 1451.4  0.3679170 22.6537361  0.9036894
 1451.4 1453.5  0.3677373 22.6661739  0.9036641
 1453.5 1455.6  0.3675633 22.6782303  0.9036362
 1455.6 1457.7  0.3673893 22.6902885  0.9036083
 1457.7 1459.9  0.3672153 22.7023468  0.9035804
 1459.9 1462.0  0.3670331 22.7149792  0.9035512
 1462.0 1464.1  0.3668591 22.7270374  0.9035233
 1464.1 1466.3  0.3666851 22.7390938  0.9034954
 1466.3 1468.4  0.3665028 22.7517262  0.9034662
 1468.4 1470.6  0.3663288 22.7637844  0.9034383
 1470.6 1472.8  0.3661465 22.7764168  0.9034091
 1472.8 1474.9  0.3659642 22.7890491  0.9033798
 1474.9 1477.1  0.3657902 22.8011074  0.9033519
 1477.1 1479.3  0.3656080 22.8137379  0.9033227
 1479.3 1481.5  0.3654257 22.8263702  0.9032935
 1481.5 1483.7  0.3652434 22.8390026  0.9032642
 1483.7 1485.9  0.3650611 22.8516350  0.9032350
 1485.9 1488.1  0.3648789 22.8642673  0.9032058
 1488.1 1490.3  0.3646966 22.8768978  0.9031765
 1490.3 1492.5  0.3645143 22.8895302  0.9031473
 1492.5 1494.8  0.3643320 22.9021626  0.9031181
 1494.8 1497.0  0.3641414 22.9153690  0.9030876
 1497.0 1499.3  0.3639592 22.9280014  0.9030584
 1499.3 1501.5  0.3637686 22.9412079  0.9030278
 1501.5 1503.8  0.3635979 22.9530373  0.9029936
 1503.8 1506.0  0.3634250 22.9650154  0.9029554
 1506.0 1508.3  0.3632596 22.9764729  0.9029189
 1508.3 1510.6  0.3630868 22.9884510  0.9028807
 1510.6 1512.9  0.3629139 23.0004272  0.9028425
 1512.9 1515.2  0.3627410 23.0124054  0.9028044
 1515.2 1517.5  0.3625681 23.0243816  0.9027662
 1517.5 1519.8  0.3623953 23.0363598  0.9027280
 1519.8 1522.1  0.3622224 23.0483379  0.9026898
 1522.1 1524.4  0.3620495 23.0603161  0.9026517
 1524.4 1526.7  0.3618767 23.0722923  0.9026135
 1526.7 1529.1  0.3617038 23.0842705  0.9025753
 1529.1 1531.4  0.3615234 23.0967693  0.9025355
 1531.4 1533.7  0.3613505 23.1087456  0.9024973
 1533.7 1536.1  0.3611777 23.1207237  0.9024591
 1536.1 1538.5  0.3609973 23.1332226  0.9024193
 1538.5 1540.8  0.3608169 23.1457214  0.9023795
 1540.8 1543.2  0.3606440 23.1576977  0.9023413
 1543.2 1545.6  0.3604636 23.1701965  0.9023015
 1545.6 1548.0  0.3602832 23.1826954  0.9022616
 1548.0 1550.4  0.3601028 23.1951923  0.9022218
 1550.4 1552.8  0.3599254 23.2074795  0.9021808
 1552.8 1555.2  0.3597625 23.2187023  0.9021340
 1555.2 1557.6  0.3595997 23.2299232  0.9020872
 1557.6 1560.1  0.3594369 23.2411461  0.9020404
 1560.1 1562.5  0.3592672 23.2528362  0.9019916
 1562.5 1564.9  0.3591044 23.2640591  0.9019448
 1564.9 1567.4  0.3589416 23.2752819  0.9018980
 1567.4 1569.9  0.3587720 23.2869720  0.9018492
 1569.9 1572.3  0.3586023 23.2986622  0.9018005
 1572.3 1574.8  0.3584395 23.3098850  0.9017537
 1574.8 1577.3  0.3582699 23.3215752  0.9017049
 1577.3 1579.8  0.3581003 23.3332653  0.9016562
 1579.8 1582.3  0.3579306 23.3449554  0.9016074
 1582.3 1584.8  0.3577610 23.3566456  0.9015586
 1584.8 1587.3  0.3575914 23.3683357  0.9015099
 1587.3 1589.8  0.3574218 23.3800278  0.9014611
 1589.8 1592.4  0.3572522 23.3917179  0.9014124
 1592.4 1594.9  0.3570758 23.4038754  0.9013616
 1594.9 1597.4  0.3569061 23.4155655  0.9013129
 1597.4 1600.0  0.3567365 23.4272556  0.9012641
 1600.0 1602.6  0.3565601 23.4394131  0.9012134
 1602.6 1605.1  0.3564025 23.4501858  0.9011555
 1605.1 1607.7  0.3562509 23.4605427  0.9010997
 1607.7 1610.3  0.3560933 23.4713135  0.9010418
 1610.3 1612.9  0.3559357 23.4820862  0.9009838
 1612.9 1615.5  0.3557781 23.4928589  0.9009259
 1615.5 1618.1  0.3556204 23.5036297  0.9008679
 1618.1 1620.7  0.3554628 23.5144024  0.9008099
 1620.7 1623.4  0.3553052 23.5251732  0.9007520
 1623.4 1626.0  0.3551415 23.5363598  0.9006918
 1626.0 1628.7  0.3549839 23.5471325  0.9006339
 1628.7 1631.3  0.3548202 23.5583172  0.9005737
 1631.3 1634.0  0.3546626 23.5690899  0.9005157
 1634.0 1636.7  0.3544989 23.5802765  0.9004555
 1636.7 1639.3  0.3543352 23.5914612  0.9003954
 1639.3 1642.0  0.3541776 23.6022339  0.9003374
 1642.0 1644.7  0.3540139 23.6134205  0.9002773
 1644.7 1647.4  0.3538502 23.6246071  0.9002171
 1647.4 1650.2  0.3536865 23.6357918  0.9001569
 1650.2 1652.9  0.3535183 23.6472855  0.9000938
 1652.9 1655.6  0.3533755 23.6570168  0.9000247
 1655.6 1658.4  0.3532327 23.6667480  0.8999556
 1658.4 1661.1  0.3530845 23.6768398  0.8998839
 1661.1 1663.9  0.3529417 23.6865711  0.8998148
 1663.9 1666.7  0.3527936 23.6966610  0.8997432
 1666.7 1669.4  0.3526455 23.7067528  0.8996716
 1669.4 1672.2  0.3525027 23.7164841  0.8996024
 1672.2 1675.0  0.3523546 23.7265759  0.8995308
 1675.0 1677.9  0.3522064 23.7366676  0.8994591
 1677.9 1680.7  0.3520530 23.7471199  0.8993849
 1680.7 1683.5  0.3519049 23.7572117  0.8993133
 1683.5 1686.3  0.3517568 23.7673035  0.8992416
 1686.3 1689.2  0.3516087 23.7773952  0.8991699
 1689.2 1692.0  0.3514553 23.7878456  0.8990957
 1692.0 1694.9  0.3513072 23.7979374  0.8990241
 1694.9 1697.8  0.3511538 23.8083897  0.8989499
 1697.8 1700.7  0.3510004 23.8188419  0.8988757
 1700.7 1703.6  0.3508615 23.8283119  0.8988057
 1703.6 1706.5  0.3507683 23.8346939  0.8987492
 1706.5 1709.4  0.3506751 23.8410759  0.8986926
 1709.4 1712.3  0.3505819 23.8474598  0.8986361
 1712.3 1715.3  0.3504888 23.8538418  0.8985796
 1715.3 1718.2  0.3503924 23.8604450  0.8985211
 1718.2 1721.2  0.3502992 23.8668270  0.8984646
 1721.2 1724.1  0.3502028 23.8734283  0.8984061
 1724.1 1727.1  0.3501096 23.8798122  0.8983496
 1727.1 1730.1  0.3500132 23.8864136  0.8982911
 1730.1 1733.1  0.3499168 23.8930168  0.8982326
 1733.1 1736.1  0.3498204 23.8996201  0.8981742
 1736.1 1739.1  0.3497241 23.9062214  0.8981157
 1739.1 1742.2  0.3496276 23.9128246  0.8980572
 1742.2 1745.2  0.3495280 23.9196472  0.8979968
 1745.2 1748.3  0.3494317 23.9262505  0.8979384
 1748.3 1751.3  0.3493320 23.9330730  0.8978779
 1751.3 1754.4  0.3492357 23.9396763  0.8978195
 1754.4 1757.5  0.3491326 23.9467506  0.8977542
 1757.5 1760.6  0.3490064 23.9555378  0.8976561
 1760.6 1763.7  0.3488801 23.9643230  0.8975581
 1763.7 1766.8  0.3487538 23.9731083  0.8974600
 1766.8 1769.9  0.3486275 23.9818935  0.8973620
 1769.9 1773.0  0.3485013 23.9906788  0.8972639
 1773.0 1776.2  0.3483843 23.9989243  0.8971608
 1776.2 1779.4  0.3482638 24.0074158  0.8970543
 1779.4 1782.5  0.3481433 24.0159092  0.8969477
 1782.5 1785.7  0.3480266 24.0241356  0.8968444
 1785.7 1788.9  0.3479061 24.0326290  0.8967378
 1788.9 1792.1  0.3477948 24.0405922  0.8966260
 1792.1 1795.3  0.3476846 24.0485039  0.8965136
 1795.3 1798.6  0.3475743 24.0564137  0.8964013
 1798.6 1801.8  0.3474606 24.0645714  0.8962855
 1801.8 1805.1  0.3473503 24.0724812  0.8961731
 1805.1 1808.3  0.3472441 24.0802708  0.8960477
 1808.3 1811.6  0.3471415 24.0878010  0.8959253
 1811.6 1814.9  0.3470358 24.0955677  0.8957993
 1814.9 1818.2  0.3469301 24.1033325  0.8956732
 1818.2 1821.5  0.3468253 24.1110458  0.8955469
 1821.5 1824.8  0.3467343 24.1179428  0.8954177
 1824.8 1828.2  0.3466434 24.1248398  0.8952886
 1828.2 1831.5  0.3465497 24.1319447  0.8951555
 1831.5 1834.9  0.3464589 24.1388416  0.8950264
 1834.9 1838.2  0.3463652 24.1459465  0.8948934
 1838.2 1841.6  0.3462862 24.1522026  0.8947571
 1841.6 1845.0  0.3462053 24.1586266  0.8946165
 1845.0 1848.4  0.3461244 24.1650505  0.8944759
 1848.4 1851.9  0.3460435 24.1714764  0.8943352
 1851.9 1855.3  0.3459602 24.1780891  0.8941904
 1855.3 1858.7  0.3458905 24.1839867  0.8940375
 1858.7 1862.2  0.3458212 24.1898670  0.8938842
 1862.2 1865.7  0.3457499 24.1959229  0.8937263
 1865.7 1869.2  0.3456785 24.2019768  0.8935685
 1869.2 1872.7  0.3456081 24.2079792  0.8934103
 1872.7 1876.2  0.3455532 24.2131176  0.8932480
 1876.2 1879.7  0.3454984 24.2182579  0.8930856
 1879.7 1883.2  0.3454436 24.2233963  0.8929232
 1883.2 1886.8  0.3453887 24.2285366  0.8927609
 1886.8 1890.4  0.3453323 24.2338219  0.8925939
 1890.4 1893.9  0.3452909 24.2383537  0.8924174
 1893.9 1897.5  0.3452515 24.2427177  0.8922452
 1897.5 1901.1  0.3452110 24.2472038  0.8920681
 1901.1 1904.8  0.3451704 24.2516918  0.8918911
 1904.8 1908.4  0.3451288 24.2563038  0.8917090
 1908.4 1912.0  0.3451036 24.2601013  0.8915167
 1912.0 1915.7  0.3450792 24.2638569  0.8913236
 1915.7 1919.4  0.3450543 24.2677174  0.8911251
 1919.4 1923.1  0.3450293 24.2715778  0.8909266
 1923.1 1926.8  0.3450048 24.2754116  0.8907279
 1926.8 1930.5  0.3449986 24.2782955  0.8905229
 1930.5 1934.2  0.3449923 24.2811775  0.8903180
 1934.2 1938.0  0.3449860 24.2840614  0.8901130
 1938.0 1941.7  0.3449796 24.2870235  0.8899025
 1941.7 1945.5  0.3449733 24.2899055  0.8896976
 1945.5 1949.3  0.3449849 24.2920074  0.8894750
 1949.3 1953.1  0.3449982 24.2940350  0.8892515
 1953.1 1956.9  0.3450114 24.2960625  0.8890280
 1956.9 1960.8  0.3450246 24.2980900  0.8888044
 1960.8 1964.6  0.3450381 24.3001709  0.8885750
 1964.6 1968.5  0.3450706 24.3013573  0.8883329
 1968.5 1972.4  0.3451051 24.3025265  0.8880834
 1972.4 1976.3  0.3451395 24.3036976  0.8878338
 1976.3 1980.2  0.3451740 24.3048668  0.8875843
 1980.2 1984.1  0.3452093 24.3059940  0.8873344
 1984.1 1988.1  0.3452602 24.3063259  0.8870783
 1988.1 1992.0  0.3453124 24.3066673  0.8868158
 1992.0 1996.0  0.3453634 24.3069992  0.8865598
 1996.0 2000.0  0.3454156 24.3073406  0.8862972
 2000.0 2004.0  0.3454678 24.3076820  0.8860346
 2004.0 2008.0  0.3455365 24.3073311  0.8857527
 2008.0 2012.1  0.3456052 24.3069782  0.8854707
 2012.1 2016.1  0.3456756 24.3066177  0.8851818
 2016.1 2020.2  0.3457442 24.3062668  0.8848999
 2020.2 2024.3  0.3458151 24.3058815  0.8846107
 2024.3 2028.4  0.3458949 24.3050232  0.8843175
 2028.4 2032.5  0.3459747 24.3041649  0.8840242
 2032.5 2036.7  0.3460545 24.3033085  0.8837309
 2036.7 2040.8  0.3461363 24.3024292  0.8834305
 2040.8 2045.0  0.3462161 24.3015709  0.8831373
 2045.0 2049.2  0.3463048 24.3003826  0.8828270
 2049.2 2053.4  0.3463939 24.2991791  0.8825163
 2053.4 2057.6  0.3464830 24.2979755  0.8822056
 2057.6 2061.9  0.3465721 24.2967720  0.8818948
 2061.9 2066.1  0.3466633 24.2955399  0.8815767
 2066.1 2070.4  0.3467574 24.2941952  0.8812498
 2070.4 2074.7  0.3468539 24.2928143  0.8809147
 2074.7 2079.0  0.3469504 24.2914333  0.8805796
 2079.0 2083.3  0.3470469 24.2900524  0.8802444
 2083.3 2087.7  0.3471433 24.2886791  0.8799088
 2087.7 2092.1  0.3472401 24.2873878  0.8795582
 2092.1 2096.4  0.3473369 24.2860966  0.8792076
 2096.4 2100.8  0.3474315 24.2848339  0.8788650
 2100.8 2105.3  0.3475282 24.2835426  0.8785144
 2105.3 2109.7  0.3476266 24.2822495  0.8781559
 2109.7 2114.2  0.3477142 24.2813549  0.8778069
 2114.2 2118.6  0.3478038 24.2804394  0.8774499
 2118.6 2123.1  0.3478915 24.2795448  0.8771008
 2123.1 2127.7  0.3479811 24.2786293  0.8767439
 2127.7 2132.2  0.3480727 24.2776928  0.8763789
 2132.2 2136.8  0.3481504 24.2773819  0.8760176
 2136.8 2141.3  0.3482289 24.2771091  0.8756479
 2141.3 2145.9  0.3483057 24.2768440  0.8752863
 2145.9 2150.5  0.3483842 24.2765713  0.8749166
 2150.5 2155.2  0.3484627 24.2762985  0.8745469
 2155.2 2159.8  0.3485277 24.2769928  0.8741446
 2159.8 2164.5  0.3485895 24.2777863  0.8737478
 2164.5 2169.2  0.3486528 24.2785969  0.8733425
 2169.2 2173.9  0.3487160 24.2794094  0.8729371
 2173.9 2178.6  0.3487792 24.2802200  0.8725318
 2178.6 2183.4  0.3488116 24.2820377  0.8721787
 2183.4 2188.2  0.3488440 24.2839146  0.8718193
 2188.2 2193.0  0.3488764 24.2857933  0.8714599
 2193.0 2197.8  0.3489088 24.2876720  0.8711005
 2197.8 2202.6  0.3489411 24.2895508  0.8707411
 2202.6 2207.5  0.3489555 24.2926083  0.8703520
 2207.5 2212.4  0.3489547 24.2967510  0.8699293
 2212.4 2217.3  0.3489538 24.3008938  0.8695064
 2217.3 2222.2  0.3489529 24.3050365  0.8690836
 2222.2 2227.2  0.3489503 24.3092556  0.8686618
 2227.2 2232.1  0.3489060 24.3154221  0.8682539
 2232.1 2237.1  0.3488625 24.3214645  0.8678543
 2237.1 2242.2  0.3488182 24.3276291  0.8674465
 2242.2 2247.2  0.3487729 24.3339176  0.8670305
 2247.2 2252.3  0.3487265 24.3401814  0.8666233
 2252.3 2257.3  0.3486282 24.3489799  0.8662225
 2257.3 2262.4  0.3485318 24.3576050  0.8658295
 2262.4 2267.6  0.3484335 24.3664036  0.8654287
 2267.6 2272.7  0.3483333 24.3753757  0.8650201
 2272.7 2277.9  0.3482350 24.3841743  0.8646193
 2277.9 2283.1  0.3480695 24.3963966  0.8642132
 2283.1 2288.3  0.3479000 24.4088211  0.8638071
 2288.3 2293.6  0.3477305 24.4212437  0.8634012
 2293.6 2298.9  0.3475578 24.4339046  0.8629874
 2298.9 2304.1  0.3473850 24.4465675  0.8625736
 2304.1 2309.5  0.3471449 24.4623508  0.8621882
 2309.5 2314.8  0.3468940 24.4788094  0.8617885
 2314.8 2320.2  0.3466478 24.4949646  0.8613961
 2320.2 2325.6  0.3463970 24.5114231  0.8609963
 2325.6 2331.0  0.3461461 24.5278835  0.8605965
 2331.0 2336.4  0.3458048 24.5488110  0.8602067
 2336.4 2341.9  0.3454562 24.5700970  0.8598176
 2341.9 2347.4  0.3451011 24.5917778  0.8594213
 2347.4 2352.9  0.3447461 24.6134567  0.8590249
 2352.9 2358.5  0.3443911 24.6351376  0.8586286
 2358.5 2364.1  0.3439265 24.6622467  0.8582482
 2364.1 2369.7  0.3434602 24.6894474  0.8578683
 2369.7 2375.3  0.3429938 24.7166462  0.8574883
 2375.3 2381.0  0.3425274 24.7438469  0.8571083
 2381.0 2386.6  0.3420527 24.7715321  0.8567215
 2386.6 2392.3  0.3415119 24.8025856  0.8563785
 2392.3 2398.1  0.3409615 24.8341923  0.8560294
 2398.1 2403.8  0.3404014 24.8663540  0.8556741
 2403.8 2409.6  0.3398510 24.8979588  0.8553250
 2409.6 2415.5  0.3392909 24.9301205  0.8549698
 2415.5 2421.3  0.3386841 24.9656296  0.8546447
 2421.3 2427.2  0.3380849 25.0007362  0.8543276
 2427.2 2433.1  0.3374754 25.0364475  0.8540052
 2433.1 2439.0  0.3368659 25.0721607  0.8536826
 2439.0 2445.0  0.3362564 25.1078720  0.8533602
 2445.0 2451.0  0.3356811 25.1437817  0.8530923
 2451.0 2457.0  0.3351059 25.1796913  0.8528244
 2457.0 2463.1  0.3345306 25.2156010  0.8525566
 2463.1 2469.1  0.3339458 25.2521095  0.8522843
 2469.1 2475.2  0.3333726 25.2879620  0.8520177
 2475.2 2481.4  0.3329151 25.3209362  0.8518227
 2481.4 2487.6  0.3324501 25.3544540  0.8516246
 2487.6 2493.8  0.3319850 25.3879719  0.8514264
 2493.8 2500.0  0.3315200 25.4214897  0.8512283
 2500.0 2506.3  0.3310550 25.4550056  0.8510301
 2506.3 2512.6  0.3308064 25.4816113  0.8509271
 2512.6 2518.9  0.3305579 25.5082188  0.8508240
 2518.9 2525.3  0.3303093 25.5348244  0.8507210
 2525.3 2531.6  0.3300568 25.5618534  0.8506163
 2531.6 2538.1  0.3298082 25.5884609  0.8505133
 2538.1 2544.5  0.3298573 25.6058521  0.8505182
 2544.5 2551.0  0.3299253 25.6223259  0.8505303
 2551.0 2557.5  0.3299944 25.6390591  0.8505427
 2557.5 2564.1  0.3300636 25.6557903  0.8505549
 2564.1 2570.7  0.3301407 25.6725426  0.8505697
 2570.7 2577.3  0.3306687 25.6738377  0.8507297
 2577.3 2584.0  0.3311968 25.6751328  0.8508897
 2584.0 2590.7  0.3317329 25.6764469  0.8510522
 2590.7 2597.4  0.3322689 25.6777611  0.8512146
 2597.4 2604.2  0.3328373 25.6778927  0.8513867
 2604.2 2611.0  0.3339316 25.6591053  0.8517137
 2611.0 2617.8  0.3350259 25.6403198  0.8520408
 2617.8 2624.7  0.3361201 25.6215343  0.8523678
 2624.7 2631.6  0.3372305 25.6024723  0.8526997
 2631.6 2638.5  0.3383408 25.5834084  0.8530316
 2638.5 2645.5  0.3400820 25.5423813  0.8535305
 2645.5 2652.5  0.3418879 25.4993858  0.8540470
 2652.5 2659.6  0.3436937 25.4563923  0.8545635
 2659.6 2666.7  0.3455253 25.4127827  0.8550875
 2666.7 2673.8  0.3473569 25.3691750  0.8556114
 2673.8 2681.0  0.3498051 25.3045177  0.8562683
 2681.0 2688.2  0.3523153 25.2380066  0.8569405
 2688.2 2695.4  0.3548255 25.1714973  0.8576126
 2695.4 2702.7  0.3573357 25.1049881  0.8582848
 2702.7 2710.0  0.3598808 25.0375538  0.8589663
 2710.0 2717.4  0.3630155 24.9509773  0.8597369
 2717.4 2724.8  0.3662186 24.8623829  0.8605219
 2724.8 2732.2  0.3694219 24.7737865  0.8613068
 2732.2 2739.7  0.3726250 24.6851921  0.8620918
 2739.7 2747.3  0.3758715 24.5953999  0.8628874
 2747.3 2754.8  0.3797264 24.4872608  0.8637325
 2754.8 2762.4  0.3835535 24.3798504  0.8645681
 2762.4 2770.1  0.3874315 24.2710094  0.8654149
 2770.1 2777.8  0.3913608 24.1607304  0.8662727
 2777.8 2785.5  0.3952899 24.0504551  0.8671306
 2785.5 2793.3  0.3997459 23.9256401  0.8679687
 2793.3 2801.1  0.4042740 23.7988091  0.8688172
 2801.1 2809.0  0.4088022 23.6719780  0.8696656
 2809.0 2816.9  0.4133883 23.5435238  0.8705249
 2816.9 2824.9  0.4179745 23.4150677  0.8713842
 2824.9 2832.9  0.4231826 23.2712803  0.8721732
 2832.9 2840.9  0.4283980 23.1273193  0.8729611
 2840.9 2849.0  0.4336132 22.9833565  0.8737490
 2849.0 2857.1  0.4388938 22.8375931  0.8745468
 2857.1 2865.3  0.4441782 22.6917725  0.8753422
 2865.3 2873.6  0.4498385 22.5394287  0.8759629
 2873.6 2881.8  0.4555678 22.3852253  0.8765911
 2881.8 2890.2  0.4612280 22.2328796  0.8772118
 2890.2 2898.6  0.4670263 22.0768204  0.8778476
 2898.6 2907.0  0.4728248 21.9207573  0.8784834
 2907.0 2915.5  0.4791376 21.7566891  0.8788832
 2915.5 2924.0  0.4855517 21.5902576  0.8792758
 2924.0 2932.6  0.4919657 21.4238281  0.8796684
 2932.6 2941.2  0.4984553 21.2554398  0.8800656
 2941.2 2949.9  0.5049497 21.0870838  0.8804558
 2949.9 2958.6  0.5117326 20.9180584  0.8805506
 2958.6 2967.4  0.5185156 20.7490292  0.8806454
 2967.4 2976.2  0.5253763 20.5780640  0.8807413
 2976.2 2985.1  0.5322372 20.4070930  0.8808372
 2985.1 2994.0  0.5391786 20.2341900  0.8809310
 2994.0 3003.0  0.5463452 20.0621586  0.8807462
 3003.0 3012.0  0.5535923 19.8881931  0.8805593
 3012.0 3021.1  0.5608395 19.7142296  0.8803725
 3021.1 3030.3  0.5681672 19.5383282  0.8801835
 3030.3 3039.5  0.5755715 19.3607731  0.8799853
 3039.5 3048.8  0.5828614 19.1913242  0.8795739
 3048.8 3058.1  0.5902305 19.0200329  0.8791580
 3058.1 3067.5  0.5975996 18.8487396  0.8787421
 3067.5 3076.9  0.6050479 18.6756096  0.8783217
 3076.9 3086.4  0.6124961 18.5024796  0.8779014
 3086.4 3096.0  0.6198453 18.3365536  0.8773123
 3096.0 3105.6  0.6272699 18.1689777  0.8767153
 3105.6 3115.3  0.6346946 18.0014000  0.8761182
 3115.3 3125.0  0.6421964 17.8320808  0.8755150
 3125.0 3134.8  0.6496983 17.6627617  0.8749118
 3134.8 3144.7  0.6566307 17.5105686  0.8742325
 3144.7 3154.6  0.6636336 17.3568249  0.8735462
 3154.6 3164.6  0.6706368 17.2030773  0.8728600
 3164.6 3174.6  0.6777106 17.0477791  0.8721668
 3174.6 3184.7  0.6847844 16.8924809  0.8714736
 3184.7 3194.9  0.6911927 16.7556114  0.8707743
 3194.9 3205.1  0.6976340 16.6182175  0.8700681
 3205.1 3215.4  0.7040754 16.4808178  0.8693619
 3215.4 3225.8  0.7105796 16.3420792  0.8686488
 3225.8 3236.2  0.7170714 16.2038956  0.8679345
 3236.2 3246.8  0.7226520 16.0886116  0.8672894
 3246.8 3257.3  0.7283400 15.9711094  0.8666319
 3257.3 3268.0  0.7339742 15.8547163  0.8659807
 3268.0 3278.7  0.7397158 15.7361069  0.8653170
 3278.7 3289.5  0.7451060 15.6258736  0.8646883
 3289.5 3300.3  0.7498755 15.5306063  0.8641203
 3300.3 3311.3  0.7546450 15.4353380  0.8635524
 3311.3 3322.3  0.7595029 15.3383064  0.8629739
 3322.3 3333.3  0.7643608 15.2412748  0.8623955
 3333.3 3344.5  0.7685454 15.1593008  0.8618838
 3344.5 3355.7  0.7725831 15.0808229  0.8613848
 3355.7 3367.0  0.7766207 15.0023460  0.8608859
 3367.0 3378.4  0.7806945 14.9231672  0.8603825
 3378.4 3389.8  0.7843649 14.8520069  0.8599253
 3389.8 3401.4  0.7870014 14.8013620  0.8595873
 3401.4 3413.0  0.7896841 14.7498293  0.8592433
 3413.0 3424.7  0.7923669 14.6982965  0.8588994
 3424.7 3436.4  0.7950727 14.6463194  0.8585524
 3436.4 3448.3  0.8017704 14.5116072  0.8576070
 3448.3 3460.2  0.8086896 14.3723755  0.8566294
 3460.2 3472.2  0.8116453 14.3080559  0.8561854
 3472.2 3484.3  0.8139597 14.2557850  0.8558273
 3484.3 3496.5  0.8162935 14.2030783  0.8554662
 3496.5 3508.8  0.8186466 14.1499367  0.8551022
 3508.8 3521.1  0.8210189 14.0963593  0.8547352
 3521.1 3533.6  0.8233912 14.0427818  0.8543682
 3533.6 3546.1  0.8258021 13.9883327  0.8539951
 3546.1 3558.7  0.8282130 13.9338846  0.8536221
 3558.7 3571.4  0.8302429 13.8807936  0.8532797
 3571.4 3584.2  0.8321083 13.8280907  0.8529497
 3584.2 3597.1  0.8339882 13.7749729  0.8526170
 3597.1 3610.1  0.8358830 13.7214403  0.8522817
 3610.1 3623.2  0.8377923 13.6674919  0.8519439
 3623.2 3636.4  0.8397164 13.6131306  0.8516035
 3636.4 3649.6  0.8416551 13.5583525  0.8512605
 3649.6 3663.0  0.8435939 13.5035744  0.8509174
 3663.0 3676.5  0.8452093 13.4491501  0.8506181
 3676.5 3690.0  0.8468258 13.3943548  0.8503180
 3690.0 3703.7  0.8484424 13.3395605  0.8500178
 3703.7 3717.5  0.8500829 13.2839546  0.8497133
 3717.5 3731.3  0.8517353 13.2279425  0.8494065
 3731.3 3745.3  0.8533878 13.1719294  0.8490998
 3745.3 3759.4  0.8550642 13.1151056  0.8487886
 3759.4 3773.6  0.8566389 13.0587864  0.8485143
 3773.6 3787.9  0.8581675 13.0025244  0.8482577
 3787.9 3802.3  0.8597068 12.9458675  0.8479993
 3802.3 3816.8  0.8612570 12.8888130  0.8477391
 3816.8 3831.4  0.8628179 12.8313637  0.8474771
 3831.4 3846.2  0.8643895 12.7735176  0.8472133
 3846.2 3861.0  0.8659827 12.7148790  0.8469459
 3861.0 3876.0  0.8675373 12.6575031  0.8467238
 3876.0 3891.1  0.8690993 12.5997944  0.8465146
 3891.1 3906.2  0.8706718 12.5417004  0.8463040
 3906.2 3921.6  0.8722442 12.4836063  0.8460934
 3921.6 3937.0  0.8738480 12.4243584  0.8458786
 3937.0 3952.6  0.8754516 12.3651104  0.8456638
 3952.6 3968.3  0.8770679 12.3054790  0.8454552
 3968.3 3984.1  0.8786528 12.2474098  0.8452904
 3984.1 4000.0  0.8802478 12.1889706  0.8451245
 4000.0 4016.1  0.8818530 12.1301622  0.8449576
 4016.1 4032.3  0.8834783 12.0706129  0.8447886
 4032.3 4048.6  0.8851137 12.0106945  0.8446186
 4048.6 4065.0  0.8867592 11.9504061  0.8444475
 4065.0 4081.6  0.8883337 11.8924265  0.8443151
 4081.6 4098.4  0.8899198 11.8339920  0.8441848
 4098.4 4115.2  0.8915249 11.7748537  0.8440530
 4115.2 4132.2  0.8931301 11.7157145  0.8439211
 4132.2 4149.4  0.8947544 11.6558723  0.8437877
 4149.4 4166.7  0.8963978 11.5953264  0.8436528
 4166.7 4184.1  0.8979369 11.5372810  0.8435503
 4184.1 4201.7  0.8994808 11.4790049  0.8434485
 4201.7 4219.4  0.9010423 11.4200583  0.8433455
 4219.4 4237.3  0.9026128 11.3607779  0.8432419
 4237.3 4255.3  0.9042010 11.3008270  0.8431371
 4255.3 4273.5  0.9057577 11.2412491  0.8430395
 4273.5 4291.8  0.9072338 11.1827230  0.8429593
 4291.8 4310.3  0.9087180 11.1238775  0.8428788
 4310.3 4329.0  0.9102184 11.0643883  0.8427973
 4329.0 4347.8  0.9117351 11.0042543  0.8427150
 4347.8 4366.8  0.9132597 10.9438009  0.8426322
 4366.8 4386.0  0.9146633 10.8843756  0.8425654
 4386.0 4405.3  0.9160635 10.8245459  0.8425002
 4405.3 4424.8  0.9174709 10.7644053  0.8424346
 4424.8 4444.4  0.9188930 10.7036409  0.8423684
 4444.4 4464.3  0.9203223 10.6425648  0.8423018
 4464.3 4484.3  0.9216624 10.5817003  0.8422447
 4484.3 4504.5  0.9229655 10.5209808  0.8421913
 4504.5 4524.9  0.9242816 10.4596529  0.8421375
 4524.9 4545.5  0.9256107 10.3977184  0.8420832
 4545.5 4566.2  0.9269529 10.3351774  0.8420283
 4566.2 4587.2  0.9281933 10.2734985  0.8419826
 4587.2 4608.3  0.9294212 10.2112551  0.8419389
 4608.3 4629.6  0.9306549 10.1487160  0.8418950
 4629.6 4651.2  0.9319004 10.0855827  0.8418508
 4651.2 4672.9  0.9331565 10.0216408  0.8418064
 4672.9 4694.8  0.9343017  9.9587812  0.8417714
 4694.8 4717.0  0.9354575  9.8953419  0.8417361
 4717.0 4739.3  0.9366291  9.8310318  0.8417003
 4739.3 4761.9  0.9378060  9.7664337  0.8416643
 4761.9 4784.7  0.9389405  9.7017317  0.8416323
 4784.7 4807.7  0.9400323  9.6371517  0.8416040
 4807.7 4830.9  0.9411337  9.5720053  0.8415754
 4830.9 4854.4  0.9422446  9.5062943  0.8415465
 4854.4 4878.0  0.9433513  9.4400120  0.8415186
 4878.0 4902.0  0.9443815  9.3746672  0.8414958
 4902.0 4926.1  0.9454291  9.3082151  0.8414726
 4926.1 4950.5  0.9464812  9.2414856  0.8414494
 4950.5 4975.1  0.9475444  9.1739588  0.8414260
 4975.1 5000.0  0.9485269  9.1074400  0.8414070
 5000.0 5025.1  0.9495214  9.0401115  0.8413879
 5025.1 5050.5  0.9505239  8.9722404  0.8413686
 5050.5 5076.1  0.9515367  8.9035931  0.8413491
 5076.1 5102.0  0.9524745  8.8361130  0.8413326
 5102.0 5128.2  0.9534234  8.7678423  0.8413159
 5128.2 5154.6  0.9543832  8.6987801  0.8412989
 5154.6 5181.3  0.9553365  8.6295300  0.8412821
 5181.3 5208.3  0.9562345  8.5611105  0.8412663
 5208.3 5235.6  0.9571426  8.4919224  0.8412502
 5235.6 5263.2  0.9580608  8.4219656  0.8412340
 5263.2 5291.0  0.9589522  8.3523102  0.8412175
 5291.0 5319.1  0.9598097  8.2833271  0.8412005
 5319.1 5347.6  0.9606764  8.2135983  0.8411833
 5347.6 5376.3  0.9615555  8.1428776  0.8411659
 5376.3 5405.4  0.9623705  8.0740623  0.8411460
 5405.4 5434.8  0.9631904  8.0045080  0.8411255
 5434.8 5464.5  0.9640188  7.9342375  0.8411050
 5464.5 5494.5  0.9648175  7.8647614  0.8410818
 5494.5 5524.9  0.9655839  7.7961850  0.8410560
 5524.9 5555.6  0.9663606  7.7266946  0.8410298
 5555.6 5586.6  0.9671304  7.6571631  0.8410021
 5586.6 5618.0  0.9678419  7.5898709  0.8409685
 5618.0 5649.7  0.9685627  7.5217109  0.8409345
 5649.7 5681.8  0.9692904  7.4528990  0.8409002
 5681.8 5714.3  0.9699522  7.3867297  0.8408582
 5714.3 5747.1  0.9706215  7.3197689  0.8408155
 5747.1 5780.3  0.9712970  7.2521892  0.8407725
 5780.3 5814.0  0.9719209  7.1866040  0.8407229
 5814.0 5848.0  0.9725484  7.1203041  0.8406719
 5848.0 5882.4  0.9731815  7.0534143  0.8406205
 5882.4 5917.2  0.9737697  6.9882097  0.8405633
 5917.2 5952.4  0.9743615  6.9224005  0.8405051
 5952.4 5988.0  0.9749569  6.8559847  0.8404459
 5988.0 6024.1  0.9755156  6.7908697  0.8403815
 6024.1 6060.6  0.9760822  6.7248397  0.8403162
 6060.6 6097.6  0.9766440  6.6586041  0.8402490
 6097.6 6135.0  0.9771860  6.5927639  0.8401780
 6135.0 6172.8  0.9777339  6.5262122  0.8401062
 6172.8 6211.2  0.9782693  6.4598331  0.8400316
 6211.2 6250.0  0.9788008  6.3929901  0.8399545
 6250.0 6289.3  0.9793378  6.3254519  0.8398766
 6289.3 6329.1  0.9798581  6.2581892  0.8397949
 6329.1 6369.4  0.9803850  6.1900702  0.8397123
 6369.4 6410.3  0.9809105  6.1214933  0.8396274
 6410.3 6451.6  0.9814352  6.0523291  0.8395401
 6451.6 6493.5  0.9819645  5.9825077  0.8394520
 6493.5 6535.9  0.9824921  5.9121709  0.8393608
 6535.9 6578.9  0.9830259  5.8409953  0.8392686
 6578.9 6622.5  0.9835655  5.7689481  0.8391744
 6622.5 6666.7  0.9841117  5.6959634  0.8390785
 6666.7 6711.4  0.9846669  5.6219268  0.8389810
 6711.4 6756.8  0.9852313  5.5469747  0.8388820
 6756.8 6802.7  0.9858063  5.4707794  0.8387814
 6802.7 6849.3  0.9863979  5.3933501  0.8386796
 6849.3 6896.6  0.9869986  5.3147407  0.8385761
 6896.6 6944.4  0.9876235  5.2343602  0.8384711
 6944.4 6993.0  0.9882551  5.1531219  0.8383648
 6993.0 7042.3  0.9889075  5.0702028  0.8382559
 7042.3 7092.2  0.9895704  4.9860477  0.8381454
 7092.2 7142.9  0.9902441  4.9009113  0.8380315
 7142.9 7194.2  0.9909291  4.8144202  0.8379156
 7194.2 7246.4  0.9916177  4.7273312  0.8377949
 7246.4 7299.3  0.9923177  4.6387849  0.8376716
 7299.3 7352.9  0.9930137  4.5499668  0.8375416
 7352.9 7407.4  0.9937167  4.4601216  0.8374091
 7407.4 7462.7  0.9944084  4.3702149  0.8372675
 7462.7 7518.8  0.9951020  4.2794757  0.8371216
 7518.8 7575.8  0.9957783  4.1890850  0.8369661
 7575.8 7633.6  0.9964435  4.0985341  0.8368027
 7633.6 7692.3  0.9970911  4.0082927  0.8366301
 7692.3 7751.9  0.9977029  3.9193172  0.8364438
 7751.9 7812.5  0.9983034  3.8301761  0.8362497
 7812.5 7874.0  0.9988342  3.7441275  0.8360335
 7874.0 7936.5  0.9993328  3.6590986  0.8358048
 7936.5 8000.0  0.9997758  3.5763357  0.8355577
 8000.0 8064.5  0.9999357  3.4980612  0.8352833
 8064.5 8130.1  1.0000000  3.4221845  0.8349902
 8130.1 8196.7  1.0000000  3.3521533  0.8346635
 8196.7 8264.5  1.0000000  3.2889438  0.8343006
 8264.5 8333.3  1.0000000  3.2309575  0.8339060
 8333.3 8403.4  1.0000000  3.1830812  0.8334622
 8403.4 8474.6  0.9996666  3.1472681  0.8329588
 8474.6 8547.0  0.9992221  3.1150131  0.8324311
 8547.0 8620.7  0.9987701  3.0822139  0.8318946
 8620.7 8695.7  0.9983100  3.0488260  0.8313484
 8695.7 8771.9  0.9978418  3.0148492  0.8307926
 8771.9 8849.6  0.9973661  2.9803288  0.8302279
 8849.6 8928.6  0.9968810  2.9451292  0.8296521
 8928.6 9009.0  0.9963878  2.9093401  0.8290667
 9009.0 9090.9  0.9958858  2.8729169  0.8284709
 9090.9 9174.3  0.9953746  2.8358140  0.8278639
 9174.3 9259.3  0.9948539  2.7980323  0.8272459
 9259.3 9345.8  0.9943233  2.7595251  0.8266160
 9345.8 9434.0  0.9937832  2.7203386  0.8259749
 9434.0 9523.8  0.9932326  2.6803818  0.8253213
 9523.8 9615.4  0.9926720  2.6397004  0.8246558
 9615.4 9708.7  0.9921001  2.5982029  0.8239771
 9708.7 9803.9  0.9915177  2.5559359  0.8232856
 9803.9 9901.0  0.9909233  2.5128081  0.8225802
 9901.0 9911.0  0.9903171  2.4688196  0.8218606
