 1176.5 1177.9  0.3501582 26.1103249  0.9294206
 1177.9 1179.2  0.3499452 26.1312218  0.9294360
 1179.2 1180.6  0.3497474 26.1506233  0.9294504
 1180.6 1182.0  0.3495344 26.1715183  0.9294659
 1182.0 1183.4  0.3493215 26.1924152  0.9294813
 1183.4 1184.8  0.3491085 26.2133102  0.9294968
 1184.8 1186.2  0.3488955 26.2342072  0.9295123
 1186.2 1187.6  0.3486825 26.2551003  0.9295278
 1187.6 1189.1  0.3484695 26.2759972  0.9295433
 1189.1 1190.5  0.3482413 26.2983856  0.9295598
 1190.5 1191.9  0.3480284 26.3192806  0.9295753
 1191.9 1193.3  0.3478154 26.3401756  0.9295908
 1193.3 1194.7  0.3476024 26.3610725  0.9296062
 1194.7 1196.2  0.3473894 26.3819656  0.9296217
 1196.2 1197.6  0.3471612 26.4043541  0.9296383
 1197.6 1199.0  0.3469483 26.4252510  0.9296537
 1199.0 1200.5  0.3467353 26.4461460  0.9296692
 1200.5 1201.9  0.3465071 26.4685345  0.9296858
 1201.9 1203.4  0.3462941 26.4894295  0.9297012
 1203.4 1204.8  0.3460659 26.5118179  0.9297178
 1204.8 1206.3  0.3458529 26.5327129  0.9297333
 1206.3 1207.7  0.3456247 26.5551014  0.9297498
 1207.7 1209.2  0.3454118 26.5759964  0.9297653
 1209.2 1210.7  0.3451836 26.5983829  0.9297819
 1210.7 1212.1  0.3449554 26.6207714  0.9297985
 1212.1 1213.6  0.3447424 26.6416683  0.9298139
 1213.6 1215.1  0.3445142 26.6640549  0.9298305
 1215.1 1216.5  0.3442860 26.6864433  0.9298471
 1216.5 1218.0  0.3440731 26.7073402  0.9298626
 1218.0 1219.5  0.3438449 26.7297268  0.9298791
 1219.5 1221.0  0.3436167 26.7521152  0.9298957
 1221.0 1222.5  0.3433885 26.7745037  0.9299123
 1222.5 1224.0  0.3431603 26.7968922  0.9299288
 1224.0 1225.5  0.3429321 26.8192787  0.9299454
 1225.5 1227.0  0.3427039 26.8416672  0.9299620
 1227.0 1228.5  0.3424757 26.8640556  0.9299785
 1228.5 1230.0  0.3422475 26.8864441  0.9299951
 1230.0 1231.5  0.3420193 26.9088326  0.9300117
 1231.5 1233.0  0.3417912 26.9312191  0.9300283
 1233.0 1234.6  0.3415630 26.9536076  0.9300448
 1234.6 1236.1  0.3413196 26.9774876  0.9300625
 1236.1 1237.6  0.3410914 26.9998760  0.9300791
 1237.6 1239.2  0.3408632 27.0222645  0.9300957
 1239.2 1240.7  0.3406198 27.0461445  0.9301134
 1240.7 1242.2  0.3403916 27.0685329  0.9301299
 1242.2 1243.8  0.3401634 27.0909195  0.9301465
 1243.8 1245.3  0.3399200 27.1148014  0.9301642
 1245.3 1246.9  0.3396918 27.1371899  0.9301807
 1246.9 1248.4  0.3394484 27.1610699  0.9301984
 1248.4 1250.0  0.3392202 27.1834583  0.9302150
 1250.0 1251.6  0.3389768 27.2073383  0.9302327
 1251.6 1253.1  0.3387334 27.2312183  0.9302503
 1253.1 1254.7  0.3385052 27.2536068  0.9302669
 1254.7 1256.3  0.3382618 27.2774868  0.9302846
 1256.3 1257.9  0.3380184 27.3013687  0.9303023
 1257.9 1259.4  0.3377750 27.3252487  0.9303200
 1259.4 1261.0  0.3375468 27.3476372  0.9303365
 1261.0 1262.6  0.3373034 27.3715172  0.9303542
 1262.6 1264.2  0.3370600 27.3953972  0.9303719
 1264.2 1265.8  0.3368166 27.4192772  0.9303896
 1265.8 1267.4  0.3365732 27.4431591  0.9304072
 1267.4 1269.0  0.3363298 27.4670391  0.9304249
 1269.0 1270.6  0.3360864 27.4909191  0.9304426
 1270.6 1272.3  0.3358430 27.5148010  0.9304603
 1272.3 1273.9  0.3355843 27.5401745  0.9304790
 1273.9 1275.5  0.3353409 27.5640545  0.9304968
 1275.5 1277.1  0.3350975 27.5879345  0.9305144
 1277.1 1278.8  0.3348541 27.6118145  0.9305321
 1278.8 1280.4  0.3345955 27.6371899  0.9305509
 1280.4 1282.1  0.3343521 27.6610699  0.9305686
 1282.1 1283.7  0.3340935 27.6864414  0.9305874
 1283.7 1285.3  0.3338501 27.7103214  0.9306050
 1285.3 1287.0  0.3336067 27.7342033  0.9306227
 1287.0 1288.7  0.3333481 27.7595768  0.9306415
 1288.7 1290.3  0.3330895 27.7849483  0.9306602
 1290.3 1292.0  0.3328460 27.8088303  0.9306780
 1292.0 1293.7  0.3325874 27.8342037  0.9306967
 1293.7 1295.3  0.3323288 27.8595753  0.9307155
 1295.3 1297.0  0.3320854 27.8834572  0.9307332
 1297.0 1298.7  0.3318268 27.9088287  0.9307520
 1298.7 1300.4  0.3315682 27.9342022  0.9307708
 1300.4 1302.1  0.3313292 27.9576912  0.9307861
 1302.1 1303.8  0.3311540 27.9750500  0.9307904
 1303.8 1305.5  0.3309787 27.9924107  0.9307946
 1305.5 1307.2  0.3308035 28.0097694  0.9307989
 1307.2 1308.9  0.3306282 28.0271282  0.9308031
 1308.9 1310.6  0.3304530 28.0444889  0.9308074
 1310.6 1312.3  0.3302778 28.0618477  0.9308116
 1312.3 1314.1  0.3301025 28.0792084  0.9308159
 1314.1 1315.8  0.3299170 28.0975876  0.9308203
 1315.8 1317.5  0.3297418 28.1149483  0.9308246
 1317.5 1319.3  0.3295665 28.1323071  0.9308289
 1319.3 1321.0  0.3293810 28.1506882  0.9308333
 1321.0 1322.8  0.3292058 28.1680470  0.9308376
 1322.8 1324.5  0.3290202 28.1864281  0.9308421
 1324.5 1326.3  0.3288450 28.2037868  0.9308464
 1326.3 1328.0  0.3286594 28.2221680  0.9308509
 1328.0 1329.8  0.3284842 28.2395267  0.9308551
 1329.8 1331.6  0.3282987 28.2579079  0.9308596
 1331.6 1333.3  0.3281131 28.2762890  0.9308641
 1333.3 1335.1  0.3279379 28.2936478  0.9308684
 1335.1 1336.9  0.3277524 28.3120289  0.9308729
 1336.9 1338.7  0.3275668 28.3304100  0.9308774
 1338.7 1340.5  0.3273813 28.3487892  0.9308819
 1340.5 1342.3  0.3271957 28.3671703  0.9308864
 1342.3 1344.1  0.3270102 28.3855515  0.9308909
 1344.1 1345.9  0.3268247 28.4039326  0.9308954
 1345.9 1347.7  0.3266391 28.4223137  0.9308999
 1347.7 1349.5  0.3264536 28.4406929  0.9309044
 1349.5 1351.4  0.3262680 28.4590740  0.9309089
 1351.4 1353.2  0.3260842 28.4773655  0.9309089
 1353.2 1355.0  0.3259141 28.4943199  0.9309072
 1355.0 1356.9  0.3257440 28.5112724  0.9309056
 1356.9 1358.7  0.3255645 28.5291691  0.9309039
 1358.7 1360.5  0.3253944 28.5461216  0.9309023
 1360.5 1362.4  0.3252243 28.5630760  0.9309007
 1362.4 1364.3  0.3250447 28.5809708  0.9308990
 1364.3 1366.1  0.3248652 28.5988674  0.9308973
 1366.1 1368.0  0.3246951 28.6158199  0.9308957
 1368.0 1369.9  0.3245156 28.6337147  0.9308940
 1369.9 1371.7  0.3243360 28.6516113  0.9308922
 1371.7 1373.6  0.3241659 28.6685638  0.9308906
 1373.6 1375.5  0.3239864 28.6864605  0.9308890
 1375.5 1377.4  0.3238069 28.7043552  0.9308872
 1377.4 1379.3  0.3236273 28.7222519  0.9308855
 1379.3 1381.2  0.3234478 28.7401466  0.9308838
 1381.2 1383.1  0.3232682 28.7580414  0.9308821
 1383.1 1385.0  0.3230887 28.7759361  0.9308804
 1385.0 1387.0  0.3229091 28.7938328  0.9308787
 1387.0 1388.9  0.3227201 28.8126698  0.9308769
 1388.9 1390.8  0.3225406 28.8305645  0.9308752
 1390.8 1392.8  0.3223611 28.8484612  0.9308735
 1392.8 1394.7  0.3221720 28.8672981  0.9308717
 1394.7 1396.6  0.3219925 28.8851929  0.9308700
 1396.6 1398.6  0.3218130 28.9030876  0.9308683
 1398.6 1400.6  0.3216240 28.9219265  0.9308665
 1400.6 1402.5  0.3214399 28.9403057  0.9308628
 1402.5 1404.5  0.3212759 28.9567490  0.9308554
 1404.5 1406.5  0.3211032 28.9740601  0.9308476
 1406.5 1408.5  0.3209306 28.9913712  0.9308397
 1408.5 1410.4  0.3207580 29.0086803  0.9308318
 1410.4 1412.4  0.3205940 29.0251255  0.9308244
 1412.4 1414.4  0.3204213 29.0424366  0.9308166
 1414.4 1416.4  0.3202487 29.0597458  0.9308087
 1416.4 1418.4  0.3200760 29.0770569  0.9308009
 1418.4 1420.5  0.3199034 29.0943680  0.9307930
 1420.5 1422.5  0.3197221 29.1125431  0.9307848
 1422.5 1424.5  0.3195494 29.1298523  0.9307770
 1424.5 1426.5  0.3193768 29.1471634  0.9307691
 1426.5 1428.6  0.3192042 29.1644745  0.9307612
 1428.6 1430.6  0.3190229 29.1826496  0.9307530
 1430.6 1432.7  0.3188502 29.1999607  0.9307451
 1432.7 1434.7  0.3186690 29.2181358  0.9307369
 1434.7 1436.8  0.3184963 29.2354450  0.9307290
 1436.8 1438.8  0.3183150 29.2536221  0.9307208
 1438.8 1440.9  0.3181424 29.2709332  0.9307129
 1440.9 1443.0  0.3179611 29.2891083  0.9307047
 1443.0 1445.1  0.3177798 29.3072834  0.9306965
 1445.1 1447.2  0.3175986 29.3254604  0.9306883
 1447.2 1449.3  0.3174173 29.3436356  0.9306800
 1449.3 1451.4  0.3172360 29.3618126  0.9306718
 1451.4 1453.5  0.3170657 29.3789520  0.9306598
 1453.5 1455.6  0.3169008 29.3955727  0.9306459
 1455.6 1457.7  0.3167360 29.4121952  0.9306320
 1457.7 1459.9  0.3165711 29.4288158  0.9306181
 1459.9 1462.0  0.3163984 29.4462299  0.9306036
 1462.0 1464.1  0.3162336 29.4628525  0.9305897
 1464.1 1466.3  0.3160687 29.4794731  0.9305758
 1466.3 1468.4  0.3158960 29.4968872  0.9305612
 1468.4 1470.6  0.3157312 29.5135078  0.9305474
 1470.6 1472.8  0.3155585 29.5309219  0.9305328
 1472.8 1474.9  0.3153858 29.5483360  0.9305183
 1474.9 1477.1  0.3152210 29.5649567  0.9305044
 1477.1 1479.3  0.3150482 29.5823689  0.9304898
 1479.3 1481.5  0.3148755 29.5997829  0.9304752
 1481.5 1483.7  0.3147028 29.6171970  0.9304607
 1483.7 1485.9  0.3145302 29.6346092  0.9304461
 1485.9 1488.1  0.3143575 29.6520233  0.9304316
 1488.1 1490.3  0.3141848 29.6694355  0.9304171
 1490.3 1492.5  0.3140121 29.6868496  0.9304025
 1492.5 1494.8  0.3138393 29.7042618  0.9303880
 1494.8 1497.0  0.3136588 29.7224674  0.9303728
 1497.0 1499.3  0.3134861 29.7398815  0.9303582
 1499.3 1501.5  0.3133056 29.7580853  0.9303430
 1501.5 1503.8  0.3131441 29.7744160  0.9303249
 1503.8 1506.0  0.3129809 29.7909584  0.9303043
 1506.0 1508.3  0.3128248 29.8067818  0.9302846
 1508.3 1510.6  0.3126616 29.8233261  0.9302639
 1510.6 1512.9  0.3124984 29.8398685  0.9302433
 1512.9 1515.2  0.3123352 29.8564129  0.9302226
 1515.2 1517.5  0.3121720 29.8729553  0.9302019
 1517.5 1519.8  0.3120088 29.8894997  0.9301813
 1519.8 1522.1  0.3118456 29.9060440  0.9301607
 1522.1 1524.4  0.3116824 29.9225864  0.9301400
 1524.4 1526.7  0.3115192 29.9391289  0.9301194
 1526.7 1529.1  0.3113560 29.9556732  0.9300988
 1529.1 1531.4  0.3111857 29.9729347  0.9300772
 1531.4 1533.7  0.3110225 29.9894791  0.9300566
 1533.7 1536.1  0.3108593 30.0060215  0.9300359
 1536.1 1538.5  0.3106889 30.0232849  0.9300144
 1538.5 1540.8  0.3105187 30.0405483  0.9299929
 1540.8 1543.2  0.3103554 30.0570908  0.9299722
 1543.2 1545.6  0.3101851 30.0743523  0.9299507
 1545.6 1548.0  0.3100148 30.0916157  0.9299291
 1548.0 1550.4  0.3098445 30.1088791  0.9299076
 1550.4 1552.8  0.3096772 30.1258583  0.9298852
 1552.8 1555.2  0.3095244 30.1414146  0.9298587
 1555.2 1557.6  0.3093717 30.1569729  0.9298322
 1557.6 1560.1  0.3092189 30.1725311  0.9298057
 1560.1 1562.5  0.3090598 30.1887379  0.9297781
 1562.5 1564.9  0.3089071 30.2042961  0.9297516
 1564.9 1567.4  0.3087543 30.2198524  0.9297251
 1567.4 1569.9  0.3085952 30.2360592  0.9296975
 1569.9 1572.3  0.3084361 30.2522659  0.9296699
 1572.3 1574.8  0.3082833 30.2678242  0.9296434
 1574.8 1577.3  0.3081242 30.2840290  0.9296158
 1577.3 1579.8  0.3079651 30.3002357  0.9295881
 1579.8 1582.3  0.3078060 30.3164425  0.9295605
 1582.3 1584.8  0.3076469 30.3326492  0.9295329
 1584.8 1587.3  0.3074878 30.3488541  0.9295053
 1587.3 1589.8  0.3073287 30.3650608  0.9294778
 1589.8 1592.4  0.3071696 30.3812675  0.9294502
 1592.4 1594.9  0.3070041 30.3981209  0.9294214
 1594.9 1597.4  0.3068450 30.4143276  0.9293938
 1597.4 1600.0  0.3066859 30.4305344  0.9293662
 1600.0 1602.6  0.3065204 30.4473877  0.9293375
 1602.6 1605.1  0.3063738 30.4623966  0.9293036
 1605.1 1607.7  0.3062329 30.4768295  0.9292711
 1607.7 1610.3  0.3060864 30.4918385  0.9292372
 1610.3 1612.9  0.3059398 30.5068474  0.9292034
 1612.9 1615.5  0.3057932 30.5218563  0.9291695
 1615.5 1618.1  0.3056467 30.5368652  0.9291357
 1618.1 1620.7  0.3055001 30.5518742  0.9291018
 1620.7 1623.4  0.3053536 30.5668831  0.9290680
 1623.4 1626.0  0.3052014 30.5824718  0.9290328
 1626.0 1628.7  0.3050548 30.5974808  0.9289990
 1628.7 1631.3  0.3049026 30.6130657  0.9289638
 1631.3 1634.0  0.3047560 30.6280766  0.9289300
 1634.0 1636.7  0.3046038 30.6436615  0.9288948
 1636.7 1639.3  0.3044516 30.6592484  0.9288597
 1639.3 1642.0  0.3043051 30.6742592  0.9288258
 1642.0 1644.7  0.3041529 30.6898441  0.9287907
 1644.7 1647.4  0.3040007 30.7054310  0.9287555
 1647.4 1650.2  0.3038485 30.7210178  0.9287204
 1650.2 1652.9  0.3036922 30.7370358  0.9286834
 1652.9 1655.6  0.3035604 30.7506580  0.9286419
 1655.6 1658.4  0.3034287 30.7642784  0.9286004
 1658.4 1661.1  0.3032921 30.7784042  0.9285573
 1661.1 1663.9  0.3031604 30.7920246  0.9285159
 1663.9 1666.7  0.3030238 30.8061523  0.9284728
 1666.7 1669.4  0.3028872 30.8202763  0.9284297
 1669.4 1672.2  0.3027555 30.8338985  0.9283882
 1672.2 1675.0  0.3026189 30.8480244  0.9283452
 1675.0 1677.9  0.3024823 30.8621502  0.9283022
 1677.9 1680.7  0.3023408 30.8767815  0.9282575
 1680.7 1683.5  0.3022043 30.8909054  0.9282145
 1683.5 1686.3  0.3020676 30.9050331  0.9281715
 1686.3 1689.2  0.3019311 30.9191589  0.9281284
 1689.2 1692.0  0.3017896 30.9337883  0.9280838
 1692.0 1694.9  0.3016530 30.9479141  0.9280408
 1694.9 1697.8  0.3015115 30.9625454  0.9279962
 1697.8 1700.7  0.3013700 30.9771748  0.9279516
 1700.7 1703.6  0.3012421 30.9904346  0.9279094
 1703.6 1706.5  0.3011565 30.9993877  0.9278748
 1706.5 1709.4  0.3010710 31.0083427  0.9278402
 1709.4 1712.3  0.3009854 31.0172958  0.9278056
 1712.3 1715.3  0.3008999 31.0262489  0.9277710
 1715.3 1718.2  0.3008114 31.0355129  0.9277351
 1718.2 1721.2  0.3007258 31.0444660  0.9277006
 1721.2 1724.1  0.3006373 31.0537281  0.9276648
 1724.1 1727.1  0.3005518 31.0626812  0.9276301
 1727.1 1730.1  0.3004633 31.0719433  0.9275943
 1730.1 1733.1  0.3003748 31.0812073  0.9275585
 1733.1 1736.1  0.3002863 31.0904694  0.9275227
 1736.1 1739.1  0.3001978 31.0997314  0.9274869
 1739.1 1742.2  0.3001093 31.1089935  0.9274511
 1742.2 1745.2  0.3000179 31.1185646  0.9274141
 1745.2 1748.3  0.2999294 31.1278267  0.9273783
 1748.3 1751.3  0.2998379 31.1373978  0.9273413
 1751.3 1754.4  0.2997494 31.1466618  0.9273055
 1754.4 1757.5  0.2996549 31.1565876  0.9272654
 1757.5 1760.6  0.2995392 31.1689148  0.9272043
 1760.6 1763.7  0.2994235 31.1812439  0.9271432
 1763.7 1766.8  0.2993079 31.1935711  0.9270822
 1766.8 1769.9  0.2991922 31.2058983  0.9270211
 1769.9 1773.0  0.2990765 31.2182274  0.9269600
 1773.0 1776.2  0.2989693 31.2297878  0.9268953
 1776.2 1779.4  0.2988589 31.2416935  0.9268283
 1779.4 1782.5  0.2987485 31.2536011  0.9267613
 1782.5 1785.7  0.2986416 31.2651367  0.9266965
 1785.7 1788.9  0.2985311 31.2770443  0.9266295
 1788.9 1792.1  0.2984291 31.2881966  0.9265589
 1792.1 1795.3  0.2983279 31.2992706  0.9264877
 1795.3 1798.6  0.2982267 31.3103466  0.9264167
 1798.6 1801.8  0.2981224 31.3217678  0.9263434
 1801.8 1805.1  0.2980212 31.3328419  0.9262723
 1805.1 1808.3  0.2979236 31.3437233  0.9261924
 1808.3 1811.6  0.2978293 31.3542423  0.9261145
 1811.6 1814.9  0.2977321 31.3650894  0.9260341
 1814.9 1818.2  0.2976349 31.3759384  0.9259537
 1818.2 1821.5  0.2975385 31.3867092  0.9258732
 1821.5 1824.8  0.2974545 31.3963089  0.9257904
 1824.8 1828.2  0.2973706 31.4059086  0.9257075
 1828.2 1831.5  0.2972841 31.4158001  0.9256221
 1831.5 1834.9  0.2972001 31.4253998  0.9255393
 1834.9 1838.2  0.2971136 31.4352913  0.9254539
 1838.2 1841.6  0.2970403 31.4439545  0.9253659
 1841.6 1845.0  0.2969650 31.4528522  0.9252750
 1845.0 1848.4  0.2968898 31.4617481  0.9251841
 1848.4 1851.9  0.2968146 31.4706459  0.9250932
 1851.9 1855.3  0.2967371 31.4798050  0.9249996
 1855.3 1858.7  0.2966716 31.4879112  0.9249001
 1858.7 1862.2  0.2966064 31.4959946  0.9248003
 1862.2 1865.7  0.2965392 31.5043144  0.9246976
 1865.7 1869.2  0.2964721 31.5126362  0.9245949
 1869.2 1872.7  0.2964058 31.5208797  0.9244920
 1872.7 1876.2  0.2963532 31.5278645  0.9243857
 1876.2 1879.7  0.2963006 31.5348492  0.9242795
 1879.7 1883.2  0.2962479 31.5418339  0.9241732
 1883.2 1886.8  0.2961953 31.5488167  0.9240669
 1886.8 1890.4  0.2961412 31.5560017  0.9239576
 1890.4 1893.9  0.2961000 31.5620632  0.9238414
 1893.9 1897.5  0.2960607 31.5678921  0.9237280
 1897.5 1901.1  0.2960202 31.5738888  0.9236115
 1901.1 1904.8  0.2959798 31.5798836  0.9234949
 1904.8 1908.4  0.2959382 31.5860462  0.9233751
 1908.4 1912.0  0.2959108 31.5909882  0.9232478
 1912.0 1915.7  0.2958842 31.5958652  0.9231198
 1915.7 1919.4  0.2958568 31.6008797  0.9229884
 1919.4 1923.1  0.2958294 31.6058922  0.9228569
 1923.1 1926.8  0.2958024 31.6108665  0.9227253
 1926.8 1930.5  0.2957911 31.6144295  0.9225889
 1930.5 1934.2  0.2957798 31.6179924  0.9224524
 1934.2 1938.0  0.2957685 31.6215553  0.9223160
 1938.0 1941.7  0.2957569 31.6252155  0.9221758
 1941.7 1945.5  0.2957456 31.6287785  0.9220394
 1945.5 1949.3  0.2957493 31.6311321  0.9218906
 1949.3 1953.1  0.2957543 31.6333733  0.9217410
 1953.1 1956.9  0.2957593 31.6356163  0.9215915
 1956.9 1960.8  0.2957643 31.6378593  0.9214419
 1960.8 1964.6  0.2957694 31.6401596  0.9212884
 1964.6 1968.5  0.2957906 31.6410999  0.9211257
 1968.5 1972.4  0.2958132 31.6419907  0.9209579
 1972.4 1976.3  0.2958358 31.6428795  0.9207901
 1976.3 1980.2  0.2958584 31.6437702  0.9206223
 1980.2 1984.1  0.2958818 31.6445961  0.9204542
 1984.1 1988.1  0.2959184 31.6442318  0.9202814
 1988.1 1992.0  0.2959560 31.6438560  0.9201042
 1992.0 1996.0  0.2959926 31.6434917  0.9199314
 1996.0 2000.0  0.2960302 31.6431160  0.9197542
 2000.0 2004.0  0.2960677 31.6427422  0.9195770
 2004.0 2008.0  0.2961190 31.6412830  0.9193861
 2008.0 2012.1  0.2961702 31.6398258  0.9191952
 2012.1 2016.1  0.2962228 31.6383305  0.9189996
 2016.1 2020.2  0.2962740 31.6368713  0.9188086
 2020.2 2024.3  0.2963270 31.6353416  0.9186128
 2024.3 2028.4  0.2963876 31.6331062  0.9184137
 2028.4 2032.5  0.2964481 31.6308727  0.9182146
 2032.5 2036.7  0.2965087 31.6286373  0.9180155
 2036.7 2040.8  0.2965707 31.6263485  0.9178116
 2040.8 2045.0  0.2966313 31.6241131  0.9176125
 2045.0 2049.2  0.2966993 31.6213455  0.9174014
 2049.2 2053.4  0.2967675 31.6185551  0.9171900
 2053.4 2057.6  0.2968357 31.6157646  0.9169786
 2057.6 2061.9  0.2969039 31.6129723  0.9167672
 2061.9 2066.1  0.2969738 31.6101151  0.9165508
 2066.1 2070.4  0.2970460 31.6070747  0.9163280
 2070.4 2074.7  0.2971201 31.6039581  0.9160996
 2074.7 2079.0  0.2971942 31.6008396  0.9158712
 2079.0 2083.3  0.2972682 31.5977230  0.9156429
 2083.3 2087.7  0.2973422 31.5946159  0.9154141
 2087.7 2092.1  0.2974162 31.5916004  0.9151749
 2092.1 2096.4  0.2974903 31.5885849  0.9149356
 2096.4 2100.8  0.2975627 31.5856380  0.9147019
 2100.8 2105.3  0.2976368 31.5826206  0.9144626
 2105.3 2109.7  0.2977120 31.5795784  0.9142180
 2109.7 2114.2  0.2977785 31.5771751  0.9139796
 2114.2 2118.6  0.2978465 31.5747185  0.9137359
 2118.6 2123.1  0.2979129 31.5723152  0.9134974
 2123.1 2127.7  0.2979809 31.5698566  0.9132537
 2127.7 2132.2  0.2980504 31.5673447  0.9130045
 2132.2 2136.8  0.2981082 31.5657940  0.9127576
 2136.8 2141.3  0.2981665 31.5642757  0.9125050
 2141.3 2145.9  0.2982236 31.5627899  0.9122579
 2145.9 2150.5  0.2982819 31.5612717  0.9120053
 2150.5 2155.2  0.2983403 31.5597534  0.9117527
 2155.2 2159.8  0.2983865 31.5595989  0.9114777
 2159.8 2164.5  0.2984302 31.5596104  0.9112065
 2164.5 2169.2  0.2984748 31.5596237  0.9109295
 2169.2 2173.9  0.2985194 31.5596352  0.9106525
 2173.9 2178.6  0.2985640 31.5596485  0.9103754
 2178.6 2183.4  0.2985837 31.5613346  0.9101342
 2183.4 2188.2  0.2986033 31.5630951  0.9098887
 2188.2 2193.0  0.2986229 31.5648537  0.9096431
 2193.0 2197.8  0.2986425 31.5666142  0.9093976
 2197.8 2202.6  0.2986620 31.5683727  0.9091520
 2202.6 2207.5  0.2986657 31.5718212  0.9088863
 2207.5 2212.4  0.2986556 31.5768013  0.9085976
 2212.4 2217.3  0.2986456 31.5817814  0.9083089
 2217.3 2222.2  0.2986355 31.5867634  0.9080201
 2222.2 2227.2  0.2986240 31.5918617  0.9077321
 2227.2 2232.1  0.2985774 31.5999279  0.9074539
 2232.1 2237.1  0.2985317 31.6078320  0.9071813
 2237.1 2242.2  0.2984851 31.6158962  0.9069031
 2242.2 2247.2  0.2984376 31.6241245  0.9066194
 2247.2 2252.3  0.2983892 31.6323395  0.9063416
 2252.3 2257.3  0.2982969 31.6443825  0.9060686
 2257.3 2262.4  0.2982064 31.6561890  0.9058011
 2262.4 2267.6  0.2981142 31.6682320  0.9055281
 2267.6 2272.7  0.2980201 31.6805134  0.9052498
 2272.7 2277.9  0.2979278 31.6925564  0.9049768
 2277.9 2283.1  0.2977784 31.7097282  0.9047009
 2283.1 2288.3  0.2976255 31.7271996  0.9044250
 2288.3 2293.6  0.2974727 31.7446728  0.9041491
 2293.6 2298.9  0.2973169 31.7624798  0.9038679
 2298.9 2304.1  0.2971612 31.7802887  0.9035867
 2304.1 2309.5  0.2969487 31.8028641  0.9033256
 2309.5 2314.8  0.2967268 31.8264103  0.9030548
 2314.8 2320.2  0.2965091 31.8495216  0.9027890
 2320.2 2325.6  0.2962872 31.8730698  0.9025182
 2325.6 2331.0  0.2960653 31.8966179  0.9022473
 2331.0 2336.4  0.2957668 31.9269009  0.9019842
 2336.4 2341.9  0.2954621 31.9577217  0.9017216
 2341.9 2347.4  0.2951517 31.9891148  0.9014542
 2347.4 2352.9  0.2948414 32.0205078  0.9011867
 2352.9 2358.5  0.2945311 32.0518990  0.9009193
 2358.5 2364.1  0.2941279 32.0914688  0.9006639
 2364.1 2369.7  0.2937231 32.1311722  0.9004089
 2369.7 2375.3  0.2933184 32.1708755  0.9001539
 2375.3 2381.0  0.2929136 32.2105827  0.8998989
 2381.0 2386.6  0.2925017 32.2509956  0.8996394
 2386.6 2392.3  0.2920334 32.2964516  0.8994111
 2392.3 2398.1  0.2915569 32.3427200  0.8991786
 2398.1 2403.8  0.2910719 32.3897972  0.8989421
 2403.8 2409.6  0.2905953 32.4360657  0.8987097
 2409.6 2415.5  0.2901103 32.4831429  0.8984732
 2415.5 2421.3  0.2895833 32.5349464  0.8982593
 2421.3 2427.2  0.2890627 32.5861511  0.8980510
 2427.2 2433.1  0.2885332 32.6382408  0.8978391
 2433.1 2439.0  0.2880037 32.6903305  0.8976272
 2439.0 2445.0  0.2874742 32.7424164  0.8974153
 2445.0 2451.0  0.2869692 32.7942200  0.8972433
 2451.0 2457.0  0.2864643 32.8460236  0.8970713
 2457.0 2463.1  0.2859594 32.8978271  0.8968993
 2463.1 2469.1  0.2854460 32.9504967  0.8967244
 2469.1 2475.2  0.2849427 33.0021973  0.8965533
 2475.2 2481.4  0.2845308 33.0486908  0.8964344
 2481.4 2487.6  0.2841120 33.0959473  0.8963135
 2487.6 2493.8  0.2836932 33.1432037  0.8961927
 2493.8 2500.0  0.2832744 33.1904602  0.8960719
 2500.0 2506.3  0.2828557 33.2377167  0.8959510
 2506.3 2512.6  0.2826114 33.2733955  0.8958988
 2512.6 2518.9  0.2823672 33.3090706  0.8958467
 2518.9 2525.3  0.2821229 33.3447456  0.8957945
 2525.3 2531.6  0.2818747 33.3809929  0.8957415
 2531.6 2538.1  0.2816305 33.4166679  0.8956894
 2538.1 2544.5  0.2816255 33.4367714  0.8957162
 2544.5 2551.0  0.2816366 33.4554825  0.8957478
 2551.0 2557.5  0.2816478 33.4744873  0.8957800
 2557.5 2564.1  0.2816591 33.4934959  0.8958121
 2564.1 2570.7  0.2816761 33.5124016  0.8958463
 2570.7 2577.3  0.2820592 33.5059166  0.8959857
 2577.3 2584.0  0.2824423 33.4994278  0.8961250
 2584.0 2590.7  0.2828312 33.4928436  0.8962664
 2590.7 2597.4  0.2832201 33.4862556  0.8964078
 2597.4 2604.2  0.2836355 33.4777603  0.8965561
 2604.2 2611.0  0.2844807 33.4386101  0.8968157
 2611.0 2617.8  0.2853259 33.3994598  0.8970752
 2617.8 2624.7  0.2861710 33.3603096  0.8973348
 2624.7 2631.6  0.2870287 33.3205872  0.8975981
 2631.6 2638.5  0.2878863 33.2808609  0.8978615
 2638.5 2645.5  0.2892657 33.2054939  0.8982455
 2645.5 2652.5  0.2906977 33.1268120  0.8986425
 2652.5 2659.6  0.2921297 33.0481300  0.8990396
 2659.6 2666.7  0.2935822 32.9683228  0.8994424
 2666.7 2673.8  0.2950346 32.8885193  0.8998451
 2673.8 2681.0  0.2970147 32.7750053  0.9003435
 2681.0 2688.2  0.2990462 32.6583900  0.9008533
 2688.2 2695.4  0.3010778 32.5417709  0.9013631
 2695.4 2702.7  0.3031093 32.4251556  0.9018728
 2702.7 2710.0  0.3051690 32.3069153  0.9023897
 2710.0 2717.4  0.3077559 32.1584625  0.9029706
 2717.4 2724.8  0.3104011 32.0066643  0.9035622
 2724.8 2732.2  0.3130463 31.8548603  0.9041539
 2732.2 2739.7  0.3156915 31.7030621  0.9047456
 2739.7 2747.3  0.3183724 31.5492115  0.9053453
 2747.3 2754.8  0.3216219 31.3667965  0.9059808
 2754.8 2762.4  0.3248501 31.1857090  0.9066091
 2762.4 2770.1  0.3281213 31.0022106  0.9072458
 2770.1 2777.8  0.3314357 30.8162880  0.9078909
 2777.8 2785.5  0.3347500 30.6303730  0.9085360
 2785.5 2793.3  0.3385943 30.4227028  0.9091666
 2793.3 2801.1  0.3425028 30.2117443  0.9098051
 2801.1 2809.0  0.3464113 30.0007877  0.9104436
 2809.0 2816.9  0.3503699 29.7871284  0.9110903
 2816.9 2824.9  0.3543285 29.5734692  0.9117369
 2824.9 2832.9  0.3589393 29.3373642  0.9123334
 2832.9 2840.9  0.3635578 29.1010094  0.9129292
 2840.9 2849.0  0.3681763 28.8646545  0.9135250
 2849.0 2857.1  0.3728525 28.6253433  0.9141282
 2857.1 2865.3  0.3775339 28.3859768  0.9147298
 2865.3 2873.6  0.3826891 28.1392136  0.9152049
 2873.6 2881.8  0.3879071 27.8894367  0.9156858
 2881.8 2890.2  0.3930623 27.6426735  0.9161609
 2890.2 2898.6  0.3983431 27.3898926  0.9166476
 2898.6 2907.0  0.4036241 27.1371040  0.9171343
 2907.0 2915.5  0.4095500 26.8752537  0.9174514
 2915.5 2924.0  0.4155791 26.6098232  0.9177638
 2924.0 2932.6  0.4216083 26.3443947  0.9180762
 2932.6 2941.2  0.4277084 26.0758381  0.9183922
 2941.2 2949.9  0.4338176 25.8074379  0.9187031
 2949.9 2958.6  0.4403899 25.5421848  0.9188011
 2958.6 2967.4  0.4469624 25.2769260  0.9188990
 2967.4 2976.2  0.4536102 25.0086308  0.9189980
 2976.2 2985.1  0.4602581 24.7403259  0.9190971
 2985.1 2994.0  0.4669862 24.4690323  0.9191950
 2994.0 3003.0  0.4741153 24.2031879  0.9190921
 3003.0 3012.0  0.4813245 23.9343529  0.9189881
 3012.0 3021.1  0.4885338 23.6655197  0.9188841
 3021.1 3030.3  0.4958232 23.3936939  0.9187790
 3030.3 3039.5  0.5031940 23.1194267  0.9186674
 3039.5 3048.8  0.5106069 22.8611813  0.9184015
 3048.8 3058.1  0.5181004 22.6001263  0.9181328
 3058.1 3067.5  0.5255939 22.3390713  0.9178641
 3067.5 3076.9  0.5331679 22.0752144  0.9175925
 3076.9 3086.4  0.5407419 21.8113556  0.9173208
 3086.4 3096.0  0.5483641 21.5617733  0.9169277
 3096.0 3105.6  0.5560663 21.3097439  0.9165292
 3105.6 3115.3  0.5637685 21.0577145  0.9161307
 3115.3 3125.0  0.5715508 20.8030624  0.9157280
 3125.0 3134.8  0.5793332 20.5484123  0.9153253
 3134.8 3144.7  0.5866632 20.3224697  0.9148667
 3144.7 3154.6  0.5940681 20.0942249  0.9144036
 3154.6 3164.6  0.6014730 19.8659744  0.9139403
 3164.6 3174.6  0.6089526 19.6354237  0.9134724
 3174.6 3184.7  0.6164323 19.4048710  0.9130045
 3184.7 3194.9  0.6233428 19.2043819  0.9125317
 3194.9 3205.1  0.6302950 19.0032520  0.9120541
 3205.1 3215.4  0.6372474 18.8021183  0.9115765
 3215.4 3225.8  0.6442677 18.5990200  0.9110943
 3225.8 3236.2  0.6512858 18.3969593  0.9106115
 3236.2 3246.8  0.6574565 18.2310810  0.9101775
 3246.8 3257.3  0.6637459 18.0620098  0.9097353
 3257.3 3268.0  0.6699760 17.8945351  0.9092971
 3268.0 3278.7  0.6763247 17.7238712  0.9088507
 3278.7 3289.5  0.6823373 17.5663853  0.9084290
 3289.5 3300.3  0.6877645 17.4325924  0.9080508
 3300.3 3311.3  0.6931917 17.2987995  0.9076726
 3311.3 3322.3  0.6987193 17.1625290  0.9072875
 3322.3 3333.3  0.7042469 17.0262585  0.9069023
 3333.3 3344.5  0.7091172 16.9139309  0.9065645
 3344.5 3355.7  0.7138582 16.8074913  0.9062362
 3355.7 3367.0  0.7185993 16.7010517  0.9059079
 3367.0 3378.4  0.7233827 16.5936604  0.9055768
 3378.4 3389.8  0.7277159 16.4978561  0.9052767
 3389.8 3401.4  0.7308906 16.4315510  0.9050565
 3401.4 3413.0  0.7341210 16.3640842  0.9048326
 3413.0 3424.7  0.7373515 16.2966156  0.9046086
 3424.7 3436.4  0.7406097 16.2285671  0.9043827
 3436.4 3448.3  0.7489994 16.0661354  0.9037780
 3448.3 3460.2  0.7576701 15.8983965  0.9031528
 3460.2 3472.2  0.7614114 15.8239880  0.9028708
 3472.2 3484.3  0.7643557 15.7646389  0.9026441
 3484.3 3496.5  0.7673246 15.7047958  0.9024155
 3496.5 3508.8  0.7703180 15.6444578  0.9021851
 3508.8 3521.1  0.7733359 15.5836248  0.9019527
 3521.1 3533.6  0.7763539 15.5227919  0.9017203
 3533.6 3546.1  0.7794209 15.4609709  0.9014843
 3546.1 3558.7  0.7824879 15.3991489  0.9012481
 3558.7 3571.4  0.7850960 15.3420429  0.9010329
 3571.4 3584.2  0.7875064 15.2868366  0.9008263
 3584.2 3597.1  0.7899358 15.2311954  0.9006180
 3597.1 3610.1  0.7923842 15.1751184  0.9004081
 3610.1 3623.2  0.7948515 15.1186085  0.9001967
 3623.2 3636.4  0.7973378 15.0616636  0.8999836
 3636.4 3649.6  0.7998431 15.0042839  0.8997688
 3649.6 3663.0  0.8023484 14.9469032  0.8995541
 3663.0 3676.5  0.8044612 14.8931465  0.8993676
 3676.5 3690.0  0.8065764 14.8391285  0.8991807
 3690.0 3703.7  0.8086916 14.7851095  0.8989938
 3703.7 3717.5  0.8108382 14.7302904  0.8988041
 3717.5 3731.3  0.8130004 14.6750717  0.8986130
 3731.3 3745.3  0.8151626 14.6198521  0.8984220
 3745.3 3759.4  0.8173562 14.5638332  0.8982282
 3759.4 3773.6  0.8194339 14.5099840  0.8980571
 3773.6 3787.9  0.8214601 14.4570456  0.8978969
 3787.9 3802.3  0.8235006 14.4037352  0.8977357
 3802.3 3816.8  0.8255554 14.3500519  0.8975734
 3816.8 3831.4  0.8276244 14.2959957  0.8974099
 3831.4 3846.2  0.8297077 14.2415676  0.8972452
 3846.2 3861.0  0.8318196 14.1863928  0.8970783
 3861.0 3876.0  0.8338937 14.1337719  0.8969395
 3876.0 3891.1  0.8359826 14.0813351  0.8968086
 3891.1 3906.2  0.8380854 14.0285482  0.8966768
 3906.2 3921.6  0.8401882 13.9757614  0.8965451
 3921.6 3937.0  0.8423328 13.9219255  0.8964107
 3937.0 3952.6  0.8444774 13.8680906  0.8962764
 3952.6 3968.3  0.8466398 13.8141499  0.8961462
 3968.3 3984.1  0.8487652 13.7628517  0.8960450
 3984.1 4000.0  0.8509042 13.7112265  0.8959432
 4000.0 4016.1  0.8530567 13.6592751  0.8958407
 4016.1 4032.3  0.8552363 13.6066694  0.8957369
 4032.3 4048.6  0.8574294 13.5537376  0.8956326
 4048.6 4065.0  0.8596361 13.5004787  0.8955275
 4065.0 4081.6  0.8617427 13.4503813  0.8954509
 4081.6 4098.4  0.8638642 13.4000025  0.8953761
 4098.4 4115.2  0.8660113 13.3490171  0.8953003
 4115.2 4132.2  0.8681584 13.2980299  0.8952246
 4132.2 4149.4  0.8703310 13.2464371  0.8951480
 4149.4 4166.7  0.8725292 13.1942377  0.8950705
 4166.7 4184.1  0.8745787 13.1452751  0.8950179
 4184.1 4201.7  0.8766341 13.0961580  0.8949660
 4201.7 4219.4  0.8787131 13.0464764  0.8949134
 4219.4 4237.3  0.8808039 12.9965134  0.8948606
 4237.3 4255.3  0.8829184 12.9459858  0.8948071
 4255.3 4273.5  0.8849887 12.8960876  0.8947589
 4273.5 4291.8  0.8869463 12.8478479  0.8947235
 4291.8 4310.3  0.8889146 12.7993441  0.8946880
 4310.3 4329.0  0.8909045 12.7503099  0.8946520
 4329.0 4347.8  0.8929158 12.7007446  0.8946157
 4347.8 4366.8  0.8949380 12.6509161  0.8945792
 4366.8 4386.0  0.8967952 12.6028519  0.8945530
 4386.0 4405.3  0.8986473 12.5545845  0.8945280
 4405.3 4424.8  0.9005090 12.5060673  0.8945028
 4424.8 4444.4  0.9023901 12.4570465  0.8944774
 4444.4 4464.3  0.9042807 12.4077740  0.8944519
 4464.3 4484.3  0.9060507 12.3593445  0.8944318
 4484.3 4504.5  0.9077706 12.3113003  0.8944139
 4504.5 4524.9  0.9095079 12.2627745  0.8943959
 4524.9 4545.5  0.9112622 12.2137690  0.8943777
 4545.5 4566.2  0.9130338 12.1642828  0.8943593
 4566.2 4587.2  0.9146682 12.1160955  0.8943460
 4587.2 4608.3  0.9162852 12.0676441  0.8943340
 4608.3 4629.6  0.9179099 12.0189629  0.8943219
 4629.6 4651.2  0.9195501 11.9698191  0.8943098
 4651.2 4672.9  0.9212041 11.9200821  0.8942977
 4672.9 4694.8  0.9227083 11.8717947  0.8942907
 4694.8 4717.0  0.9242263 11.8230629  0.8942837
 4717.0 4739.3  0.9257652 11.7736626  0.8942765
 4739.3 4761.9  0.9273110 11.7240400  0.8942693
 4761.9 4784.7  0.9287990 11.6745996  0.8942643
 4784.7 4807.7  0.9302288 11.6254930  0.8942614
 4807.7 4830.9  0.9316712 11.5759554  0.8942583
 4830.9 4854.4  0.9331261 11.5259886  0.8942553
 4854.4 4878.0  0.9345746 11.4756527  0.8942528
 4878.0 4902.0  0.9359192 11.4263134  0.8942528
 4902.0 4926.1  0.9372866 11.3761387  0.8942529
 4926.1 4950.5  0.9386596 11.3257551  0.8942530
 4950.5 4975.1  0.9400473 11.2747726  0.8942531
 4975.1 5000.0  0.9413247 11.2247419  0.8942552
 5000.0 5025.1  0.9426178 11.1741009  0.8942574
 5025.1 5050.5  0.9439211 11.1230536  0.8942596
 5050.5 5076.1  0.9452379 11.0714226  0.8942618
 5076.1 5102.0  0.9464517 11.0206976  0.8942650
 5102.0 5128.2  0.9476797 10.9693775  0.8942682
 5128.2 5154.6  0.9489220 10.9174633  0.8942715
 5154.6 5181.3  0.9501547 10.8653803  0.8942747
 5181.3 5208.3  0.9513107 10.8137941  0.8942777
 5208.3 5235.6  0.9524797 10.7616291  0.8942808
 5235.6 5263.2  0.9536616 10.7088833  0.8942839
 5263.2 5291.0  0.9548056 10.6561918  0.8942862
 5291.0 5319.1  0.9559020 10.6038160  0.8942878
 5319.1 5347.6  0.9570102 10.5508747  0.8942894
 5347.6 5376.3  0.9581342 10.4971800  0.8942910
 5376.3 5405.4  0.9591683 10.4443760  0.8942898
 5405.4 5434.8  0.9602079 10.3909512  0.8942883
 5434.8 5464.5  0.9612581 10.3369770  0.8942869
 5464.5 5494.5  0.9622657 10.2831736  0.8942831
 5494.5 5524.9  0.9632268 10.2295904  0.8942768
 5524.9 5555.6  0.9642007 10.1752939  0.8942704
 5555.6 5586.6  0.9651638 10.1207466  0.8942629
 5586.6 5618.0  0.9660435 10.0669632  0.8942501
 5618.0 5649.7  0.9669346 10.0124855  0.8942371
 5649.7 5681.8  0.9678342  9.9574862  0.8942240
 5681.8 5714.3  0.9686388  9.9033041  0.8942043
 5714.3 5747.1  0.9694524  9.8484602  0.8941842
 5747.1 5780.3  0.9702735  9.7931089  0.8941639
 5780.3 5814.0  0.9710200  9.7382889  0.8941381
 5814.0 5848.0  0.9717695  9.6827593  0.8941113
 5848.0 5882.4  0.9725257  9.6267357  0.8940844
 5882.4 5917.2  0.9732167  9.5711079  0.8940524
 5917.2 5952.4  0.9739112  9.5148983  0.8940198
 5952.4 5988.0  0.9746091  9.4581079  0.8939865
 5988.0 6024.1  0.9752538  9.4015455  0.8939489
 6024.1 6060.6  0.9759075  9.3441896  0.8939106
 6060.6 6097.6  0.9765528  9.2864208  0.8938711
 6097.6 6135.0  0.9771685  9.2284126  0.8938283
 6135.0 6172.8  0.9777908  9.1697779  0.8937851
 6172.8 6211.2  0.9783939  9.1108885  0.8937397
 6211.2 6250.0  0.9789892  9.0513115  0.8936924
 6250.0 6289.3  0.9795908  8.9911156  0.8936447
 6289.3 6329.1  0.9801672  8.9306192  0.8935939
 6329.1 6369.4  0.9807510  8.8693533  0.8935425
 6369.4 6410.3  0.9813311  8.8074789  0.8934895
 6410.3 6451.6  0.9819079  8.7448606  0.8934347
 6451.6 6493.5  0.9824898  8.6816359  0.8933793
 6493.5 6535.9  0.9830678  8.6176844  0.8933218
 6535.9 6578.9  0.9836525  8.5529699  0.8932636
 6578.9 6622.5  0.9842438  8.4873791  0.8932040
 6622.5 6666.7  0.9848422  8.4208918  0.8931433
 6666.7 6711.4  0.9854520  8.3534555  0.8930815
 6711.4 6756.8  0.9860736  8.2852001  0.8930189
 6756.8 6802.7  0.9867077  8.2158403  0.8929552
 6802.7 6849.3  0.9873650  8.1455088  0.8928910
 6849.3 6896.6  0.9880324  8.0741053  0.8928258
 6896.6 6944.4  0.9887338  8.0013208  0.8927597
 6944.4 6993.0  0.9894429  7.9277635  0.8926929
 6993.0 7042.3  0.9901806  7.8527756  0.8926246
 7042.3 7092.2  0.9909310  7.7766814  0.8925552
 7092.2 7142.9  0.9916977  7.6996069  0.8924835
 7142.9 7194.2  0.9924778  7.6212878  0.8924103
 7194.2 7246.4  0.9932648  7.5421319  0.8923340
 7246.4 7299.3  0.9940652  7.4616027  0.8922558
 7299.3 7352.9  0.9948628  7.3802629  0.8921729
 7352.9 7407.4  0.9956684  7.2978921  0.8920882
 7407.4 7462.7  0.9964616  7.2146039  0.8919967
 7462.7 7518.8  0.9972568  7.1302562  0.8919020
 7518.8 7575.8  0.9980311  7.0452456  0.8918002
 7575.8 7633.6  0.9987916  6.9593124  0.8916923
 7633.6 7692.3  0.9995305  6.8727150  0.8915777
 7692.3 7751.9  0.9998500  6.7856970  0.8914523
 7751.9 7812.5  1.0000000  6.6977611  0.8913211
 7812.5 7874.0  1.0000000  6.6099572  0.8911728
 7874.0 7936.5  1.0000000  6.5216584  0.8910150
 7936.5 8000.0  1.0000000  6.4332085  0.8908428
 8000.0 8064.5  1.0000000  6.3453970  0.8906493
 8064.5 8130.1  1.0000000  6.2574883  0.8904412
 8130.1 8196.7  1.0000000  6.1706104  0.8902067
 8196.7 8264.5  1.0000000  6.0852084  0.8899438
 8264.5 8333.3  1.0000000  6.0005274  0.8896561
 8333.3 8403.4  1.0000000  5.9184942  0.8893293
 8403.4 8474.6  1.0000000  5.8395224  0.8889556
 8474.6 8547.0  1.0000000  5.7607784  0.8885631
 8547.0 8620.7  1.0000000  5.6807060  0.8881639
 8620.7 8695.7  1.0000000  5.5991960  0.8877577
 8695.7 8771.9  1.0000000  5.5162487  0.8873442
 8771.9 8849.6  1.0000000  5.4319739  0.8869241
 8849.6 8928.6  1.0000000  5.3460412  0.8864958
 8928.6 9009.0  1.0000000  5.2586699  0.8860602
 9009.0 9090.9  1.0000000  5.1697497  0.8856170
 9090.9 9174.3  1.0000000  5.0791702  0.8851655
 9174.3 9259.3  1.0000000  4.9869337  0.8847058
 9259.3 9345.8  1.0000000  4.8929262  0.8842372
 9345.8 9434.0  1.0000000  4.7972603  0.8837603
 9434.0 9523.8  1.0000000  4.6997137  0.8832741
 9523.8 9615.4  1.0000000  4.6003981  0.8827790
 9615.4 9708.7  1.0000000  4.4990911  0.8822740
 9708.7 9803.9  1.0000000  4.3959045  0.8817597
 9803.9 9901.0  1.0000000  4.2906160  0.8812349
 9901.0 9911.0  1.0000000  4.1832275  0.8806996
