 1176.5 1177.9  0.4911818 11.9239311  0.8073030
 1177.9 1179.2  0.4909282 11.9312315  0.8072807
 1179.2 1180.6  0.4906928 11.9380102  0.8072600
 1180.6 1182.0  0.4904391 11.9453115  0.8072377
 1182.0 1183.4  0.4901856 11.9526119  0.8072153
 1183.4 1184.8  0.4899320 11.9599123  0.8071930
 1184.8 1186.2  0.4896784 11.9672136  0.8071707
 1186.2 1187.6  0.4894248 11.9745140  0.8071484
 1187.6 1189.1  0.4891712 11.9818144  0.8071261
 1189.1 1190.5  0.4888995 11.9896364  0.8071022
 1190.5 1191.9  0.4886459 11.9969368  0.8070799
 1191.9 1193.3  0.4883923 12.0042381  0.8070576
 1193.3 1194.7  0.4881387 12.0115385  0.8070352
 1194.7 1196.2  0.4878851 12.0188389  0.8070129
 1196.2 1197.6  0.4876134 12.0266609  0.8069890
 1197.6 1199.0  0.4873598 12.0339622  0.8069667
 1199.0 1200.5  0.4871062 12.0412626  0.8069444
 1200.5 1201.9  0.4868345 12.0490847  0.8069205
 1201.9 1203.4  0.4865808 12.0563850  0.8068982
 1203.4 1204.8  0.4863091 12.0642080  0.8068742
 1204.8 1206.3  0.4860556 12.0715084  0.8068519
 1206.3 1207.7  0.4857838 12.0793304  0.8068280
 1207.7 1209.2  0.4855303 12.0866308  0.8068057
 1209.2 1210.7  0.4852585 12.0944529  0.8067818
 1210.7 1212.1  0.4849868 12.1022749  0.8067579
 1212.1 1213.6  0.4847333 12.1095753  0.8067356
 1213.6 1215.1  0.4844615 12.1173983  0.8067117
 1215.1 1216.5  0.4841898 12.1252203  0.8066878
 1216.5 1218.0  0.4839362 12.1325207  0.8066654
 1218.0 1219.5  0.4836645 12.1403427  0.8066415
 1219.5 1221.0  0.4833928 12.1481647  0.8066176
 1221.0 1222.5  0.4831211 12.1559868  0.8065937
 1222.5 1224.0  0.4828494 12.1638088  0.8065698
 1224.0 1225.5  0.4825777 12.1716309  0.8065459
 1225.5 1227.0  0.4823059 12.1794538  0.8065220
 1227.0 1228.5  0.4820342 12.1872759  0.8064981
 1228.5 1230.0  0.4817625 12.1950979  0.8064741
 1230.0 1231.5  0.4814908 12.2029200  0.8064502
 1231.5 1233.0  0.4812191 12.2107420  0.8064263
 1233.0 1234.6  0.4809474 12.2185640  0.8064024
 1234.6 1236.1  0.4806576 12.2269077  0.8063769
 1236.1 1237.6  0.4803859 12.2347298  0.8063530
 1237.6 1239.2  0.4801142 12.2425518  0.8063291
 1239.2 1240.7  0.4798243 12.2508955  0.8063036
 1240.7 1242.2  0.4795526 12.2587175  0.8062797
 1242.2 1243.8  0.4792809 12.2665396  0.8062558
 1243.8 1245.3  0.4789911 12.2748833  0.8062303
 1245.3 1246.9  0.4787194 12.2827053  0.8062064
 1246.9 1248.4  0.4784296 12.2910490  0.8061809
 1248.4 1250.0  0.4781578 12.2988710  0.8061570
 1250.0 1251.6  0.4778680 12.3072147  0.8061315
 1251.6 1253.1  0.4775782 12.3155584  0.8061060
 1253.1 1254.7  0.4773065 12.3233805  0.8060821
 1254.7 1256.3  0.4770167 12.3317242  0.8060566
 1256.3 1257.9  0.4767268 12.3400679  0.8060310
 1257.9 1259.4  0.4764370 12.3484116  0.8060055
 1259.4 1261.0  0.4761653 12.3562336  0.8059816
 1261.0 1262.6  0.4758755 12.3645773  0.8059561
 1262.6 1264.2  0.4755857 12.3729200  0.8059306
 1264.2 1265.8  0.4752958 12.3812637  0.8059052
 1265.8 1267.4  0.4750060 12.3896084  0.8058797
 1267.4 1269.0  0.4747162 12.3979511  0.8058541
 1269.0 1270.6  0.4744264 12.4062948  0.8058286
 1270.6 1272.3  0.4741365 12.4146385  0.8058031
 1272.3 1273.9  0.4738286 12.4235039  0.8057760
 1273.9 1275.5  0.4735388 12.4318476  0.8057505
 1275.5 1277.1  0.4732489 12.4401913  0.8057250
 1277.1 1278.8  0.4729591 12.4485340  0.8056995
 1278.8 1280.4  0.4726512 12.4573994  0.8056724
 1280.4 1282.1  0.4723614 12.4657431  0.8056469
 1282.1 1283.7  0.4720534 12.4746084  0.8056198
 1283.7 1285.3  0.4717636 12.4829512  0.8055943
 1285.3 1287.0  0.4714738 12.4912958  0.8055688
 1287.0 1288.7  0.4711658 12.5001602  0.8055417
 1288.7 1290.3  0.4708579 12.5090256  0.8055146
 1290.3 1292.0  0.4705681 12.5173693  0.8054891
 1292.0 1293.7  0.4702601 12.5262346  0.8054620
 1293.7 1295.3  0.4699522 12.5350990  0.8054349
 1295.3 1297.0  0.4696624 12.5434427  0.8054094
 1297.0 1298.7  0.4693544 12.5523081  0.8053823
 1298.7 1300.4  0.4690465 12.5611725  0.8053553
 1300.4 1302.1  0.4687620 12.5693874  0.8053222
 1302.1 1303.8  0.4685537 12.5754871  0.8052700
 1303.8 1305.5  0.4683453 12.5815878  0.8052177
 1305.5 1307.2  0.4681371 12.5876884  0.8051654
 1307.2 1308.9  0.4679287 12.5937881  0.8051131
 1308.9 1310.6  0.4677204 12.5998888  0.8050609
 1310.6 1312.3  0.4675121 12.6059885  0.8050086
 1312.3 1314.1  0.4673038 12.6120892  0.8049564
 1314.1 1315.8  0.4670832 12.6185474  0.8049010
 1315.8 1317.5  0.4668749 12.6246481  0.8048487
 1317.5 1319.3  0.4666666 12.6307487  0.8047965
 1319.3 1321.0  0.4664460 12.6372080  0.8047411
 1321.0 1322.8  0.4662377 12.6433077  0.8046889
 1322.8 1324.5  0.4660171 12.6497669  0.8046336
 1324.5 1326.3  0.4658088 12.6558666  0.8045813
 1326.3 1328.0  0.4655882 12.6623259  0.8045259
 1328.0 1329.8  0.4653799 12.6684256  0.8044737
 1329.8 1331.6  0.4651594 12.6748848  0.8044183
 1331.6 1333.3  0.4649388 12.6813440  0.8043630
 1333.3 1335.1  0.4647305 12.6874447  0.8043107
 1335.1 1336.9  0.4645099 12.6939030  0.8042554
 1336.9 1338.7  0.4642893 12.7003622  0.8042001
 1338.7 1340.5  0.4640688 12.7068214  0.8041447
 1340.5 1342.3  0.4638482 12.7132807  0.8040894
 1342.3 1344.1  0.4636276 12.7197399  0.8040341
 1344.1 1345.9  0.4634071 12.7261982  0.8039787
 1345.9 1347.7  0.4631865 12.7326574  0.8039234
 1347.7 1349.5  0.4629659 12.7391167  0.8038680
 1349.5 1351.4  0.4627454 12.7455759  0.8038127
 1351.4 1353.2  0.4625290 12.7520685  0.8037407
 1353.2 1355.0  0.4623297 12.7581100  0.8036680
 1355.0 1356.9  0.4621303 12.7641516  0.8035953
 1356.9 1358.7  0.4619199 12.7705288  0.8035185
 1358.7 1360.5  0.4617206 12.7765694  0.8034459
 1360.5 1362.4  0.4615212 12.7826109  0.8033732
 1362.4 1364.3  0.4613108 12.7889881  0.8032964
 1364.3 1366.1  0.4611003 12.7953653  0.8032196
 1366.1 1368.0  0.4609010 12.8014069  0.8031469
 1368.0 1369.9  0.4606906 12.8077831  0.8030701
 1369.9 1371.7  0.4604801 12.8141603  0.8029934
 1371.7 1373.6  0.4602808 12.8202019  0.8029207
 1373.6 1375.5  0.4600703 12.8265791  0.8028439
 1375.5 1377.4  0.4598599 12.8329563  0.8027672
 1377.4 1379.3  0.4596495 12.8393335  0.8026904
 1379.3 1381.2  0.4594391 12.8457098  0.8026137
 1381.2 1383.1  0.4592286 12.8520870  0.8025369
 1383.1 1385.0  0.4590182 12.8584642  0.8024601
 1385.0 1387.0  0.4588078 12.8648415  0.8023834
 1387.0 1388.9  0.4585863 12.8715534  0.8023026
 1388.9 1390.8  0.4583758 12.8779306  0.8022258
 1390.8 1392.8  0.4581654 12.8843079  0.8021491
 1392.8 1394.7  0.4579439 12.8910208  0.8020683
 1394.7 1396.6  0.4577335 12.8973970  0.8019915
 1396.6 1398.6  0.4575230 12.9037743  0.8019148
 1398.6 1400.6  0.4573016 12.9104872  0.8018340
 1400.6 1402.5  0.4570875 12.9170809  0.8017484
 1402.5 1404.5  0.4569006 12.9230824  0.8016565
 1404.5 1406.5  0.4567039 12.9294004  0.8015599
 1406.5 1408.5  0.4565072 12.9357176  0.8014631
 1408.5 1410.4  0.4563105 12.9420347  0.8013664
 1410.4 1412.4  0.4561236 12.9480362  0.8012746
 1412.4 1414.4  0.4559269 12.9543533  0.8011779
 1414.4 1416.4  0.4557302 12.9606714  0.8010812
 1416.4 1418.4  0.4555334 12.9669886  0.8009845
 1418.4 1420.5  0.4553367 12.9733057  0.8008878
 1420.5 1422.5  0.4551302 12.9799385  0.8007863
 1422.5 1424.5  0.4549335 12.9862566  0.8006895
 1424.5 1426.5  0.4547368 12.9925737  0.8005928
 1426.5 1428.6  0.4545401 12.9988909  0.8004962
 1428.6 1430.6  0.4543335 13.0055246  0.8003946
 1430.6 1432.7  0.4541368 13.0118418  0.8002979
 1432.7 1434.7  0.4539303 13.0184746  0.8001963
 1434.7 1436.8  0.4537335 13.0247917  0.8000997
 1436.8 1438.8  0.4535270 13.0314255  0.7999982
 1438.8 1440.9  0.4533303 13.0377426  0.7999014
 1440.9 1443.0  0.4531237 13.0443764  0.7997999
 1443.0 1445.1  0.4529172 13.0510092  0.7996984
 1445.1 1447.2  0.4527106 13.0576429  0.7995968
 1447.2 1449.3  0.4525041 13.0642757  0.7994953
 1449.3 1451.4  0.4522975 13.0709095  0.7993938
 1451.4 1453.5  0.4521093 13.0773115  0.7992834
 1453.5 1455.6  0.4519303 13.0835991  0.7991686
 1455.6 1457.7  0.4517512 13.0898867  0.7990538
 1457.7 1459.9  0.4515722 13.0961733  0.7989391
 1459.9 1462.0  0.4513846 13.1027603  0.7988188
 1462.0 1464.1  0.4512056 13.1090479  0.7987041
 1464.1 1466.3  0.4510265 13.1153345  0.7985893
 1466.3 1468.4  0.4508390 13.1219215  0.7984691
 1468.4 1470.6  0.4506599 13.1282091  0.7983543
 1470.6 1472.8  0.4504724 13.1347961  0.7982340
 1472.8 1474.9  0.4502848 13.1413822  0.7981138
 1474.9 1477.1  0.4501057 13.1476698  0.7979991
 1477.1 1479.3  0.4499182 13.1542568  0.7978788
 1479.3 1481.5  0.4497306 13.1608438  0.7977586
 1481.5 1483.7  0.4495430 13.1674299  0.7976384
 1483.7 1485.9  0.4493555 13.1740170  0.7975181
 1485.9 1488.1  0.4491679 13.1806040  0.7973979
 1488.1 1490.3  0.4489803 13.1871901  0.7972776
 1490.3 1492.5  0.4487927 13.1937771  0.7971574
 1492.5 1494.8  0.4486051 13.2003632  0.7970372
 1494.8 1497.0  0.4484091 13.2072496  0.7969115
 1497.0 1499.3  0.4482215 13.2138367  0.7967913
 1499.3 1501.5  0.4480254 13.2207232  0.7966655
 1501.5 1503.8  0.4478587 13.2271099  0.7965382
 1503.8 1506.0  0.4476946 13.2336903  0.7964017
 1506.0 1508.3  0.4475376 13.2399836  0.7962711
 1508.3 1510.6  0.4473735 13.2465639  0.7961346
 1510.6 1512.9  0.4472094 13.2531443  0.7959980
 1512.9 1515.2  0.4470452 13.2597246  0.7958615
 1515.2 1517.5  0.4468811 13.2663040  0.7957250
 1517.5 1519.8  0.4467170 13.2728844  0.7955884
 1519.8 1522.1  0.4465529 13.2794647  0.7954519
 1522.1 1524.4  0.4463888 13.2860441  0.7953154
 1524.4 1526.7  0.4462247 13.2926245  0.7951789
 1526.7 1529.1  0.4460605 13.2992048  0.7950423
 1529.1 1531.4  0.4458893 13.3060703  0.7948999
 1531.4 1533.7  0.4457252 13.3126507  0.7947633
 1533.7 1536.1  0.4455611 13.3192310  0.7946268
 1536.1 1538.5  0.4453898 13.3260975  0.7944843
 1538.5 1540.8  0.4452186 13.3329630  0.7943419
 1540.8 1543.2  0.4450544 13.3395433  0.7942053
 1543.2 1545.6  0.4448832 13.3464098  0.7940629
 1545.6 1548.0  0.4447120 13.3532753  0.7939204
 1548.0 1550.4  0.4445407 13.3601418  0.7937779
 1550.4 1552.8  0.4443754 13.3669672  0.7936342
 1552.8 1555.2  0.4442396 13.3735867  0.7934841
 1555.2 1557.6  0.4441040 13.3802052  0.7933341
 1557.6 1560.1  0.4439682 13.3868246  0.7931840
 1560.1 1562.5  0.4438269 13.3937187  0.7930276
 1562.5 1564.9  0.4436911 13.4003382  0.7928776
 1564.9 1567.4  0.4435554 13.4069576  0.7927275
 1567.4 1569.9  0.4434141 13.4138517  0.7925711
 1569.9 1572.3  0.4432727 13.4207468  0.7924148
 1572.3 1574.8  0.4431370 13.4273663  0.7922648
 1574.8 1577.3  0.4429956 13.4342613  0.7921084
 1577.3 1579.8  0.4428542 13.4411564  0.7919521
 1579.8 1582.3  0.4427129 13.4480505  0.7917957
 1582.3 1584.8  0.4425715 13.4549456  0.7916394
 1584.8 1587.3  0.4424301 13.4618406  0.7914831
 1587.3 1589.8  0.4422888 13.4687357  0.7913268
 1589.8 1592.4  0.4421474 13.4756308  0.7911704
 1592.4 1594.9  0.4420004 13.4828005  0.7910078
 1594.9 1597.4  0.4418590 13.4896955  0.7908515
 1597.4 1600.0  0.4417176 13.4965906  0.7906952
 1600.0 1602.6  0.4415706 13.5037613  0.7905326
 1602.6 1605.1  0.4414630 13.5106888  0.7903630
 1605.1 1607.7  0.4413595 13.5173492  0.7902000
 1607.7 1610.3  0.4412519 13.5242767  0.7900304
 1610.3 1612.9  0.4411443 13.5312042  0.7898608
 1612.9 1615.5  0.4410367 13.5381317  0.7896913
 1615.5 1618.1  0.4409291 13.5450592  0.7895217
 1618.1 1620.7  0.4408215 13.5519867  0.7893521
 1620.7 1623.4  0.4407139 13.5589142  0.7891825
 1623.4 1626.0  0.4406022 13.5661077  0.7890065
 1626.0 1628.7  0.4404946 13.5730352  0.7888369
 1628.7 1631.3  0.4403828 13.5802288  0.7886608
 1631.3 1634.0  0.4402752 13.5871563  0.7884912
 1634.0 1636.7  0.4401635 13.5943499  0.7883151
 1636.7 1639.3  0.4400517 13.6015434  0.7881390
 1639.3 1642.0  0.4399441 13.6084709  0.7879695
 1642.0 1644.7  0.4398324 13.6156654  0.7877934
 1644.7 1647.4  0.4397206 13.6228590  0.7876173
 1647.4 1650.2  0.4396089 13.6300526  0.7874412
 1650.2 1652.9  0.4394958 13.6374865  0.7872577
 1652.9 1655.6  0.4394222 13.6443262  0.7870691
 1655.6 1658.4  0.4393487 13.6511660  0.7868807
 1658.4 1661.1  0.4392723 13.6582594  0.7866852
 1661.1 1663.9  0.4391988 13.6650982  0.7864967
 1663.9 1666.7  0.4391224 13.6721916  0.7863013
 1666.7 1669.4  0.4390461 13.6792841  0.7861058
 1669.4 1672.2  0.4389725 13.6861248  0.7859173
 1672.2 1675.0  0.4388962 13.6932173  0.7857218
 1675.0 1677.9  0.4388199 13.7003098  0.7855264
 1677.9 1680.7  0.4387408 13.7076569  0.7853239
 1680.7 1683.5  0.4386646 13.7147493  0.7851285
 1683.5 1686.3  0.4385882 13.7218428  0.7849330
 1686.3 1689.2  0.4385119 13.7289352  0.7847375
 1689.2 1692.0  0.4384329 13.7362814  0.7845351
 1692.0 1694.9  0.4383565 13.7433748  0.7843396
 1694.9 1697.8  0.4382775 13.7507210  0.7841371
 1697.8 1700.7  0.4381985 13.7580671  0.7839347
 1700.7 1703.6  0.4381298 13.7647934  0.7837452
 1703.6 1706.5  0.4380939 13.7695694  0.7835964
 1706.5 1709.4  0.4380579 13.7743464  0.7834476
 1709.4 1712.3  0.4380220 13.7791224  0.7832987
 1712.3 1715.3  0.4379860 13.7838993  0.7831499
 1715.3 1718.2  0.4379488 13.7888403  0.7829959
 1718.2 1721.2  0.4379128 13.7936163  0.7828472
 1721.2 1724.1  0.4378756 13.7985573  0.7826932
 1724.1 1727.1  0.4378397 13.8033342  0.7825444
 1727.1 1730.1  0.4378025 13.8082752  0.7823904
 1730.1 1733.1  0.4377653 13.8132162  0.7822365
 1733.1 1736.1  0.4377280 13.8181572  0.7820825
 1736.1 1739.1  0.4376909 13.8230991  0.7819285
 1739.1 1742.2  0.4376537 13.8280401  0.7817746
 1742.2 1745.2  0.4376152 13.8331461  0.7816155
 1745.2 1748.3  0.4375780 13.8380871  0.7814616
 1748.3 1751.3  0.4375396 13.8431931  0.7813025
 1751.3 1754.4  0.4375024 13.8481340  0.7811486
 1754.4 1757.5  0.4374647 13.8534794  0.7809774
 1757.5 1760.6  0.4374327 13.8604431  0.7807248
 1760.6 1763.7  0.4374007 13.8674059  0.7804723
 1763.7 1766.8  0.4373686 13.8743696  0.7802197
 1766.8 1769.9  0.4373366 13.8813334  0.7799671
 1769.9 1773.0  0.4373046 13.8882971  0.7797146
 1773.0 1776.2  0.4372824 13.8949986  0.7794507
 1776.2 1779.4  0.4372599 13.9019070  0.7791780
 1779.4 1782.5  0.4372374 13.9088154  0.7789052
 1782.5 1785.7  0.4372155 13.9155083  0.7786409
 1785.7 1788.9  0.4371930 13.9224176  0.7783682
 1788.9 1792.1  0.4371795 13.9290514  0.7780834
 1792.1 1795.3  0.4371670 13.9356565  0.7777974
 1795.3 1798.6  0.4371544 13.9422626  0.7775114
 1798.6 1801.8  0.4371414 13.9490747  0.7772164
 1801.8 1805.1  0.4371289 13.9556799  0.7769304
 1805.1 1808.3  0.4371252 13.9623537  0.7766119
 1808.3 1811.6  0.4371223 13.9688177  0.7763015
 1811.6 1814.9  0.4371192 13.9754829  0.7759814
 1814.9 1818.2  0.4371162 13.9821482  0.7756613
 1818.2 1821.5  0.4371137 13.9887781  0.7753409
 1821.5 1824.8  0.4371201 13.9948664  0.7750138
 1824.8 1828.2  0.4371265 14.0009546  0.7746867
 1828.2 1831.5  0.4371332 14.0072279  0.7743497
 1831.5 1834.9  0.4371396 14.0133162  0.7740226
 1834.9 1838.2  0.4371462 14.0195894  0.7736856
 1838.2 1841.6  0.4371613 14.0252752  0.7733405
 1841.6 1845.0  0.4371772 14.0311213  0.7729843
 1845.0 1848.4  0.4371931 14.0369673  0.7726281
 1848.4 1851.9  0.4372090 14.0428133  0.7722719
 1851.9 1855.3  0.4372253 14.0488319  0.7719053
 1855.3 1858.7  0.4372505 14.0543737  0.7715176
 1858.7 1862.2  0.4372760 14.0599070  0.7711290
 1862.2 1865.7  0.4373022 14.0656033  0.7707289
 1865.7 1869.2  0.4373285 14.0712996  0.7703289
 1869.2 1872.7  0.4373551 14.0769567  0.7699282
 1872.7 1876.2  0.4373890 14.0819731  0.7695159
 1876.2 1879.7  0.4374229 14.0869894  0.7691038
 1879.7 1883.2  0.4374568 14.0920057  0.7686915
 1883.2 1886.8  0.4374907 14.0970221  0.7682793
 1886.8 1890.4  0.4375256 14.1021814  0.7678553
 1890.4 1893.9  0.4375681 14.1067915  0.7674062
 1893.9 1897.5  0.4376100 14.1112404  0.7669680
 1897.5 1901.1  0.4376530 14.1158180  0.7665173
 1901.1 1904.8  0.4376960 14.1203947  0.7660666
 1904.8 1908.4  0.4377402 14.1250982  0.7656034
 1908.4 1912.0  0.4377917 14.1291771  0.7651123
 1912.0 1915.7  0.4378437 14.1332254  0.7646188
 1915.7 1919.4  0.4378971 14.1373873  0.7641116
 1919.4 1923.1  0.4379506 14.1415482  0.7636045
 1923.1 1926.8  0.4380042 14.1456881  0.7630968
 1926.8 1930.5  0.4380632 14.1490412  0.7625711
 1930.5 1934.2  0.4381222 14.1523943  0.7620454
 1934.2 1938.0  0.4381812 14.1557465  0.7615197
 1938.0 1941.7  0.4382418 14.1591902  0.7609798
 1941.7 1945.5  0.4383008 14.1625433  0.7604541
 1945.5 1949.3  0.4383674 14.1652727  0.7598810
 1949.3 1953.1  0.4384345 14.1679411  0.7593050
 1953.1 1956.9  0.4385015 14.1706095  0.7587290
 1956.9 1960.8  0.4385686 14.1732779  0.7581530
 1960.8 1964.6  0.4386375 14.1760168  0.7575618
 1964.6 1968.5  0.4387112 14.1779776  0.7569351
 1968.5 1972.4  0.4387872 14.1799488  0.7562888
 1972.4 1976.3  0.4388632 14.1819210  0.7556427
 1976.3 1980.2  0.4389393 14.1838923  0.7549964
 1980.2 1984.1  0.4390153 14.1858234  0.7543492
 1984.1 1988.1  0.4390922 14.1869974  0.7536834
 1988.1 1992.0  0.4391711 14.1882010  0.7530006
 1992.0 1996.0  0.4392480 14.1893749  0.7523348
 1996.0 2000.0  0.4393269 14.1905785  0.7516519
 2000.0 2004.0  0.4394057 14.1917820  0.7509691
 2004.0 2008.0  0.4394864 14.1922998  0.7502331
 2008.0 2012.1  0.4395671 14.1928167  0.7494971
 2012.1 2016.1  0.4396498 14.1933470  0.7487428
 2016.1 2020.2  0.4397305 14.1938648  0.7480068
 2020.2 2024.3  0.4398130 14.1943655  0.7472517
 2024.3 2028.4  0.4398903 14.1942778  0.7464837
 2028.4 2032.5  0.4399676 14.1941910  0.7457156
 2032.5 2036.7  0.4400449 14.1941042  0.7449476
 2036.7 2040.8  0.4401241 14.1940155  0.7441608
 2040.8 2045.0  0.4402014 14.1939278  0.7433927
 2045.0 2049.2  0.4402739 14.1933470  0.7425779
 2049.2 2053.4  0.4403460 14.1927414  0.7417616
 2053.4 2057.6  0.4404182 14.1921358  0.7409453
 2057.6 2061.9  0.4404903 14.1915293  0.7401291
 2061.9 2066.1  0.4405642 14.1909094  0.7392933
 2066.1 2070.4  0.4406271 14.1898851  0.7384323
 2070.4 2074.7  0.4406912 14.1888266  0.7375497
 2074.7 2079.0  0.4407554 14.1877680  0.7366670
 2079.0 2083.3  0.4408195 14.1867094  0.7357843
 2083.3 2087.7  0.4408826 14.1856298  0.7349001
 2087.7 2092.1  0.4409320 14.1842432  0.7339744
 2092.1 2096.4  0.4409814 14.1828556  0.7330487
 2096.4 2100.8  0.4410296 14.1815004  0.7321441
 2100.8 2105.3  0.4410791 14.1801138  0.7312184
 2105.3 2109.7  0.4411281 14.1786861  0.7302718
 2109.7 2114.2  0.4411560 14.1771660  0.7293482
 2114.2 2118.6  0.4411846 14.1756105  0.7284034
 2118.6 2123.1  0.4412125 14.1740894  0.7274798
 2123.1 2127.7  0.4412410 14.1725349  0.7265351
 2127.7 2132.2  0.4412702 14.1709452  0.7255694
 2132.2 2136.8  0.4412746 14.1693678  0.7246115
 2136.8 2141.3  0.4412772 14.1677532  0.7236312
 2141.3 2145.9  0.4412799 14.1661749  0.7226723
 2145.9 2150.5  0.4412825 14.1645603  0.7216921
 2150.5 2155.2  0.4412852 14.1629467  0.7207119
 2155.2 2159.8  0.4412554 14.1613455  0.7196428
 2159.8 2164.5  0.4412225 14.1597843  0.7185886
 2164.5 2169.2  0.4411889 14.1581898  0.7175115
 2169.2 2173.9  0.4411553 14.1565943  0.7164344
 2173.9 2178.6  0.4411216 14.1549997  0.7153572
 2178.6 2183.4  0.4410595 14.1538773  0.7144175
 2183.4 2188.2  0.4409955 14.1527424  0.7134609
 2188.2 2193.0  0.4409315 14.1516066  0.7125043
 2193.0 2197.8  0.4408675 14.1504717  0.7115476
 2197.8 2202.6  0.4408035 14.1493368  0.7105910
 2202.6 2207.5  0.4407062 14.1484098  0.7095542
 2207.5 2212.4  0.4405783 14.1476450  0.7084267
 2212.4 2217.3  0.4404503 14.1468792  0.7072992
 2217.3 2222.2  0.4403223 14.1461143  0.7061717
 2222.2 2227.2  0.4401925 14.1453791  0.7050467
 2227.2 2232.1  0.4400134 14.1453629  0.7039572
 2232.1 2237.1  0.4398379 14.1453457  0.7028895
 2237.1 2242.2  0.4396588 14.1453295  0.7018001
 2242.2 2247.2  0.4394761 14.1453123  0.7006889
 2247.2 2252.3  0.4392947 14.1453342  0.6996009
 2252.3 2257.3  0.4390512 14.1462955  0.6985282
 2257.3 2262.4  0.4388125 14.1472387  0.6974766
 2262.4 2267.6  0.4385690 14.1482010  0.6964039
 2267.6 2272.7  0.4383208 14.1491823  0.6953102
 2272.7 2277.9  0.4380773 14.1501446  0.6942375
 2277.9 2283.1  0.4377518 14.1523647  0.6931487
 2283.1 2288.3  0.4374214 14.1546602  0.6920601
 2288.3 2293.6  0.4370911 14.1569567  0.6909715
 2293.6 2298.9  0.4367545 14.1592970  0.6898620
 2298.9 2304.1  0.4364178 14.1616373  0.6887526
 2304.1 2309.5  0.4360116 14.1653748  0.6877173
 2309.5 2314.8  0.4355881 14.1692858  0.6866433
 2314.8 2320.2  0.4351724 14.1731243  0.6855892
 2320.2 2325.6  0.4347489 14.1770353  0.6845152
 2325.6 2331.0  0.4343255 14.1809464  0.6834412
 2331.0 2336.4  0.4338012 14.1867161  0.6823918
 2336.4 2341.9  0.4332689 14.1926336  0.6813443
 2341.9 2347.4  0.4327268 14.1986618  0.6802773
 2347.4 2352.9  0.4321846 14.2046890  0.6792105
 2352.9 2358.5  0.4316425 14.2107172  0.6781436
 2358.5 2364.1  0.4309823 14.2191019  0.6771165
 2364.1 2369.7  0.4303201 14.2275286  0.6760904
 2369.7 2375.3  0.4296579 14.2359543  0.6750644
 2375.3 2381.0  0.4289957 14.2443800  0.6740384
 2381.0 2386.6  0.4283217 14.2529564  0.6729941
 2386.6 2392.3  0.4275941 14.2634602  0.6720604
 2392.3 2398.1  0.4268535 14.2741518  0.6711100
 2398.1 2403.8  0.4260999 14.2850313  0.6701429
 2403.8 2409.6  0.4253592 14.2957230  0.6691926
 2409.6 2415.5  0.4246056 14.3066015  0.6682255
 2415.5 2421.3  0.4238256 14.3197136  0.6673229
 2421.3 2427.2  0.4230578 14.3327494  0.6664414
 2427.2 2433.1  0.4222767 14.3460093  0.6655446
 2433.1 2439.0  0.4214956 14.3592701  0.6646479
 2439.0 2445.0  0.4207146 14.3725300  0.6637512
 2445.0 2451.0  0.4200213 14.3874826  0.6629717
 2451.0 2457.0  0.4193280 14.4024353  0.6621921
 2457.0 2463.1  0.4186347 14.4173889  0.6614126
 2463.1 2469.1  0.4179298 14.4325905  0.6606200
 2469.1 2475.2  0.4172401 14.4475584  0.6598432
 2475.2 2481.4  0.4167505 14.4636688  0.6592161
 2481.4 2487.6  0.4162529 14.4800444  0.6585788
 2487.6 2493.8  0.4157552 14.4964190  0.6579413
 2493.8 2500.0  0.4152576 14.5127945  0.6573039
 2500.0 2506.3  0.4147600 14.5291691  0.6566665
 2506.3 2512.6  0.4146001 14.5458269  0.6562279
 2512.6 2518.9  0.4144402 14.5624857  0.6557894
 2518.9 2525.3  0.4142803 14.5791426  0.6553509
 2525.3 2531.6  0.4141178 14.5960655  0.6549054
 2531.6 2538.1  0.4139580 14.6127234  0.6544668
 2538.1 2544.5  0.4142552 14.6297588  0.6542399
 2544.5 2551.0  0.4145778 14.6465206  0.6540310
 2551.0 2557.5  0.4149053 14.6635456  0.6538188
 2557.5 2564.1  0.4152329 14.6805706  0.6536067
 2564.1 2570.7  0.4155758 14.6978426  0.6533958
 2570.7 2577.3  0.4165844 14.7141047  0.6534765
 2577.3 2584.0  0.4175931 14.7303677  0.6535573
 2584.0 2590.7  0.4186170 14.7468767  0.6536393
 2590.7 2597.4  0.4196409 14.7633848  0.6537212
 2597.4 2604.2  0.4207111 14.7797413  0.6538228
 2604.2 2611.0  0.4225380 14.7939024  0.6542394
 2611.0 2617.8  0.4243649 14.8080645  0.6546561
 2617.8 2624.7  0.4261917 14.8222256  0.6550727
 2624.7 2631.6  0.4280454 14.8365946  0.6554954
 2631.6 2638.5  0.4298992 14.8509645  0.6559182
 2638.5 2645.5  0.4326409 14.8627977  0.6566716
 2645.5 2652.5  0.4354778 14.8746433  0.6574566
 2652.5 2659.6  0.4383146 14.8864899  0.6582417
 2659.6 2666.7  0.4411921 14.8985062  0.6590379
 2666.7 2673.8  0.4440695 14.9105215  0.6598341
 2673.8 2681.0  0.4477594 14.9192829  0.6608950
 2681.0 2688.2  0.4515375 14.9280224  0.6619827
 2688.2 2695.4  0.4553156 14.9367619  0.6630703
 2695.4 2702.7  0.4590938 14.9455023  0.6641579
 2702.7 2710.0  0.4629245 14.9543629  0.6652607
 2710.0 2717.4  0.4674640 14.9594889  0.6665388
 2717.4 2724.8  0.4720964 14.9645224  0.6678421
 2724.8 2732.2  0.4767289 14.9695568  0.6691455
 2732.2 2739.7  0.4813614 14.9745903  0.6704487
 2739.7 2747.3  0.4860564 14.9796925  0.6717696
 2747.3 2754.8  0.4914108 14.9805212  0.6731819
 2754.8 2762.4  0.4967188 14.9811630  0.6745785
 2762.4 2770.1  0.5020975 14.9818134  0.6759938
 2770.1 2777.8  0.5075473 14.9824724  0.6774277
 2777.8 2785.5  0.5129968 14.9831314  0.6788616
 2785.5 2793.3  0.5189026 14.9788237  0.6802500
 2793.3 2801.1  0.5248975 14.9743261  0.6816552
 2801.1 2809.0  0.5308924 14.9698286  0.6830604
 2809.0 2816.9  0.5369640 14.9652739  0.6844836
 2816.9 2824.9  0.5430356 14.9607191  0.6859068
 2824.9 2832.9  0.5495687 14.9500771  0.6871738
 2832.9 2840.9  0.5561067 14.9393597  0.6884385
 2840.9 2849.0  0.5626446 14.9286413  0.6897033
 2849.0 2857.1  0.5692644 14.9177895  0.6909838
 2857.1 2865.3  0.5758836 14.9068604  0.6922598
 2865.3 2873.6  0.5825384 14.8894901  0.6931797
 2873.6 2881.8  0.5892744 14.8719082  0.6941108
 2881.8 2890.2  0.5959292 14.8545380  0.6950307
 2890.2 2898.6  0.6027462 14.8367443  0.6959730
 2898.6 2907.0  0.6095635 14.8189497  0.6969153
 2907.0 2915.5  0.6164455 14.7932453  0.6973657
 2915.5 2924.0  0.6234128 14.7668352  0.6977966
 2924.0 2932.6  0.6303800 14.7404242  0.6982274
 2932.6 2941.2  0.6374294 14.7137022  0.6986634
 2941.2 2949.9  0.6444703 14.6868038  0.6990849
 2949.9 2958.6  0.6512462 14.6520348  0.6989035
 2958.6 2967.4  0.6580222 14.6172647  0.6987221
 2967.4 2976.2  0.6648759 14.5820971  0.6985386
 2976.2 2985.1  0.6717297 14.5469275  0.6983551
 2985.1 2994.0  0.6786579 14.5112686  0.6981630
 2994.0 3003.0  0.6852780 14.4677010  0.6974013
 3003.0 3012.0  0.6919726 14.4236441  0.6966311
 3012.0 3021.1  0.6986670 14.3795862  0.6958609
 3021.1 3030.3  0.7054361 14.3350391  0.6950820
 3030.3 3039.5  0.7122613 14.2898092  0.6942804
 3039.5 3048.8  0.7185512 14.2388334  0.6930550
 3048.8 3058.1  0.7249095 14.1873026  0.6918163
 3058.1 3067.5  0.7312679 14.1357727  0.6905776
 3067.5 3076.9  0.7376946 14.0836887  0.6893256
 3076.9 3086.4  0.7441213 14.0316057  0.6880736
 3086.4 3096.0  0.7500851 13.9731274  0.6864813
 3096.0 3105.6  0.7561060 13.9139709  0.6848688
 3105.6 3115.3  0.7621269 13.8548136  0.6832563
 3115.3 3125.0  0.7682105 13.7950420  0.6816269
 3125.0 3134.8  0.7742940 13.7352695  0.6799976
 3134.8 3144.7  0.7796066 13.6723089  0.6782346
 3144.7 3154.6  0.7849734 13.6087074  0.6764536
 3154.6 3164.6  0.7903403 13.5451040  0.6746726
 3164.6 3174.6  0.7957613 13.4808598  0.6728736
 3174.6 3184.7  0.8011823 13.4166145  0.6710746
 3184.7 3194.9  0.8058419 13.3495731  0.6692821
 3194.9 3205.1  0.8105138 13.2817783  0.6674728
 3205.1 3215.4  0.8151857 13.2139816  0.6656635
 3215.4 3225.8  0.8199033 13.1455231  0.6638365
 3225.8 3236.2  0.8245941 13.0763330  0.6620058
 3236.2 3246.8  0.8284123 13.0063820  0.6603429
 3246.8 3257.3  0.8323039 12.9350843  0.6586480
 3257.3 3268.0  0.8361589 12.8644600  0.6569691
 3268.0 3278.7  0.8400872 12.7924900  0.6552582
 3278.7 3289.5  0.8436992 12.7203941  0.6536290
 3289.5 3300.3  0.8467413 12.6473827  0.6521407
 3300.3 3311.3  0.8497832 12.5743713  0.6506523
 3311.3 3322.3  0.8528816 12.5000076  0.6491364
 3322.3 3333.3  0.8559799 12.4256439  0.6476204
 3333.3 3344.5  0.8584883 12.3507729  0.6462625
 3344.5 3355.7  0.8608467 12.2743731  0.6449320
 3355.7 3367.0  0.8632052 12.1979733  0.6436016
 3367.0 3378.4  0.8655847 12.1208906  0.6422593
 3378.4 3389.8  0.8676926 12.0487556  0.6410369
 3389.8 3401.4  0.8691119 11.9898643  0.6401244
 3401.4 3413.0  0.8705560 11.9299421  0.6391959
 3413.0 3424.7  0.8720001 11.8700190  0.6382675
 3424.7 3436.4  0.8734567 11.8095789  0.6373309
 3436.4 3448.3  0.8765045 11.6059103  0.6347466
 3448.3 3460.2  0.8796471 11.3949223  0.6320739
 3460.2 3472.2  0.8808964 11.2903900  0.6308627
 3472.2 3484.3  0.8818380 11.2028685  0.6298867
 3484.3 3496.5  0.8827875 11.1146173  0.6289027
 3496.5 3508.8  0.8837448 11.0256376  0.6279106
 3508.8 3521.1  0.8847100 10.9359283  0.6269103
 3521.1 3533.6  0.8856751 10.8462181  0.6259100
 3533.6 3546.1  0.8866559 10.7550507  0.6248934
 3546.1 3558.7  0.8876368 10.6638823  0.6238769
 3558.7 3571.4  0.8883745 10.5700016  0.6229485
 3571.4 3584.2  0.8890047 10.4744778  0.6220561
 3584.2 3597.1  0.8896399 10.3782005  0.6211568
 3597.1 3610.1  0.8902801 10.2811708  0.6202504
 3610.1 3623.2  0.8909252 10.1833906  0.6193370
 3623.2 3636.4  0.8915753 10.0848589  0.6184166
 3636.4 3649.6  0.8922303  9.9855738  0.6174892
 3649.6 3663.0  0.8928853  9.8862877  0.6165617
 3663.0 3676.5  0.8933451  9.7854500  0.6157508
 3676.5 3690.0  0.8938019  9.6838570  0.6149378
 3690.0 3703.7  0.8942587  9.5822639  0.6141250
 3703.7 3717.5  0.8947223  9.4791660  0.6133000
 3717.5 3731.3  0.8951893  9.3753147  0.6124690
 3731.3 3745.3  0.8956563  9.2714643  0.6116381
 3745.3 3759.4  0.8961301  9.1661081  0.6107950
 3759.4 3773.6  0.8965469  9.0622540  0.6100410
 3773.6 3787.9  0.8969363  8.9587955  0.6093293
 3787.9 3802.3  0.8973284  8.8546114  0.6086128
 3802.3 3816.8  0.8977233  8.7496967  0.6078911
 3816.8 3831.4  0.8981209  8.6440535  0.6071646
 3831.4 3846.2  0.8985213  8.5376835  0.6064329
 3846.2 3861.0  0.8989272  8.4298544  0.6056913
 3861.0 3876.0  0.8993298  8.3266506  0.6050547
 3876.0 3891.1  0.8997367  8.2236710  0.6044463
 3891.1 3906.2  0.9001464  8.1200047  0.6038339
 3906.2 3921.6  0.9005560  8.0163393  0.6032215
 3921.6 3937.0  0.9009737  7.9106135  0.6025969
 3937.0 3952.6  0.9013915  7.8048887  0.6019723
 3952.6 3968.3  0.9018192  7.6991415  0.6013605
 3968.3 3984.1  0.9022722  7.5995188  0.6008503
 3984.1 4000.0  0.9027281  7.4992609  0.6003369
 4000.0 4016.1  0.9031869  7.3983698  0.5998202
 4016.1 4032.3  0.9036514  7.2962084  0.5992970
 4032.3 4048.6  0.9041189  7.1934128  0.5987706
 4048.6 4065.0  0.9045892  7.0899825  0.5982409
 4065.0 4081.6  0.9050941  6.9946079  0.5978044
 4081.6 4098.4  0.9056082  6.8988905  0.5973716
 4098.4 4115.2  0.9061284  6.8020210  0.5969337
 4115.2 4132.2  0.9066486  6.7051487  0.5964958
 4132.2 4149.4  0.9071751  6.6071253  0.5960526
 4149.4 4166.7  0.9077077  6.5079503  0.5956043
 4166.7 4184.1  0.9082682  6.4177599  0.5952382
 4184.1 4201.7  0.9088327  6.3273954  0.5948731
 4201.7 4219.4  0.9094038  6.2359920  0.5945038
 4219.4 4237.3  0.9099781  6.1440706  0.5941323
 4237.3 4255.3  0.9105589  6.0511098  0.5937567
 4255.3 4273.5  0.9111431  5.9603629  0.5933999
 4273.5 4291.8  0.9117341  5.8752289  0.5930901
 4291.8 4310.3  0.9123284  5.7896290  0.5927786
 4310.3 4329.0  0.9129291  5.7030931  0.5924637
 4329.0 4347.8  0.9135364  5.6156206  0.5921454
 4347.8 4366.8  0.9141468  5.5276818  0.5918253
 4366.8 4386.0  0.9147428  5.4465456  0.5915529
 4386.0 4405.3  0.9153422  5.3655782  0.5912844
 4405.3 4424.8  0.9159447  5.2841911  0.5910145
 4424.8 4444.4  0.9165535  5.2019596  0.5907418
 4444.4 4464.3  0.9171654  5.1193061  0.5904677
 4464.3 4484.3  0.9177625  5.0411549  0.5902238
 4484.3 4504.5  0.9183532  4.9648809  0.5899923
 4504.5 4524.9  0.9189498  4.8878436  0.5897584
 4524.9 4545.5  0.9195522  4.8100443  0.5895222
 4545.5 4566.2  0.9201606  4.7314820  0.5892837
 4566.2 4587.2  0.9207478  4.6581407  0.5890764
 4587.2 4608.3  0.9213367  4.5853162  0.5888752
 4608.3 4629.6  0.9219283  4.5121460  0.5886731
 4629.6 4651.2  0.9225256  4.4382801  0.5884690
 4651.2 4672.9  0.9231299  4.3637319  0.5882641
 4672.9 4694.8  0.9237109  4.2949429  0.5880924
 4694.8 4717.0  0.9242973  4.2255192  0.5879192
 4717.0 4739.3  0.9248918  4.1551433  0.5877436
 4739.3 4761.9  0.9254889  4.0844522  0.5875672
 4761.9 4784.7  0.9260812  4.0158911  0.5874050
 4784.7 4807.7  0.9266672  3.9495187  0.5872564
 4807.7 4830.9  0.9272583  3.8825650  0.5871065
 4830.9 4854.4  0.9278545  3.8150299  0.5869553
 4854.4 4878.0  0.9284543  3.7476254  0.5868073
 4878.0 4902.0  0.9290389  3.6843133  0.5866808
 4902.0 4926.1  0.9296334  3.6199284  0.5865523
 4926.1 4950.5  0.9302304  3.5552750  0.5864232
 4950.5 4975.1  0.9308344  3.4899194  0.5862929
 4975.1 5000.0  0.9314239  3.4289615  0.5861849
 5000.0 5025.1  0.9320207  3.3672607  0.5860754
 5025.1 5050.5  0.9326223  3.3050637  0.5859652
 5050.5 5076.1  0.9332306  3.2422178  0.5858539
 5076.1 5102.0  0.9338261  3.1835835  0.5857618
 5102.0 5128.2  0.9344286  3.1242628  0.5856687
 5128.2 5154.6  0.9350380  3.0642543  0.5855745
 5154.6 5181.3  0.9356492  3.0045989  0.5854826
 5181.3 5208.3  0.9362535  2.9481516  0.5854040
 5208.3 5235.6  0.9368645  2.8910694  0.5853246
 5235.6 5263.2  0.9374824  2.8333526  0.5852443
 5263.2 5291.0  0.9380994  2.7772512  0.5851701
 5291.0 5319.1  0.9387126  2.7232156  0.5851032
 5319.1 5347.6  0.9393324  2.6685963  0.5850355
 5347.6 5376.3  0.9399611  2.6131997  0.5849669
 5376.3 5405.4  0.9405801  2.5618830  0.5849090
 5405.4 5434.8  0.9412064  2.5102642  0.5848514
 5434.8 5464.5  0.9418392  2.4581132  0.5847932
 5464.5 5494.5  0.9424710  2.4079623  0.5847393
 5494.5 5524.9  0.9431012  2.3599870  0.5846900
 5524.9 5555.6  0.9437399  2.3113720  0.5846401
 5555.6 5586.6  0.9443821  2.2632768  0.5845912
 5586.6 5618.0  0.9450181  2.2192369  0.5845483
 5618.0 5649.7  0.9456622  2.1746287  0.5845048
 5649.7 5681.8  0.9463125  2.1295938  0.5844610
 5681.8 5714.3  0.9469566  2.0892477  0.5844231
 5714.3 5747.1  0.9476087  2.0484483  0.5843848
 5747.1 5780.3  0.9482668  2.0072720  0.5843461
 5780.3 5814.0  0.9489213  1.9697839  0.5843120
 5814.0 5848.0  0.9495846  1.9321377  0.5842778
 5848.0 5882.4  0.9502538  1.8941567  0.5842433
 5882.4 5917.2  0.9509203  1.8593898  0.5842127
 5917.2 5952.4  0.9515940  1.8244468  0.5841818
 5952.4 5988.0  0.9522747  1.7893217  0.5841510
 5988.0 6024.1  0.9529541  1.7568238  0.5841233
 6024.1 6060.6  0.9536430  1.7238694  0.5840951
 6060.6 6097.6  0.9543370  1.6913167  0.5840675
 6097.6 6135.0  0.9550345  1.6602172  0.5840414
 6135.0 6172.8  0.9557396  1.6287816  0.5840151
 6172.8 6211.2  0.9564476  1.5982792  0.5839897
 6211.2 6250.0  0.9571638  1.5681407  0.5839648
 6250.0 6289.3  0.9578875  1.5376889  0.5839397
 6289.3 6329.1  0.9586138  1.5084467  0.5839154
 6329.1 6369.4  0.9593493  1.4788321  0.5838909
 6369.4 6410.3  0.9600912  1.4493722  0.5838662
 6410.3 6451.6  0.9608410  1.4200490  0.5838416
 6451.6 6493.5  0.9615979  1.3904616  0.5838166
 6493.5 6535.9  0.9623606  1.3610220  0.5837910
 6535.9 6578.9  0.9631323  1.3312312  0.5837650
 6578.9 6622.5  0.9639116  1.3010762  0.5837380
 6622.5 6666.7  0.9647001  1.2705287  0.5837101
 6666.7 6711.4  0.9654976  1.2393888  0.5836811
 6711.4 6756.8  0.9663011  1.2076107  0.5836504
 6756.8 6802.7  0.9671165  1.1751823  0.5836186
 6802.7 6849.3  0.9679370  1.1415225  0.5835838
 6849.3 6896.6  0.9687699  1.1073498  0.5835483
 6896.6 6944.4  0.9696097  1.0713720  0.5835084
 6944.4 6993.0  0.9704583  1.0349947  0.5834679
 6993.0 7042.3  0.9713134  0.9970711  0.5834230
 7042.3 7092.2  0.9721797  0.9584776  0.5833768
 7092.2 7142.9  0.9730458  0.9189349  0.5833263
 7142.9 7194.2  0.9739236  0.8786701  0.5832742
 7194.2 7246.4  0.9747968  0.8378778  0.5832173
 7246.4 7299.3  0.9756828  0.7963621  0.5831587
 7299.3 7352.9  0.9765590  0.7547349  0.5830943
 7352.9 7407.4  0.9774436  0.7126461  0.5830284
 7407.4 7462.7  0.9783146  0.6708555  0.5829556
 7462.7 7518.8  0.9791898  0.6288392  0.5828802
 7518.8 7575.8  0.9800484  0.5875361  0.5827985
 7575.8 7633.6  0.9808994  0.5466684  0.5827118
 7633.6 7692.3  0.9817362  0.5065737  0.5826194
 7692.3 7751.9  0.9825435  0.4682205  0.5825187
 7751.9 7812.5  0.9833443  0.4303449  0.5824134
 7812.5 7874.0  0.9840876  0.3959999  0.5822952
 7874.0 7936.5  0.9848072  0.3632644  0.5821700
 7936.5 8000.0  0.9854831  0.3333622  0.5820344
 8000.0 8064.5  0.9860828  0.3084004  0.5818837
 8064.5 8130.1  0.9866378  0.2864430  0.5817225
 8130.1 8196.7  0.9870964  0.2708145  0.5815430
 8196.7 8264.5  0.9874454  0.2623908  0.5813437
 8264.5 8333.3  0.9877071  0.2598268  0.5811272
 8333.3 8403.4  0.9878116  0.2676044  0.5808842
 8403.4 8474.6  0.9877280  0.2878338  0.5806091
 8474.6 8547.0  0.9875826  0.3122888  0.5803211
 8547.0 8620.7  0.9874349  0.3371563  0.5800282
 8620.7 8695.7  0.9872844  0.3624703  0.5797300
 8695.7 8771.9  0.9871313  0.3882307  0.5794265
 8771.9 8849.6  0.9869757  0.4144033  0.5791182
 8849.6 8928.6  0.9868171  0.4410908  0.5788038
 8928.6 9009.0  0.9866558  0.4682251  0.5784842
 9009.0 9090.9  0.9864917  0.4958404  0.5781589
 9090.9 9174.3  0.9863245  0.5239708  0.5778276
 9174.3 9259.3  0.9861543  0.5526162  0.5774902
 9259.3 9345.8  0.9859807  0.5818114  0.5771462
 9345.8 9434.0  0.9858041  0.6115217  0.5767962
 9434.0 9523.8  0.9856241  0.6418160  0.5764394
 9523.8 9615.4  0.9854407  0.6726598  0.5760760
 9615.4 9708.7  0.9852538  0.7041219  0.5757055
 9708.7 9803.9  0.9850633  0.7361679  0.5753279
 9803.9 9901.0  0.9848689  0.7688664  0.5749428
 9901.0 9911.0  0.9846707  0.8022175  0.5745499
