 1176.5 1177.9  0.4460675 17.5146198  0.8707581
 1177.9 1179.2  0.4458353 17.5268593  0.8707661
 1179.2 1180.6  0.4456197 17.5382252  0.8707737
 1180.6 1182.0  0.4453875 17.5504646  0.8707818
 1182.0 1183.4  0.4451553 17.5627041  0.8707898
 1183.4 1184.8  0.4449231 17.5749454  0.8707979
 1184.8 1186.2  0.4446909 17.5871849  0.8708060
 1186.2 1187.6  0.4444587 17.5994244  0.8708141
 1187.6 1189.1  0.4442265 17.6116638  0.8708223
 1189.1 1190.5  0.4439777 17.6247768  0.8708309
 1190.5 1191.9  0.4437456 17.6370163  0.8708390
 1191.9 1193.3  0.4435133 17.6492577  0.8708471
 1193.3 1194.7  0.4432811 17.6614971  0.8708552
 1194.7 1196.2  0.4430490 17.6737366  0.8708633
 1196.2 1197.6  0.4428002 17.6868496  0.8708720
 1197.6 1199.0  0.4425680 17.6990891  0.8708801
 1199.0 1200.5  0.4423358 17.7113304  0.8708882
 1200.5 1201.9  0.4420870 17.7244434  0.8708969
 1201.9 1203.4  0.4418548 17.7366829  0.8709050
 1203.4 1204.8  0.4416060 17.7497978  0.8709136
 1204.8 1206.3  0.4413738 17.7620373  0.8709217
 1206.3 1207.7  0.4411250 17.7751522  0.8709304
 1207.7 1209.2  0.4408928 17.7873898  0.8709385
 1209.2 1210.7  0.4406440 17.8005047  0.8709472
 1210.7 1212.1  0.4403952 17.8136177  0.8709559
 1212.1 1213.6  0.4401630 17.8258591  0.8709640
 1213.6 1215.1  0.4399143 17.8389721  0.8709726
 1215.1 1216.5  0.4396655 17.8520870  0.8709813
 1216.5 1218.0  0.4394332 17.8643265  0.8709894
 1218.0 1219.5  0.4391845 17.8774395  0.8709981
 1219.5 1221.0  0.4389357 17.8905544  0.8710068
 1221.0 1222.5  0.4386869 17.9036674  0.8710154
 1222.5 1224.0  0.4384381 17.9167824  0.8710241
 1224.0 1225.5  0.4381893 17.9298954  0.8710328
 1225.5 1227.0  0.4379405 17.9430103  0.8710415
 1227.0 1228.5  0.4376917 17.9561234  0.8710502
 1228.5 1230.0  0.4374430 17.9692383  0.8710588
 1230.0 1231.5  0.4371942 17.9823513  0.8710675
 1231.5 1233.0  0.4369454 17.9954662  0.8710762
 1233.0 1234.6  0.4366966 18.0085793  0.8710849
 1234.6 1236.1  0.4364313 18.0225677  0.8710941
 1236.1 1237.6  0.4361825 18.0356827  0.8711028
 1237.6 1239.2  0.4359337 18.0487957  0.8711115
 1239.2 1240.7  0.4356683 18.0627842  0.8711207
 1240.7 1242.2  0.4354195 18.0758972  0.8711294
 1242.2 1243.8  0.4351707 18.0890121  0.8711381
 1243.8 1245.3  0.4349054 18.1030006  0.8711473
 1245.3 1246.9  0.4346566 18.1161156  0.8711560
 1246.9 1248.4  0.4343912 18.1301022  0.8711653
 1248.4 1250.0  0.4341424 18.1432171  0.8711739
 1250.0 1251.6  0.4338771 18.1572056  0.8711832
 1251.6 1253.1  0.4336117 18.1711922  0.8711925
 1253.1 1254.7  0.4333629 18.1843071  0.8712011
 1254.7 1256.3  0.4330975 18.1982956  0.8712104
 1256.3 1257.9  0.4328322 18.2122841  0.8712196
 1257.9 1259.4  0.4325668 18.2262726  0.8712289
 1259.4 1261.0  0.4323180 18.2393856  0.8712376
 1261.0 1262.6  0.4320526 18.2533741  0.8712468
 1262.6 1264.2  0.4317873 18.2673626  0.8712561
 1264.2 1265.8  0.4315219 18.2813492  0.8712654
 1265.8 1267.4  0.4312565 18.2953396  0.8712746
 1267.4 1269.0  0.4309911 18.3093281  0.8712838
 1269.0 1270.6  0.4307258 18.3233147  0.8712931
 1270.6 1272.3  0.4304604 18.3373032  0.8713024
 1272.3 1273.9  0.4301784 18.3521671  0.8713122
 1273.9 1275.5  0.4299131 18.3661537  0.8713214
 1275.5 1277.1  0.4296477 18.3801422  0.8713307
 1277.1 1278.8  0.4293823 18.3941307  0.8713400
 1278.8 1280.4  0.4291004 18.4089928  0.8713498
 1280.4 1282.1  0.4288350 18.4229813  0.8713591
 1282.1 1283.7  0.4285530 18.4378433  0.8713689
 1283.7 1285.3  0.4282877 18.4518318  0.8713781
 1285.3 1287.0  0.4280223 18.4658203  0.8713874
 1287.0 1288.7  0.4277403 18.4806824  0.8713972
 1288.7 1290.3  0.4274584 18.4955444  0.8714070
 1290.3 1292.0  0.4271930 18.5095348  0.8714163
 1292.0 1293.7  0.4269111 18.5243969  0.8714262
 1293.7 1295.3  0.4266291 18.5392590  0.8714360
 1295.3 1297.0  0.4263637 18.5532475  0.8714452
 1297.0 1298.7  0.4260818 18.5681095  0.8714551
 1298.7 1300.4  0.4257998 18.5829716  0.8714649
 1300.4 1302.1  0.4255396 18.5967464  0.8714696
 1302.1 1303.8  0.4253501 18.6069794  0.8714578
 1303.8 1305.5  0.4251605 18.6172161  0.8714459
 1305.5 1307.2  0.4249710 18.6274490  0.8714341
 1307.2 1308.9  0.4247814 18.6376839  0.8714222
 1308.9 1310.6  0.4245919 18.6479187  0.8714104
 1310.6 1312.3  0.4244024 18.6581535  0.8713985
 1312.3 1314.1  0.4242128 18.6683884  0.8713866
 1314.1 1315.8  0.4240121 18.6792259  0.8713741
 1315.8 1317.5  0.4238226 18.6894608  0.8713623
 1317.5 1319.3  0.4236330 18.6996956  0.8713504
 1319.3 1321.0  0.4234323 18.7105312  0.8713378
 1321.0 1322.8  0.4232428 18.7207661  0.8713260
 1322.8 1324.5  0.4230421 18.7316036  0.8713135
 1324.5 1326.3  0.4228525 18.7418385  0.8713016
 1326.3 1328.0  0.4226519 18.7526760  0.8712890
 1328.0 1329.8  0.4224623 18.7629089  0.8712772
 1329.8 1331.6  0.4222616 18.7737465  0.8712646
 1331.6 1333.3  0.4220609 18.7845821  0.8712521
 1333.3 1335.1  0.4218714 18.7948189  0.8712403
 1335.1 1336.9  0.4216707 18.8056545  0.8712277
 1336.9 1338.7  0.4214700 18.8164921  0.8712151
 1338.7 1340.5  0.4212693 18.8273277  0.8712026
 1340.5 1342.3  0.4210686 18.8381653  0.8711900
 1342.3 1344.1  0.4208679 18.8490028  0.8711775
 1344.1 1345.9  0.4206672 18.8598385  0.8711649
 1345.9 1347.7  0.4204665 18.8706760  0.8711524
 1347.7 1349.5  0.4202659 18.8815117  0.8711398
 1349.5 1351.4  0.4200652 18.8923492  0.8711272
 1351.4 1353.2  0.4198667 18.9031525  0.8711049
 1353.2 1355.0  0.4196833 18.9131737  0.8710807
 1355.0 1356.9  0.4194998 18.9231949  0.8710564
 1356.9 1358.7  0.4193062 18.9337730  0.8710308
 1358.7 1360.5  0.4191228 18.9437923  0.8710065
 1360.5 1362.4  0.4189393 18.9538136  0.8709823
 1362.4 1364.3  0.4187457 18.9643917  0.8709567
 1364.3 1366.1  0.4185521 18.9749680  0.8709311
 1366.1 1368.0  0.4183686 18.9849892  0.8709068
 1368.0 1369.9  0.4181750 18.9955673  0.8708813
 1369.9 1371.7  0.4179814 19.0061436  0.8708556
 1371.7 1373.6  0.4177979 19.0161648  0.8708314
 1373.6 1375.5  0.4176043 19.0267429  0.8708058
 1375.5 1377.4  0.4174106 19.0373192  0.8707802
 1377.4 1379.3  0.4172170 19.0478973  0.8707545
 1379.3 1381.2  0.4170234 19.0584755  0.8707290
 1381.2 1383.1  0.4168298 19.0690517  0.8707033
 1383.1 1385.0  0.4166361 19.0796299  0.8706778
 1385.0 1387.0  0.4164425 19.0902081  0.8706521
 1387.0 1388.9  0.4162387 19.1013412  0.8706252
 1388.9 1390.8  0.4160450 19.1119194  0.8705996
 1390.8 1392.8  0.4158514 19.1224976  0.8705740
 1392.8 1394.7  0.4156476 19.1336308  0.8705471
 1394.7 1396.6  0.4154539 19.1442070  0.8705214
 1396.6 1398.6  0.4152603 19.1547852  0.8704959
 1398.6 1400.6  0.4150565 19.1659203  0.8704689
 1400.6 1402.5  0.4148580 19.1767864  0.8704384
 1402.5 1404.5  0.4146812 19.1865139  0.8704017
 1404.5 1406.5  0.4144951 19.1967564  0.8703631
 1406.5 1408.5  0.4143091 19.2069969  0.8703244
 1408.5 1410.4  0.4141230 19.2172375  0.8702857
 1410.4 1412.4  0.4139462 19.2269669  0.8702490
 1412.4 1414.4  0.4137602 19.2372074  0.8702104
 1414.4 1416.4  0.4135741 19.2474480  0.8701718
 1416.4 1418.4  0.4133880 19.2576885  0.8701331
 1418.4 1420.5  0.4132020 19.2679291  0.8700945
 1420.5 1422.5  0.4130066 19.2786827  0.8700539
 1422.5 1424.5  0.4128205 19.2889233  0.8700153
 1424.5 1426.5  0.4126345 19.2991638  0.8699766
 1426.5 1428.6  0.4124484 19.3094044  0.8699380
 1428.6 1430.6  0.4122530 19.3201580  0.8698974
 1430.6 1432.7  0.4120670 19.3303986  0.8698587
 1432.7 1434.7  0.4118716 19.3411522  0.8698182
 1434.7 1436.8  0.4116855 19.3513927  0.8697795
 1436.8 1438.8  0.4114901 19.3621464  0.8697389
 1438.8 1440.9  0.4113041 19.3723869  0.8697003
 1440.9 1443.0  0.4111087 19.3831387  0.8696597
 1443.0 1445.1  0.4109133 19.3938923  0.8696191
 1445.1 1447.2  0.4107180 19.4046440  0.8695785
 1447.2 1449.3  0.4105226 19.4153976  0.8695379
 1449.3 1451.4  0.4103272 19.4261513  0.8694974
 1451.4 1453.5  0.4101434 19.4362831  0.8694494
 1453.5 1455.6  0.4099653 19.4461040  0.8693979
 1455.6 1457.7  0.4097872 19.4559250  0.8693463
 1457.7 1459.9  0.4096092 19.4657478  0.8692947
 1459.9 1462.0  0.4094226 19.4760361  0.8692407
 1462.0 1464.1  0.4092445 19.4858589  0.8691891
 1464.1 1466.3  0.4090664 19.4956799  0.8691375
 1466.3 1468.4  0.4088799 19.5059700  0.8690835
 1468.4 1470.6  0.4087018 19.5157909  0.8690319
 1470.6 1472.8  0.4085153 19.5260792  0.8689779
 1472.8 1474.9  0.4083287 19.5363693  0.8689238
 1474.9 1477.1  0.4081506 19.5461903  0.8688723
 1477.1 1479.3  0.4079641 19.5564804  0.8688182
 1479.3 1481.5  0.4077775 19.5667686  0.8687642
 1481.5 1483.7  0.4075910 19.5770588  0.8687102
 1483.7 1485.9  0.4074044 19.5873470  0.8686562
 1485.9 1488.1  0.4072179 19.5976372  0.8686021
 1488.1 1490.3  0.4070313 19.6079254  0.8685481
 1490.3 1492.5  0.4068447 19.6182156  0.8684940
 1492.5 1494.8  0.4066582 19.6285057  0.8684400
 1494.8 1497.0  0.4064631 19.6392612  0.8683835
 1497.0 1499.3  0.4062766 19.6495514  0.8683295
 1499.3 1501.5  0.4060816 19.6603088  0.8682730
 1501.5 1503.8  0.4059065 19.6699314  0.8682120
 1503.8 1506.0  0.4057291 19.6796684  0.8681448
 1506.0 1508.3  0.4055594 19.6889801  0.8680804
 1508.3 1510.6  0.4053820 19.6987171  0.8680132
 1510.6 1512.9  0.4052046 19.7084522  0.8679460
 1512.9 1515.2  0.4050272 19.7181892  0.8678788
 1515.2 1517.5  0.4048498 19.7279243  0.8678116
 1517.5 1519.8  0.4046724 19.7376614  0.8677443
 1519.8 1522.1  0.4044949 19.7473965  0.8676772
 1522.1 1524.4  0.4043175 19.7571335  0.8676099
 1524.4 1526.7  0.4041401 19.7668686  0.8675427
 1526.7 1529.1  0.4039627 19.7766056  0.8674755
 1529.1 1531.4  0.4037776 19.7867641  0.8674054
 1531.4 1533.7  0.4036002 19.7965012  0.8673381
 1533.7 1536.1  0.4034228 19.8062363  0.8672709
 1536.1 1538.5  0.4032377 19.8163967  0.8672007
 1538.5 1540.8  0.4030525 19.8265553  0.8671306
 1540.8 1543.2  0.4028751 19.8362923  0.8670634
 1543.2 1545.6  0.4026900 19.8464508  0.8669932
 1545.6 1548.0  0.4025049 19.8566113  0.8669231
 1548.0 1550.4  0.4023198 19.8667698  0.8668530
 1550.4 1552.8  0.4021375 19.8767509  0.8667812
 1552.8 1555.2  0.4019696 19.8858356  0.8667011
 1555.2 1557.6  0.4018016 19.8949223  0.8666210
 1557.6 1560.1  0.4016337 19.9040070  0.8665409
 1560.1 1562.5  0.4014587 19.9134712  0.8664575
 1562.5 1564.9  0.4012907 19.9225578  0.8663774
 1564.9 1567.4  0.4011228 19.9316425  0.8662973
 1567.4 1569.9  0.4009478 19.9411068  0.8662139
 1569.9 1572.3  0.4007729 19.9505711  0.8661305
 1572.3 1574.8  0.4006049 19.9596558  0.8660504
 1574.8 1577.3  0.4004300 19.9691200  0.8659669
 1577.3 1579.8  0.4002550 19.9785843  0.8658835
 1579.8 1582.3  0.4000801 19.9880486  0.8658001
 1582.3 1584.8  0.3999051 19.9975128  0.8657166
 1584.8 1587.3  0.3997301 20.0069771  0.8656332
 1587.3 1589.8  0.3995552 20.0164413  0.8655498
 1589.8 1592.4  0.3993802 20.0259056  0.8654664
 1592.4 1594.9  0.3991983 20.0357475  0.8653796
 1594.9 1597.4  0.3990233 20.0452118  0.8652962
 1597.4 1600.0  0.3988484 20.0546761  0.8652128
 1600.0 1602.6  0.3986664 20.0645180  0.8651260
 1602.6 1605.1  0.3985027 20.0731888  0.8650289
 1605.1 1607.7  0.3983453 20.0815258  0.8649355
 1607.7 1610.3  0.3981816 20.0901966  0.8648384
 1610.3 1612.9  0.3980179 20.0988674  0.8647412
 1612.9 1615.5  0.3978542 20.1075382  0.8646441
 1615.5 1618.1  0.3976905 20.1162090  0.8645470
 1618.1 1620.7  0.3975268 20.1248798  0.8644499
 1620.7 1623.4  0.3973631 20.1335506  0.8643527
 1623.4 1626.0  0.3971930 20.1425552  0.8642519
 1626.0 1628.7  0.3970293 20.1512260  0.8641547
 1628.7 1631.3  0.3968593 20.1602306  0.8640538
 1631.3 1634.0  0.3966956 20.1689014  0.8639567
 1634.0 1636.7  0.3965257 20.1779060  0.8638558
 1636.7 1639.3  0.3963556 20.1869087  0.8637550
 1639.3 1642.0  0.3961919 20.1955814  0.8636578
 1642.0 1644.7  0.3960219 20.2045841  0.8635570
 1644.7 1647.4  0.3958519 20.2135887  0.8634561
 1647.4 1650.2  0.3956819 20.2225933  0.8633553
 1650.2 1652.9  0.3955072 20.2318420  0.8632497
 1652.9 1655.6  0.3953579 20.2396355  0.8631363
 1655.6 1658.4  0.3952087 20.2474289  0.8630229
 1658.4 1661.1  0.3950539 20.2555103  0.8629052
 1661.1 1663.9  0.3949046 20.2633038  0.8627918
 1663.9 1666.7  0.3947498 20.2713871  0.8626741
 1666.7 1669.4  0.3945950 20.2794685  0.8625565
 1669.4 1672.2  0.3944458 20.2872639  0.8624431
 1672.2 1675.0  0.3942910 20.2953453  0.8623254
 1675.0 1677.9  0.3941362 20.3034286  0.8622078
 1677.9 1680.7  0.3939759 20.3117981  0.8620859
 1680.7 1683.5  0.3938211 20.3198814  0.8619683
 1683.5 1686.3  0.3936663 20.3279629  0.8618507
 1686.3 1689.2  0.3935115 20.3360462  0.8617331
 1689.2 1692.0  0.3933512 20.3444157  0.8616112
 1692.0 1694.9  0.3931964 20.3524990  0.8614936
 1694.9 1697.8  0.3930361 20.3608704  0.8613718
 1697.8 1700.7  0.3928758 20.3692417  0.8612499
 1700.7 1703.6  0.3927306 20.3768234  0.8611354
 1703.6 1706.5  0.3926330 20.3819237  0.8610440
 1706.5 1709.4  0.3925353 20.3870258  0.8609527
 1709.4 1712.3  0.3924376 20.3921261  0.8608614
 1712.3 1715.3  0.3923399 20.3972282  0.8607700
 1715.3 1718.2  0.3922389 20.4025059  0.8606755
 1718.2 1721.2  0.3921412 20.4076061  0.8605841
 1721.2 1724.1  0.3920402 20.4128838  0.8604896
 1724.1 1727.1  0.3919425 20.4179840  0.8603982
 1727.1 1730.1  0.3918415 20.4232616  0.8603038
 1730.1 1733.1  0.3917404 20.4285393  0.8602092
 1733.1 1736.1  0.3916394 20.4338169  0.8601147
 1736.1 1739.1  0.3915384 20.4390945  0.8600202
 1739.1 1742.2  0.3914373 20.4443703  0.8599257
 1742.2 1745.2  0.3913329 20.4498234  0.8598281
 1745.2 1748.3  0.3912319 20.4551010  0.8597335
 1748.3 1751.3  0.3911275 20.4605541  0.8596359
 1751.3 1754.4  0.3910264 20.4658318  0.8595414
 1754.4 1757.5  0.3909184 20.4714870  0.8594362
 1757.5 1760.6  0.3907860 20.4785118  0.8592800
 1760.6 1763.7  0.3906535 20.4855347  0.8591239
 1763.7 1766.8  0.3905211 20.4925575  0.8589678
 1766.8 1769.9  0.3903886 20.4995823  0.8588117
 1769.9 1773.0  0.3902562 20.5066051  0.8586556
 1773.0 1776.2  0.3901335 20.5132065  0.8584927
 1776.2 1779.4  0.3900073 20.5200043  0.8583242
 1779.4 1782.5  0.3898810 20.5268021  0.8581557
 1782.5 1785.7  0.3897587 20.5333881  0.8579924
 1785.7 1788.9  0.3896324 20.5401878  0.8578239
 1788.9 1792.1  0.3895160 20.5465755  0.8576483
 1792.1 1795.3  0.3894007 20.5529213  0.8574721
 1795.3 1798.6  0.3892853 20.5592670  0.8572958
 1798.6 1801.8  0.3891663 20.5658092  0.8571140
 1801.8 1805.1  0.3890509 20.5721550  0.8569376
 1805.1 1808.3  0.3889401 20.5784245  0.8567420
 1808.3 1811.6  0.3888332 20.5844860  0.8565514
 1811.6 1814.9  0.3887229 20.5907364  0.8563549
 1814.9 1818.2  0.3886126 20.5969868  0.8561584
 1818.2 1821.5  0.3885033 20.6031971  0.8559617
 1821.5 1824.8  0.3884089 20.6087761  0.8557619
 1824.8 1828.2  0.3883145 20.6143532  0.8555621
 1828.2 1831.5  0.3882173 20.6201019  0.8553562
 1831.5 1834.9  0.3881229 20.6256790  0.8551564
 1834.9 1838.2  0.3880257 20.6314259  0.8549506
 1838.2 1841.6  0.3879443 20.6365204  0.8547410
 1841.6 1845.0  0.3878610 20.6417522  0.8545249
 1845.0 1848.4  0.3877776 20.6469860  0.8543086
 1848.4 1851.9  0.3876943 20.6522179  0.8540924
 1851.9 1855.3  0.3876084 20.6576042  0.8538699
 1855.3 1858.7  0.3875376 20.6624546  0.8536363
 1858.7 1862.2  0.3874671 20.6672935  0.8534022
 1862.2 1865.7  0.3873945 20.6722736  0.8531612
 1865.7 1869.2  0.3873219 20.6772537  0.8529203
 1869.2 1872.7  0.3872504 20.6821938  0.8526790
 1872.7 1876.2  0.3871958 20.6864815  0.8524328
 1876.2 1879.7  0.3871413 20.6907692  0.8521866
 1879.7 1883.2  0.3870867 20.6950569  0.8519403
 1883.2 1886.8  0.3870322 20.6993446  0.8516940
 1886.8 1890.4  0.3869761 20.7037563  0.8514408
 1890.4 1893.9  0.3869366 20.7076111  0.8511747
 1893.9 1897.5  0.3868991 20.7113285  0.8509153
 1897.5 1901.1  0.3868606 20.7151527  0.8506485
 1901.1 1904.8  0.3868220 20.7189751  0.8503817
 1904.8 1908.4  0.3867824 20.7229061  0.8501074
 1908.4 1912.0  0.3867612 20.7262402  0.8498194
 1912.0 1915.7  0.3867409 20.7295456  0.8495302
 1915.7 1919.4  0.3867201 20.7329426  0.8492330
 1919.4 1923.1  0.3866993 20.7363415  0.8489357
 1923.1 1926.8  0.3866790 20.7397194  0.8486383
 1926.8 1930.5  0.3866789 20.7423954  0.8483332
 1930.5 1934.2  0.3866788 20.7450714  0.8480282
 1934.2 1938.0  0.3866786 20.7477474  0.8477232
 1938.0 1941.7  0.3866785 20.7504940  0.8474099
 1941.7 1945.5  0.3866784 20.7531700  0.8471049
 1945.5 1949.3  0.3866986 20.7553024  0.8467756
 1949.3 1953.1  0.3867205 20.7573833  0.8464449
 1953.1 1956.9  0.3867425 20.7594624  0.8461142
 1956.9 1960.8  0.3867644 20.7615433  0.8457835
 1960.8 1964.6  0.3867869 20.7636776  0.8454441
 1964.6 1968.5  0.3868308 20.7651749  0.8450877
 1968.5 1972.4  0.3868770 20.7666798  0.8447205
 1972.4 1976.3  0.3869232 20.7681847  0.8443532
 1976.3 1980.2  0.3869694 20.7696896  0.8439860
 1980.2 1984.1  0.3870166 20.7711639  0.8436183
 1984.1 1988.1  0.3870812 20.7720566  0.8432434
 1988.1 1992.0  0.3871474 20.7729721  0.8428587
 1992.0 1996.0  0.3872120 20.7738647  0.8424836
 1996.0 2000.0  0.3872783 20.7747803  0.8420990
 2000.0 2004.0  0.3873445 20.7756958  0.8417144
 2004.0 2008.0  0.3874295 20.7761364  0.8413031
 2008.0 2012.1  0.3875145 20.7765770  0.8408917
 2012.1 2016.1  0.3876016 20.7770290  0.8404701
 2016.1 2020.2  0.3876866 20.7774715  0.8400588
 2020.2 2024.3  0.3877742 20.7779045  0.8396369
 2024.3 2028.4  0.3878717 20.7779865  0.8392103
 2028.4 2032.5  0.3879692 20.7780704  0.8387838
 2032.5 2036.7  0.3880666 20.7781525  0.8383573
 2036.7 2040.8  0.3881665 20.7782383  0.8379203
 2040.8 2045.0  0.3882640 20.7783203  0.8374937
 2045.0 2049.2  0.3883716 20.7781868  0.8370435
 2049.2 2053.4  0.3884797 20.7780418  0.8365927
 2053.4 2057.6  0.3885878 20.7778969  0.8361419
 2057.6 2061.9  0.3886959 20.7777519  0.8356910
 2061.9 2066.1  0.3888066 20.7776031  0.8352295
 2066.1 2070.4  0.3889205 20.7773743  0.8347561
 2070.4 2074.7  0.3890372 20.7771378  0.8342708
 2074.7 2079.0  0.3891540 20.7769032  0.8337857
 2079.0 2083.3  0.3892708 20.7766666  0.8333004
 2083.3 2087.7  0.3893874 20.7764359  0.8328145
 2087.7 2092.1  0.3895046 20.7762833  0.8323076
 2092.1 2096.4  0.3896218 20.7761288  0.8318008
 2096.4 2100.8  0.3897363 20.7759781  0.8313054
 2100.8 2105.3  0.3898535 20.7758236  0.8307986
 2105.3 2109.7  0.3899727 20.7756844  0.8302804
 2109.7 2114.2  0.3900793 20.7757969  0.8297763
 2114.2 2118.6  0.3901884 20.7759094  0.8292608
 2118.6 2123.1  0.3902951 20.7760220  0.8287567
 2123.1 2127.7  0.3904041 20.7761364  0.8282412
 2127.7 2132.2  0.3905156 20.7762527  0.8277143
 2132.2 2136.8  0.3906111 20.7767982  0.8271928
 2136.8 2141.3  0.3907077 20.7773895  0.8266594
 2141.3 2145.9  0.3908023 20.7779655  0.8261376
 2145.9 2150.5  0.3908989 20.7785549  0.8256042
 2150.5 2155.2  0.3909955 20.7791443  0.8250708
 2155.2 2159.8  0.3910775 20.7804871  0.8244902
 2159.8 2164.5  0.3911557 20.7818871  0.8239177
 2164.5 2169.2  0.3912357 20.7833176  0.8233329
 2169.2 2173.9  0.3913157 20.7847481  0.8227480
 2173.9 2178.6  0.3913957 20.7861786  0.8221632
 2178.6 2183.4  0.3914397 20.7882137  0.8216537
 2183.4 2188.2  0.3914839 20.7903080  0.8211351
 2188.2 2193.0  0.3915280 20.7924004  0.8206164
 2193.0 2197.8  0.3915722 20.7944927  0.8200978
 2197.8 2202.6  0.3916164 20.7965851  0.8195792
 2202.6 2207.5  0.3916408 20.7995834  0.8190175
 2207.5 2212.4  0.3916487 20.8034248  0.8184069
 2212.4 2217.3  0.3916565 20.8072643  0.8177964
 2217.3 2222.2  0.3916644 20.8111057  0.8171858
 2222.2 2227.2  0.3916703 20.8150005  0.8165766
 2227.2 2232.1  0.3916288 20.8202591  0.8159871
 2232.1 2237.1  0.3915881 20.8254108  0.8154092
 2237.1 2242.2  0.3915466 20.8306694  0.8148196
 2242.2 2247.2  0.3915043 20.8360329  0.8142182
 2247.2 2252.3  0.3914604 20.8413601  0.8136294
 2252.3 2257.3  0.3913579 20.8484898  0.8130488
 2257.3 2262.4  0.3912574 20.8554821  0.8124796
 2262.4 2267.6  0.3911549 20.8626118  0.8118990
 2267.6 2272.7  0.3910503 20.8698826  0.8113070
 2272.7 2277.9  0.3909478 20.8770142  0.8107263
 2277.9 2283.1  0.3907697 20.8866158  0.8101366
 2283.1 2288.3  0.3905870 20.8963604  0.8095469
 2288.3 2293.6  0.3904044 20.9061050  0.8089573
 2293.6 2298.9  0.3902182 20.9160366  0.8083563
 2298.9 2304.1  0.3900320 20.9259682  0.8077554
 2304.1 2309.5  0.3897693 20.9380856  0.8071938
 2309.5 2314.8  0.3894949 20.9507179  0.8066111
 2314.8 2320.2  0.3892256 20.9631176  0.8060392
 2320.2 2325.6  0.3889512 20.9757500  0.8054566
 2325.6 2331.0  0.3886767 20.9883842  0.8048739
 2331.0 2336.4  0.3883002 21.0042114  0.8043033
 2336.4 2341.9  0.3879154 21.0202942  0.8037336
 2341.9 2347.4  0.3875236 21.0366745  0.8031533
 2347.4 2352.9  0.3871317 21.0530548  0.8025730
 2352.9 2358.5  0.3867398 21.0694370  0.8019928
 2358.5 2364.1  0.3862246 21.0897064  0.8014324
 2364.1 2369.7  0.3857073 21.1100426  0.8008725
 2369.7 2375.3  0.3851899 21.1303768  0.8003127
 2375.3 2381.0  0.3846726 21.1507111  0.7997528
 2381.0 2386.6  0.3841460 21.1714096  0.7991830
 2386.6 2392.3  0.3835455 21.1945553  0.7986732
 2392.3 2398.1  0.3829344 21.2181149  0.7981542
 2398.1 2403.8  0.3823124 21.2420864  0.7976262
 2403.8 2409.6  0.3817013 21.2656460  0.7971073
 2409.6 2415.5  0.3810794 21.2896175  0.7965792
 2415.5 2421.3  0.3804083 21.3162594  0.7960896
 2421.3 2427.2  0.3797459 21.3426094  0.7956117
 2427.2 2433.1  0.3790721 21.3694134  0.7951256
 2433.1 2439.0  0.3783982 21.3962193  0.7946394
 2439.0 2445.0  0.3777244 21.4230232  0.7941533
 2445.0 2451.0  0.3770958 21.4504719  0.7937397
 2451.0 2457.0  0.3764672 21.4779205  0.7933260
 2457.0 2463.1  0.3758386 21.5053711  0.7929124
 2463.1 2469.1  0.3751995 21.5332775  0.7924919
 2469.1 2475.2  0.3745734 21.5606976  0.7920800
 2475.2 2481.4  0.3740877 21.5868130  0.7917639
 2481.4 2487.6  0.3735940 21.6133595  0.7914426
 2487.6 2493.8  0.3731003 21.6399059  0.7911213
 2493.8 2500.0  0.3726067 21.6664524  0.7908000
 2500.0 2506.3  0.3721130 21.6929970  0.7904787
 2506.3 2512.6  0.3718767 21.7156086  0.7902861
 2512.6 2518.9  0.3716405 21.7382202  0.7900934
 2518.9 2525.3  0.3714043 21.7608318  0.7899007
 2525.3 2531.6  0.3711642 21.7838020  0.7897050
 2531.6 2538.1  0.3709280 21.8064137  0.7895123
 2538.1 2544.5  0.3710465 21.8238869  0.7894636
 2544.5 2551.0  0.3711865 21.8407135  0.7894253
 2551.0 2557.5  0.3713287 21.8578014  0.7893863
 2557.5 2564.1  0.3714710 21.8748913  0.7893474
 2564.1 2570.7  0.3716236 21.8920994  0.7893109
 2570.7 2577.3  0.3723086 21.9000664  0.7894708
 2577.3 2584.0  0.3729936 21.9080315  0.7896307
 2584.0 2590.7  0.3736891 21.9161186  0.7897929
 2590.7 2597.4  0.3743845 21.9242039  0.7899552
 2597.4 2604.2  0.3751178 21.9315548  0.7901306
 2604.2 2611.0  0.3764680 21.9272289  0.7905173
 2611.0 2617.8  0.3778182 21.9229050  0.7909040
 2617.8 2624.7  0.3791685 21.9185791  0.7912907
 2624.7 2631.6  0.3805385 21.9141903  0.7916831
 2631.6 2638.5  0.3819086 21.9098015  0.7920755
 2638.5 2645.5  0.3840120 21.8918915  0.7926941
 2645.5 2652.5  0.3861918 21.8728771  0.7933357
 2652.5 2659.6  0.3883715 21.8538628  0.7939774
 2659.6 2666.7  0.3905824 21.8345776  0.7946283
 2666.7 2673.8  0.3927932 21.8152905  0.7952791
 2673.8 2681.0  0.3957009 21.7826729  0.7961109
 2681.0 2688.2  0.3986807 21.7489967  0.7969625
 2688.2 2695.4  0.4016604 21.7153225  0.7978141
 2695.4 2702.7  0.4046402 21.6816483  0.7986657
 2702.7 2710.0  0.4076614 21.6475067  0.7995291
 2710.0 2717.4  0.4113236 21.6008720  0.8005137
 2717.4 2724.8  0.4150636 21.5530586  0.8015171
 2724.8 2732.2  0.4188039 21.5052433  0.8025206
 2732.2 2739.7  0.4225440 21.4574280  0.8035240
 2739.7 2747.3  0.4263346 21.4089661  0.8045409
 2747.3 2754.8  0.4307595 21.3481979  0.8056247
 2754.8 2762.4  0.4351497 21.2877541  0.8066964
 2762.4 2770.1  0.4395984 21.2265072  0.8077822
 2770.1 2777.8  0.4441058 21.1644516  0.8088825
 2777.8 2785.5  0.4486131 21.1023979  0.8099828
 2785.5 2793.3  0.4536271 21.0298481  0.8110564
 2793.3 2801.1  0.4587201 20.9560719  0.8121433
 2801.1 2809.0  0.4638130 20.8822956  0.8132302
 2809.0 2816.9  0.4689712 20.8075752  0.8143310
 2816.9 2824.9  0.4741293 20.7328529  0.8154318
 2824.9 2832.9  0.4798562 20.6466484  0.8164359
 2832.9 2840.9  0.4855894 20.5603104  0.8174386
 2840.9 2849.0  0.4913226 20.4739704  0.8184413
 2849.0 2857.1  0.4971276 20.3865509  0.8194565
 2857.1 2865.3  0.5029348 20.2990627  0.8204687
 2865.3 2873.6  0.5089961 20.2048798  0.8212446
 2873.6 2881.8  0.5151313 20.1095486  0.8220299
 2881.8 2890.2  0.5211926 20.0153656  0.8228059
 2890.2 2898.6  0.5274017 19.9188862  0.8236007
 2898.6 2907.0  0.5336109 19.8224030  0.8243955
 2907.0 2915.5  0.5401722 19.7176857  0.8248689
 2915.5 2924.0  0.5468295 19.6113014  0.8253315
 2924.0 2932.6  0.5534869 19.5049191  0.8257942
 2932.6 2941.2  0.5602226 19.3972836  0.8262624
 2941.2 2949.9  0.5669582 19.2895851  0.8267209
 2949.9 2958.6  0.5737790 19.1778564  0.8267791
 2958.6 2967.4  0.5806000 19.0661259  0.8268372
 2967.4 2976.2  0.5874990 18.9531155  0.8268960
 2976.2 2985.1  0.5943983 18.8401031  0.8269548
 2985.1 2994.0  0.6013763 18.7257690  0.8270100
 2994.0 3003.0  0.6083810 18.6084042  0.8266871
 3003.0 3012.0  0.6154644 18.4897194  0.8263606
 3012.0 3021.1  0.6225479 18.3710346  0.8260340
 3021.1 3030.3  0.6297101 18.2510300  0.8257039
 3030.3 3039.5  0.6369417 18.1297836  0.8253604
 3039.5 3048.8  0.6438973 18.0107880  0.8247296
 3048.8 3058.1  0.6509287 17.8904953  0.8240920
 3058.1 3067.5  0.6579600 17.7702045  0.8234544
 3067.5 3076.9  0.6650668 17.6486206  0.8228099
 3076.9 3086.4  0.6721736 17.5270386  0.8221654
 3086.4 3096.0  0.6790375 17.4071579  0.8212924
 3096.0 3105.6  0.6859701 17.2860451  0.8204077
 3105.6 3115.3  0.6929028 17.1649323  0.8195231
 3115.3 3125.0  0.6999076 17.0425606  0.8186292
 3125.0 3134.8  0.7069124 16.9201889  0.8177354
 3134.8 3144.7  0.7132579 16.8068447  0.8167416
 3144.7 3154.6  0.7196681 16.6923447  0.8157377
 3154.6 3164.6  0.7260785 16.5778427  0.8147339
 3164.6 3174.6  0.7325534 16.4621868  0.8137198
 3174.6 3184.7  0.7390285 16.3465290  0.8127058
 3184.7 3194.9  0.7447828 16.2410984  0.8116858
 3194.9 3205.1  0.7505615 16.1350975  0.8106560
 3205.1 3215.4  0.7563403 16.0290947  0.8096260
 3215.4 3225.8  0.7621756 15.9220552  0.8085861
 3225.8 3236.2  0.7679911 15.8151245  0.8075441
 3236.2 3246.8  0.7728869 15.7220182  0.8065997
 3246.8 3257.3  0.7778771 15.6271191  0.8056371
 3257.3 3268.0  0.7828201 15.5331154  0.8046837
 3268.0 3278.7  0.7878572 15.4373226  0.8037120
 3278.7 3289.5  0.7925483 15.3466330  0.8027893
 3289.5 3300.3  0.7966223 15.2648401  0.8019513
 3300.3 3311.3  0.8006963 15.1830473  0.8011132
 3311.3 3322.3  0.8048458 15.0997400  0.8002598
 3322.3 3333.3  0.8089952 15.0164328  0.7994062
 3333.3 3344.5  0.8124908 14.9420729  0.7986466
 3344.5 3355.7  0.8158333 14.8693256  0.7979042
 3355.7 3367.0  0.8191757 14.7965775  0.7971618
 3367.0 3378.4  0.8225481 14.7231798  0.7964128
 3378.4 3389.8  0.8255692 14.6562386  0.7957316
 3389.8 3401.4  0.8276937 14.6060133  0.7952257
 3401.4 3413.0  0.8298554 14.5549088  0.7947108
 3413.0 3424.7  0.8320172 14.5038033  0.7941960
 3424.7 3436.4  0.8341976 14.4522581  0.7936767
 3436.4 3448.3  0.8393455 14.3010569  0.7922527
 3448.3 3460.2  0.8446608 14.1446009  0.7907799
 3460.2 3472.2  0.8468977 14.0689955  0.7901117
 3472.2 3484.3  0.8486360 14.0063419  0.7895730
 3484.3 3496.5  0.8503888 13.9431667  0.7890298
 3496.5 3508.8  0.8521562 13.8794699  0.7884822
 3508.8 3521.1  0.8539379 13.8152494  0.7879300
 3521.1 3533.6  0.8557197 13.7510300  0.7873778
 3533.6 3546.1  0.8575305 13.6857662  0.7868167
 3546.1 3558.7  0.8593413 13.6205025  0.7862555
 3558.7 3571.4  0.8608389 13.5538025  0.7857417
 3571.4 3584.2  0.8622006 13.4861603  0.7852473
 3584.2 3597.1  0.8635730 13.4179850  0.7847490
 3597.1 3610.1  0.8649561 13.3492756  0.7842467
 3610.1 3623.2  0.8663499 13.2800350  0.7837406
 3623.2 3636.4  0.8677544 13.2102623  0.7832306
 3636.4 3649.6  0.8691697 13.1399574  0.7827167
 3649.6 3663.0  0.8705850 13.0696497  0.7822028
 3663.0 3676.5  0.8717392 12.9970722  0.7817549
 3676.5 3690.0  0.8728933 12.9239149  0.7813059
 3690.0 3703.7  0.8740475 12.8507566  0.7808570
 3703.7 3717.5  0.8752187 12.7765160  0.7804013
 3717.5 3731.3  0.8763985 12.7017317  0.7799424
 3731.3 3745.3  0.8775783 12.6269484  0.7794834
 3745.3 3759.4  0.8787752 12.5510817  0.7790178
 3759.4 3773.6  0.8798888 12.4747000  0.7786059
 3773.6 3787.9  0.8809641 12.3977890  0.7782198
 3787.9 3802.3  0.8820469 12.3203382  0.7778309
 3802.3 3816.8  0.8831373 12.2423439  0.7774393
 3816.8 3831.4  0.8842353 12.1638088  0.7770450
 3831.4 3846.2  0.8853409 12.0847340  0.7766480
 3846.2 3861.0  0.8864616 12.0045738  0.7762455
 3861.0 3876.0  0.8875535 11.9254303  0.7759081
 3876.0 3891.1  0.8886499 11.8455734  0.7755890
 3891.1 3906.2  0.8897536 11.7651844  0.7752677
 3906.2 3921.6  0.8908573 11.6847963  0.7749464
 3921.6 3937.0  0.8919830 11.6028099  0.7746187
 3937.0 3952.6  0.8931087 11.5208244  0.7742910
 3952.6 3968.3  0.8942447 11.4382315  0.7739720
 3968.3 3984.1  0.8953667 11.3574181  0.7737160
 3984.1 4000.0  0.8964959 11.2760897  0.7734584
 4000.0 4016.1  0.8976322 11.1942472  0.7731992
 4016.1 4032.3  0.8987828 11.1113739  0.7729366
 4032.3 4048.6  0.8999406 11.0279875  0.7726725
 4048.6 4065.0  0.9011055 10.9440851  0.7724068
 4065.0 4081.6  0.9022374 10.8633480  0.7721976
 4081.6 4098.4  0.9033793 10.7819719  0.7719914
 4098.4 4115.2  0.9045349 10.6996174  0.7717828
 4115.2 4132.2  0.9056906 10.6172609  0.7715741
 4132.2 4149.4  0.9068601 10.5339251  0.7713629
 4149.4 4166.7  0.9080432 10.4496107  0.7711493
 4166.7 4184.1  0.9091719 10.3691578  0.7709842
 4184.1 4201.7  0.9103050 10.2883987  0.7708199
 4201.7 4219.4  0.9114510 10.2067118  0.7706537
 4219.4 4237.3  0.9126035 10.1245613  0.7704866
 4237.3 4255.3  0.9137691 10.0414820  0.7703176
 4255.3 4273.5  0.9149164  9.9591837  0.7701595
 4273.5 4291.8  0.9160166  9.8789864  0.7700284
 4291.8 4310.3  0.9171230  9.7983503  0.7698966
 4310.3 4329.0  0.9182413  9.7168312  0.7697634
 4329.0 4347.8  0.9193718  9.6344309  0.7696287
 4347.8 4366.8  0.9205083  9.5515919  0.7694933
 4366.8 4386.0  0.9215655  9.4713783  0.7693836
 4386.0 4405.3  0.9226216  9.3907843  0.7692764
 4405.3 4424.8  0.9236833  9.3097725  0.7691687
 4424.8 4444.4  0.9247560  9.2279196  0.7690598
 4444.4 4464.3  0.9258342  9.1456470  0.7689504
 4464.3 4484.3  0.9268524  9.0647697  0.7688568
 4484.3 4504.5  0.9278457  8.9845295  0.7687697
 4504.5 4524.9  0.9288490  8.9034872  0.7686816
 4524.9 4545.5  0.9298621  8.8216429  0.7685928
 4545.5 4566.2  0.9308852  8.7389956  0.7685030
 4566.2 4587.2  0.9318386  8.6586256  0.7684290
 4587.2 4608.3  0.9327847  8.5778465  0.7683585
 4608.3 4629.6  0.9337354  8.4966850  0.7682876
 4629.6 4651.2  0.9346950  8.4147511  0.7682161
 4651.2 4672.9  0.9356635  8.3318443  0.7681445
 4672.9 4694.8  0.9365559  8.2516298  0.7680894
 4694.8 4717.0  0.9374564  8.1706753  0.7680337
 4717.0 4739.3  0.9383694  8.0886106  0.7679772
 4739.3 4761.9  0.9392865  8.0061779  0.7679206
 4761.9 4784.7  0.9401757  7.9242935  0.7678710
 4784.7 4807.7  0.9410365  7.8431883  0.7678280
 4807.7 4830.9  0.9419048  7.7613721  0.7677847
 4830.9 4854.4  0.9427806  7.6788459  0.7677410
 4854.4 4878.0  0.9436550  7.5958366  0.7676991
 4878.0 4902.0  0.9444771  7.5150256  0.7676671
 4902.0 4926.1  0.9453131  7.4328451  0.7676344
 4926.1 4950.5  0.9461526  7.3503222  0.7676017
 4950.5 4975.1  0.9470013  7.2668381  0.7675687
 4975.1 5000.0  0.9477952  7.1858220  0.7675452
 5000.0 5025.1  0.9485989  7.1038184  0.7675214
 5025.1 5050.5  0.9494089  7.0211558  0.7674974
 5050.5 5076.1  0.9502276  6.9375725  0.7674732
 5076.1 5102.0  0.9509956  6.8566618  0.7674564
 5102.0 5128.2  0.9517726  6.7748041  0.7674393
 5128.2 5154.6  0.9525585  6.6919971  0.7674221
 5154.6 5181.3  0.9533410  6.6091971  0.7674056
 5181.3 5208.3  0.9540868  6.5285177  0.7673932
 5208.3 5235.6  0.9548410  6.4469309  0.7673808
 5235.6 5263.2  0.9556036  6.3644366  0.7673682
 5263.2 5291.0  0.9563493  6.2830057  0.7673568
 5291.0 5319.1  0.9570725  6.2031503  0.7673470
 5319.1 5347.6  0.9578035  6.1224318  0.7673370
 5347.6 5376.3  0.9585450  6.0405645  0.7673268
 5376.3 5405.4  0.9592434  5.9624438  0.7673171
 5405.4 5434.8  0.9599471  5.8836322  0.7673073
 5434.8 5464.5  0.9606581  5.8040090  0.7672974
 5464.5 5494.5  0.9613502  5.7262464  0.7672864
 5494.5 5524.9  0.9620215  5.6505294  0.7672742
 5524.9 5555.6  0.9627018  5.5738034  0.7672618
 5555.6 5586.6  0.9633789  5.4974461  0.7672485
 5586.6 5618.0  0.9640175  5.4254422  0.7672314
 5618.0 5649.7  0.9646644  5.3525090  0.7672141
 5649.7 5681.8  0.9653174  5.2788782  0.7671967
 5681.8 5714.3  0.9659272  5.2104173  0.7671737
 5714.3 5747.1  0.9665442  5.1411605  0.7671505
 5747.1 5780.3  0.9671667  5.0712638  0.7671270
 5780.3 5814.0  0.9677558  5.0053997  0.7670988
 5814.0 5848.0  0.9683498  4.9390173  0.7670698
 5848.0 5882.4  0.9689490  4.8720441  0.7670406
 5882.4 5917.2  0.9695192  4.8085585  0.7670072
 5917.2 5952.4  0.9700938  4.7446012  0.7669731
 5952.4 5988.0  0.9706728  4.6801662  0.7669384
 5988.0 6024.1  0.9712284  4.6185427  0.7668999
 6024.1 6060.6  0.9717917  4.5560536  0.7668610
 6060.6 6097.6  0.9723536  4.4937739  0.7668207
 6097.6 6135.0  0.9729041  4.4328747  0.7667776
 6135.0 6172.8  0.9734606  4.3713169  0.7667342
 6172.8 6211.2  0.9740099  4.3106050  0.7666886
 6211.2 6250.0  0.9745594  4.2499332  0.7666414
 6250.0 6289.3  0.9751145  4.1886301  0.7665936
 6289.3 6329.1  0.9756599  4.1284580  0.7665429
 6329.1 6369.4  0.9762123  4.0675197  0.7664915
 6369.4 6410.3  0.9767656  4.0064631  0.7664387
 6410.3 6451.6  0.9773207  3.9452050  0.7663839
 6451.6 6493.5  0.9778810  3.8833773  0.7663287
 6493.5 6535.9  0.9784418  3.8214107  0.7662711
 6535.9 6578.9  0.9790093  3.7587047  0.7662128
 6578.9 6622.5  0.9795825  3.6952538  0.7661527
 6622.5 6666.7  0.9801626  3.6309879  0.7660915
 6666.7 6711.4  0.9807512  3.5656900  0.7660289
 6711.4 6756.8  0.9813472  3.4994087  0.7659650
 6756.8 6802.7  0.9819534  3.4319377  0.7659001
 6802.7 6849.3  0.9825717  3.3628538  0.7658336
 6849.3 6896.6  0.9831993  3.2927175  0.7657660
 6896.6 6944.4  0.9838440  3.2202375  0.7656964
 6944.4 6993.0  0.9844958  3.1469724  0.7656260
 6993.0 7042.3  0.9851621  3.0716286  0.7655529
 7042.3 7092.2  0.9858385  2.9950874  0.7654784
 7092.2 7142.9  0.9865215  2.9173398  0.7654005
 7142.9 7194.2  0.9872150  2.8382959  0.7653207
 7194.2 7246.4  0.9879093  2.7586143  0.7652362
 7246.4 7299.3  0.9886144  2.6775849  0.7651495
 7299.3 7352.9  0.9893139  2.5964651  0.7650559
 7352.9 7407.4  0.9900202  2.5144451  0.7649602
 7407.4 7462.7  0.9907148  2.4328167  0.7648553
 7462.7 7518.8  0.9914119  2.3506184  0.7647465
 7518.8 7575.8  0.9920926  2.2693706  0.7646282
 7575.8 7633.6  0.9927638  2.1885262  0.7645022
 7633.6 7692.3  0.9934193  2.1086409  0.7643671
 7692.3 7751.9  0.9940429  2.0311067  0.7642183
 7751.9 7812.5  0.9946571  1.9540005  0.7640620
 7812.5 7874.0  0.9952094  1.8818423  0.7638835
 7874.0 7936.5  0.9957337  1.8117599  0.7636926
 7936.5 8000.0  0.9962093  1.7455357  0.7634833
 8000.0 8064.5  0.9966013  1.6862508  0.7632465
 8064.5 8130.1  0.9969425  1.6310363  0.7629911
 8130.1 8196.7  0.9971775  1.5847358  0.7627018
 8196.7 8264.5  0.9972926  1.5486426  0.7623757
 8264.5 8333.3  0.9973100  1.5207059  0.7620177
 8333.3 8403.4  0.9971560  1.5075475  0.7616096
 8403.4 8474.6  0.9967959  1.5121249  0.7611408
 8474.6 8547.0  0.9963657  1.5224866  0.7606479
 8547.0 8620.7  0.9959282  1.5330232  0.7601466
 8620.7 8695.7  0.9954828  1.5437489  0.7596364
 8695.7 8771.9  0.9950296  1.5546638  0.7591172
 8771.9 8849.6  0.9945692  1.5657533  0.7585896
 8849.6 8928.6  0.9940997  1.5770611  0.7580518
 8928.6 9009.0  0.9936223  1.5885581  0.7575048
 9009.0 9090.9  0.9931365  1.6002589  0.7569482
 9090.9 9174.3  0.9926416  1.6121781  0.7563812
 9174.3 9259.3  0.9921376  1.6243153  0.7558038
 9259.3 9345.8  0.9916239  1.6366855  0.7552153
 9345.8 9434.0  0.9911013  1.6492740  0.7546165
 9434.0 9523.8  0.9905683  1.6621100  0.7540058
 9523.8 9615.4  0.9900256  1.6751788  0.7533842
 9615.4 9708.7  0.9894722  1.6885095  0.7527500
 9708.7 9803.9  0.9889084  1.7020876  0.7521041
 9803.9 9901.0  0.9883331  1.7159423  0.7514450
 9901.0 9911.0  0.9877464  1.7300733  0.7507728
