 1176.5 1177.9  0.3271462 32.4157028  0.9382442
 1177.9 1179.2  0.3269408 32.4424820  0.9382589
 1179.2 1180.6  0.3267501 32.4673424  0.9382726
 1180.6 1182.0  0.3265447 32.4941177  0.9382873
 1182.0 1183.4  0.3263393 32.5208931  0.9383020
 1183.4 1184.8  0.3261340 32.5476685  0.9383168
 1184.8 1186.2  0.3259286 32.5744438  0.9383315
 1186.2 1187.6  0.3257232 32.6012192  0.9383462
 1187.6 1189.1  0.3255178 32.6279945  0.9383609
 1189.1 1190.5  0.3252978 32.6566811  0.9383767
 1190.5 1191.9  0.3250924 32.6834602  0.9383914
 1191.9 1193.3  0.3248870 32.7102356  0.9384062
 1193.3 1194.7  0.3246816 32.7370110  0.9384209
 1194.7 1196.2  0.3244762 32.7637825  0.9384356
 1196.2 1197.6  0.3242562 32.7924728  0.9384513
 1197.6 1199.0  0.3240508 32.8192482  0.9384661
 1199.0 1200.5  0.3238454 32.8460236  0.9384809
 1200.5 1201.9  0.3236254 32.8747101  0.9384966
 1201.9 1203.4  0.3234200 32.9014893  0.9385113
 1203.4 1204.8  0.3231999 32.9301758  0.9385271
 1204.8 1206.3  0.3229945 32.9569511  0.9385418
 1206.3 1207.7  0.3227745 32.9856377  0.9385576
 1207.7 1209.2  0.3225691 33.0124130  0.9385723
 1209.2 1210.7  0.3223491 33.0410995  0.9385881
 1210.7 1212.1  0.3221290 33.0697899  0.9386039
 1212.1 1213.6  0.3219236 33.0965652  0.9386186
 1213.6 1215.1  0.3217036 33.1252518  0.9386344
 1215.1 1216.5  0.3214835 33.1539421  0.9386501
 1216.5 1218.0  0.3212782 33.1807175  0.9386649
 1218.0 1219.5  0.3210581 33.2094040  0.9386806
 1219.5 1221.0  0.3208380 33.2380943  0.9386964
 1221.0 1222.5  0.3206180 33.2667809  0.9387122
 1222.5 1224.0  0.3203979 33.2954674  0.9387280
 1224.0 1225.5  0.3201779 33.3241577  0.9387438
 1225.5 1227.0  0.3199578 33.3528442  0.9387595
 1227.0 1228.5  0.3197378 33.3815308  0.9387753
 1228.5 1230.0  0.3195177 33.4102211  0.9387911
 1230.0 1231.5  0.3192977 33.4389076  0.9388068
 1231.5 1233.0  0.3190776 33.4675980  0.9388226
 1233.0 1234.6  0.3188576 33.4962845  0.9388384
 1234.6 1236.1  0.3186229 33.5268860  0.9388552
 1236.1 1237.6  0.3184028 33.5555725  0.9388710
 1237.6 1239.2  0.3181828 33.5842590  0.9388868
 1239.2 1240.7  0.3179480 33.6148605  0.9389036
 1240.7 1242.2  0.3177280 33.6435471  0.9389194
 1242.2 1243.8  0.3175079 33.6722374  0.9389352
 1243.8 1245.3  0.3172732 33.7028389  0.9389520
 1245.3 1246.9  0.3170531 33.7315254  0.9389678
 1246.9 1248.4  0.3168184 33.7621269  0.9389846
 1248.4 1250.0  0.3165984 33.7908134  0.9390004
 1250.0 1251.6  0.3163637 33.8214149  0.9390172
 1251.6 1253.1  0.3161289 33.8520126  0.9390340
 1253.1 1254.7  0.3159089 33.8807030  0.9390498
 1254.7 1256.3  0.3156742 33.9113007  0.9390666
 1256.3 1257.9  0.3154394 33.9419060  0.9390835
 1257.9 1259.4  0.3152047 33.9725037  0.9391003
 1259.4 1261.0  0.3149846 34.0011940  0.9391161
 1261.0 1262.6  0.3147500 34.0317917  0.9391329
 1262.6 1264.2  0.3145152 34.0623932  0.9391497
 1264.2 1265.8  0.3142805 34.0929909  0.9391665
 1265.8 1267.4  0.3140458 34.1235962  0.9391834
 1267.4 1269.0  0.3138111 34.1541939  0.9392002
 1269.0 1270.6  0.3135763 34.1847954  0.9392170
 1270.6 1272.3  0.3133416 34.2153969  0.9392338
 1272.3 1273.9  0.3130922 34.2479095  0.9392517
 1273.9 1275.5  0.3128575 34.2785110  0.9392685
 1275.5 1277.1  0.3126228 34.3091087  0.9392853
 1277.1 1278.8  0.3123881 34.3397102  0.9393022
 1278.8 1280.4  0.3121386 34.3722229  0.9393200
 1280.4 1282.1  0.3119039 34.4028244  0.9393369
 1282.1 1283.7  0.3116545 34.4353371  0.9393548
 1283.7 1285.3  0.3114198 34.4659348  0.9393716
 1285.3 1287.0  0.3111851 34.4965401  0.9393884
 1287.0 1288.7  0.3109357 34.5290489  0.9394063
 1288.7 1290.3  0.3106863 34.5615616  0.9394242
 1290.3 1292.0  0.3104516 34.5921631  0.9394410
 1292.0 1293.7  0.3102022 34.6246758  0.9394588
 1293.7 1295.3  0.3099528 34.6571884  0.9394767
 1295.3 1297.0  0.3097181 34.6877899  0.9394936
 1297.0 1298.7  0.3094687 34.7203026  0.9395115
 1298.7 1300.4  0.3092193 34.7528152  0.9395294
 1300.4 1302.1  0.3089888 34.7829094  0.9395441
 1302.1 1303.8  0.3088195 34.8051338  0.9395489
 1303.8 1305.5  0.3086503 34.8273582  0.9395537
 1305.5 1307.2  0.3084810 34.8495827  0.9395585
 1307.2 1308.9  0.3083118 34.8718071  0.9395633
 1308.9 1310.6  0.3081425 34.8940315  0.9395681
 1310.6 1312.3  0.3079733 34.9162560  0.9395729
 1312.3 1314.1  0.3078040 34.9384804  0.9395777
 1314.1 1315.8  0.3076248 34.9620132  0.9395828
 1315.8 1317.5  0.3074556 34.9842377  0.9395876
 1317.5 1319.3  0.3072864 35.0064621  0.9395924
 1319.3 1321.0  0.3071072 35.0299950  0.9395975
 1321.0 1322.8  0.3069379 35.0522194  0.9396023
 1322.8 1324.5  0.3067587 35.0757523  0.9396073
 1324.5 1326.3  0.3065895 35.0979729  0.9396122
 1326.3 1328.0  0.3064103 35.1215057  0.9396172
 1328.0 1329.8  0.3062410 35.1437302  0.9396220
 1329.8 1331.6  0.3060618 35.1672630  0.9396271
 1331.6 1333.3  0.3058826 35.1907959  0.9396322
 1333.3 1335.1  0.3057134 35.2130203  0.9396369
 1335.1 1336.9  0.3055342 35.2365494  0.9396421
 1336.9 1338.7  0.3053550 35.2600822  0.9396471
 1338.7 1340.5  0.3051758 35.2836151  0.9396522
 1340.5 1342.3  0.3049966 35.3071480  0.9396573
 1342.3 1344.1  0.3048174 35.3306808  0.9396623
 1344.1 1345.9  0.3046382 35.3542099  0.9396675
 1345.9 1347.7  0.3044590 35.3777428  0.9396725
 1347.7 1349.5  0.3042798 35.4012756  0.9396776
 1349.5 1351.4  0.3041006 35.4248047  0.9396827
 1351.4 1353.2  0.3039229 35.4482193  0.9396839
 1353.2 1355.0  0.3037585 35.4699135  0.9396836
 1355.0 1356.9  0.3035941 35.4916077  0.9396833
 1356.9 1358.7  0.3034206 35.5145111  0.9396830
 1358.7 1360.5  0.3032562 35.5362053  0.9396827
 1360.5 1362.4  0.3030918 35.5579033  0.9396824
 1362.4 1364.3  0.3029183 35.5808029  0.9396821
 1364.3 1366.1  0.3027447 35.6037064  0.9396818
 1366.1 1368.0  0.3025804 35.6254005  0.9396815
 1368.0 1369.9  0.3024068 35.6483002  0.9396812
 1369.9 1371.7  0.3022333 35.6712036  0.9396809
 1371.7 1373.6  0.3020689 35.6928978  0.9396806
 1373.6 1375.5  0.3018954 35.7157974  0.9396803
 1375.5 1377.4  0.3017218 35.7387009  0.9396800
 1377.4 1379.3  0.3015483 35.7616005  0.9396796
 1379.3 1381.2  0.3013748 35.7845039  0.9396793
 1381.2 1383.1  0.3012013 35.8074036  0.9396790
 1383.1 1385.0  0.3010277 35.8303032  0.9396787
 1385.0 1387.0  0.3008542 35.8532066  0.9396784
 1387.0 1388.9  0.3006715 35.8773117  0.9396781
 1388.9 1390.8  0.3004980 35.9002151  0.9396778
 1390.8 1392.8  0.3003244 35.9231148  0.9396775
 1392.8 1394.7  0.3001418 35.9472198  0.9396772
 1394.7 1396.6  0.2999683 35.9701233  0.9396768
 1396.6 1398.6  0.2997947 35.9930229  0.9396765
 1398.6 1400.6  0.2996121 36.0171280  0.9396762
 1400.6 1402.5  0.2994341 36.0406494  0.9396743
 1402.5 1404.5  0.2992755 36.0616875  0.9396690
 1404.5 1406.5  0.2991086 36.0838356  0.9396633
 1406.5 1408.5  0.2989417 36.1059799  0.9396577
 1408.5 1410.4  0.2987747 36.1281281  0.9396520
 1410.4 1412.4  0.2986161 36.1491699  0.9396467
 1412.4 1414.4  0.2984492 36.1713142  0.9396411
 1414.4 1416.4  0.2982823 36.1934624  0.9396354
 1416.4 1418.4  0.2981153 36.2156105  0.9396298
 1418.4 1420.5  0.2979484 36.2377548  0.9396241
 1420.5 1422.5  0.2977732 36.2610092  0.9396182
 1422.5 1424.5  0.2976062 36.2831573  0.9396126
 1424.5 1426.5  0.2974393 36.3053055  0.9396070
 1426.5 1428.6  0.2972724 36.3274498  0.9396013
 1428.6 1430.6  0.2970971 36.3507042  0.9395954
 1430.6 1432.7  0.2969301 36.3728523  0.9395897
 1432.7 1434.7  0.2967549 36.3961067  0.9395838
 1434.7 1436.8  0.2965879 36.4182510  0.9395782
 1436.8 1438.8  0.2964126 36.4415092  0.9395723
 1438.8 1440.9  0.2962457 36.4636536  0.9395667
 1440.9 1443.0  0.2960705 36.4869080  0.9395607
 1443.0 1445.1  0.2958952 36.5101624  0.9395548
 1445.1 1447.2  0.2957199 36.5334167  0.9395489
 1447.2 1449.3  0.2955446 36.5566711  0.9395429
 1449.3 1451.4  0.2953693 36.5799255  0.9395370
 1451.4 1453.5  0.2952046 36.6018562  0.9395278
 1453.5 1455.6  0.2950453 36.6231194  0.9395170
 1455.6 1457.7  0.2948859 36.6443863  0.9395061
 1457.7 1459.9  0.2947265 36.6656494  0.9394952
 1459.9 1462.0  0.2945595 36.6879311  0.9394838
 1462.0 1464.1  0.2944001 36.7091942  0.9394730
 1464.1 1466.3  0.2942407 36.7304611  0.9394621
 1466.3 1468.4  0.2940737 36.7527390  0.9394507
 1468.4 1470.6  0.2939143 36.7740059  0.9394398
 1470.6 1472.8  0.2937473 36.7962837  0.9394284
 1472.8 1474.9  0.2935803 36.8185616  0.9394171
 1474.9 1477.1  0.2934209 36.8398285  0.9394062
 1477.1 1479.3  0.2932540 36.8621063  0.9393948
 1479.3 1481.5  0.2930870 36.8843842  0.9393834
 1481.5 1483.7  0.2929200 36.9066620  0.9393720
 1483.7 1485.9  0.2927530 36.9289398  0.9393606
 1485.9 1488.1  0.2925860 36.9512177  0.9393492
 1488.1 1490.3  0.2924190 36.9734955  0.9393378
 1490.3 1492.5  0.2922520 36.9957771  0.9393265
 1492.5 1494.8  0.2920851 37.0180511  0.9393150
 1494.8 1497.0  0.2919105 37.0413437  0.9393032
 1497.0 1499.3  0.2917435 37.0636215  0.9392918
 1499.3 1501.5  0.2915689 37.0869141  0.9392799
 1501.5 1503.8  0.2914129 37.1078072  0.9392654
 1503.8 1506.0  0.2912552 37.1289787  0.9392487
 1506.0 1508.3  0.2911044 37.1492310  0.9392327
 1508.3 1510.6  0.2909466 37.1704025  0.9392161
 1510.6 1512.9  0.2907889 37.1915703  0.9391994
 1512.9 1515.2  0.2906312 37.2127419  0.9391827
 1515.2 1517.5  0.2904735 37.2339134  0.9391661
 1517.5 1519.8  0.2903158 37.2550850  0.9391494
 1519.8 1522.1  0.2901581 37.2762566  0.9391327
 1522.1 1524.4  0.2900003 37.2974243  0.9391161
 1524.4 1526.7  0.2898426 37.3185959  0.9390994
 1526.7 1529.1  0.2896849 37.3397675  0.9390827
 1529.1 1531.4  0.2895204 37.3618584  0.9390653
 1531.4 1533.7  0.2893626 37.3830299  0.9390486
 1533.7 1536.1  0.2892049 37.4042015  0.9390320
 1536.1 1538.5  0.2890404 37.4262924  0.9390146
 1538.5 1540.8  0.2888758 37.4483833  0.9389971
 1540.8 1543.2  0.2887180 37.4695549  0.9389805
 1543.2 1545.6  0.2885535 37.4916458  0.9389631
 1545.6 1548.0  0.2883889 37.5137367  0.9389457
 1548.0 1550.4  0.2882243 37.5358276  0.9389283
 1550.4 1552.8  0.2880626 37.5575562  0.9389102
 1552.8 1555.2  0.2879152 37.5774803  0.9388884
 1555.2 1557.6  0.2877678 37.5974007  0.9388667
 1557.6 1560.1  0.2876204 37.6173248  0.9388450
 1560.1 1562.5  0.2874668 37.6380768  0.9388223
 1562.5 1564.9  0.2873194 37.6580009  0.9388006
 1564.9 1567.4  0.2871720 37.6779213  0.9387788
 1567.4 1569.9  0.2870184 37.6986732  0.9387562
 1569.9 1572.3  0.2868648 37.7194290  0.9387335
 1572.3 1574.8  0.2867174 37.7393494  0.9387118
 1574.8 1577.3  0.2865639 37.7601013  0.9386891
 1577.3 1579.8  0.2864103 37.7808571  0.9386665
 1579.8 1582.3  0.2862568 37.8016090  0.9386438
 1582.3 1584.8  0.2861032 37.8223610  0.9386212
 1584.8 1587.3  0.2859496 37.8431129  0.9385985
 1587.3 1589.8  0.2857961 37.8638649  0.9385759
 1589.8 1592.4  0.2856425 37.8846169  0.9385532
 1592.4 1594.9  0.2854828 37.9062004  0.9385297
 1594.9 1597.4  0.2853293 37.9269524  0.9385070
 1597.4 1600.0  0.2851757 37.9477043  0.9384844
 1600.0 1602.6  0.2850160 37.9692879  0.9384608
 1602.6 1605.1  0.2848748 37.9885254  0.9384328
 1605.1 1607.7  0.2847390 38.0070229  0.9384058
 1607.7 1610.3  0.2845979 38.0262604  0.9383777
 1610.3 1612.9  0.2844567 38.0454979  0.9383497
 1612.9 1615.5  0.2843155 38.0647354  0.9383216
 1615.5 1618.1  0.2841743 38.0839729  0.9382936
 1618.1 1620.7  0.2840331 38.1032104  0.9382655
 1620.7 1623.4  0.2838919 38.1224480  0.9382374
 1623.4 1626.0  0.2837453 38.1424255  0.9382083
 1626.0 1628.7  0.2836041 38.1616631  0.9381802
 1628.7 1631.3  0.2834575 38.1816406  0.9381511
 1631.3 1634.0  0.2833163 38.2008781  0.9381230
 1634.0 1636.7  0.2831697 38.2208557  0.9380939
 1636.7 1639.3  0.2830231 38.2408333  0.9380648
 1639.3 1642.0  0.2828819 38.2600708  0.9380367
 1642.0 1644.7  0.2827353 38.2800484  0.9380075
 1644.7 1647.4  0.2825887 38.3000259  0.9379784
 1647.4 1650.2  0.2824421 38.3200035  0.9379493
 1650.2 1652.9  0.2822915 38.3405342  0.9379187
 1652.9 1655.6  0.2821648 38.3580055  0.9378839
 1655.6 1658.4  0.2820381 38.3754768  0.9378492
 1658.4 1661.1  0.2819067 38.3935928  0.9378132
 1661.1 1663.9  0.2817800 38.4110641  0.9377785
 1663.9 1666.7  0.2816486 38.4291840  0.9377425
 1666.7 1669.4  0.2815172 38.4473000  0.9377065
 1669.4 1672.2  0.2813905 38.4647713  0.9376718
 1672.2 1675.0  0.2812591 38.4828873  0.9376358
 1675.0 1677.9  0.2811278 38.5010071  0.9375998
 1677.9 1680.7  0.2809917 38.5197716  0.9375625
 1680.7 1683.5  0.2808603 38.5378876  0.9375265
 1683.5 1686.3  0.2807289 38.5560074  0.9374905
 1686.3 1689.2  0.2805975 38.5741272  0.9374545
 1689.2 1692.0  0.2804614 38.5928917  0.9374173
 1692.0 1694.9  0.2803300 38.6110077  0.9373813
 1694.9 1697.8  0.2801939 38.6297722  0.9373440
 1697.8 1700.7  0.2800578 38.6485367  0.9373067
 1700.7 1703.6  0.2799348 38.6655464  0.9372714
 1703.6 1706.5  0.2798525 38.6770287  0.9372423
 1706.5 1709.4  0.2797703 38.6885147  0.9372131
 1709.4 1712.3  0.2796880 38.7000008  0.9371840
 1712.3 1715.3  0.2796057 38.7114868  0.9371549
 1715.3 1718.2  0.2795207 38.7233658  0.9371248
 1718.2 1721.2  0.2794384 38.7348518  0.9370957
 1721.2 1724.1  0.2793533 38.7467308  0.9370655
 1724.1 1727.1  0.2792711 38.7582169  0.9370365
 1727.1 1730.1  0.2791860 38.7700958  0.9370064
 1730.1 1733.1  0.2791009 38.7819786  0.9369762
 1733.1 1736.1  0.2790158 38.7938576  0.9369461
 1736.1 1739.1  0.2789307 38.8057404  0.9369160
 1739.1 1742.2  0.2788456 38.8176193  0.9368859
 1742.2 1745.2  0.2787577 38.8298988  0.9368547
 1745.2 1748.3  0.2786726 38.8417778  0.9368246
 1748.3 1751.3  0.2785847 38.8540573  0.9367935
 1751.3 1754.4  0.2784996 38.8659363  0.9367634
 1754.4 1757.5  0.2784086 38.8786697  0.9367296
 1757.5 1760.6  0.2782974 38.8944740  0.9366780
 1760.6 1763.7  0.2781861 38.9102821  0.9366264
 1763.7 1766.8  0.2780748 38.9260902  0.9365747
 1766.8 1769.9  0.2779635 38.9418983  0.9365231
 1769.9 1773.0  0.2778522 38.9577026  0.9364715
 1773.0 1776.2  0.2777489 38.9725189  0.9364166
 1776.2 1779.4  0.2776426 38.9877777  0.9363599
 1779.4 1782.5  0.2775363 39.0030365  0.9363031
 1782.5 1785.7  0.2774334 39.0178185  0.9362481
 1785.7 1788.9  0.2773271 39.0330772  0.9361914
 1788.9 1792.1  0.2772287 39.0473595  0.9361314
 1792.1 1795.3  0.2771312 39.0615425  0.9360711
 1795.3 1798.6  0.2770336 39.0757256  0.9360107
 1798.6 1801.8  0.2769330 39.0903549  0.9359485
 1801.8 1805.1  0.2768355 39.1045380  0.9358882
 1805.1 1808.3  0.2767412 39.1184578  0.9358202
 1808.3 1811.6  0.2766501 39.1319160  0.9357539
 1811.6 1814.9  0.2765562 39.1457939  0.9356855
 1814.9 1818.2  0.2764623 39.1596718  0.9356171
 1818.2 1821.5  0.2763692 39.1734505  0.9355486
 1821.5 1824.8  0.2762879 39.1857147  0.9354780
 1824.8 1828.2  0.2762066 39.1979790  0.9354073
 1828.2 1831.5  0.2761227 39.2106133  0.9353346
 1831.5 1834.9  0.2760414 39.2228775  0.9352639
 1834.9 1838.2  0.2759577 39.2355156  0.9351912
 1838.2 1841.6  0.2758863 39.2465630  0.9351159
 1841.6 1845.0  0.2758131 39.2579079  0.9350383
 1845.0 1848.4  0.2757400 39.2692528  0.9349606
 1848.4 1851.9  0.2756668 39.2805977  0.9348829
 1851.9 1855.3  0.2755914 39.2922783  0.9348029
 1855.3 1858.7  0.2755274 39.3025856  0.9347178
 1858.7 1862.2  0.2754636 39.3128624  0.9346325
 1862.2 1865.7  0.2753979 39.3234406  0.9345447
 1865.7 1869.2  0.2753322 39.3340187  0.9344568
 1869.2 1872.7  0.2752673 39.3444977  0.9343688
 1872.7 1876.2  0.2752153 39.3533440  0.9342777
 1876.2 1879.7  0.2751633 39.3621902  0.9341866
 1879.7 1883.2  0.2751113 39.3710365  0.9340955
 1883.2 1886.8  0.2750593 39.3798790  0.9340044
 1886.8 1890.4  0.2750058 39.3889809  0.9339107
 1890.4 1893.9  0.2749644 39.3966141  0.9338109
 1893.9 1897.5  0.2749248 39.4039497  0.9337136
 1897.5 1901.1  0.2748842 39.4114990  0.9336135
 1901.1 1904.8  0.2748435 39.4190483  0.9335134
 1904.8 1908.4  0.2748017 39.4268036  0.9334105
 1908.4 1912.0  0.2747731 39.4329643  0.9333011
 1912.0 1915.7  0.2747452 39.4390411  0.9331912
 1915.7 1919.4  0.2747165 39.4452858  0.9330781
 1919.4 1923.1  0.2746878 39.4515305  0.9329651
 1923.1 1926.8  0.2746595 39.4577255  0.9328520
 1926.8 1930.5  0.2746460 39.4620781  0.9327345
 1930.5 1934.2  0.2746324 39.4664345  0.9326169
 1934.2 1938.0  0.2746187 39.4707870  0.9324995
 1938.0 1941.7  0.2746048 39.4752579  0.9323788
 1941.7 1945.5  0.2745912 39.4796104  0.9322613
 1945.5 1949.3  0.2745915 39.4823723  0.9321330
 1949.3 1953.1  0.2745929 39.4849854  0.9320040
 1953.1 1956.9  0.2745944 39.4876022  0.9318751
 1956.9 1960.8  0.2745959 39.4902153  0.9317461
 1960.8 1964.6  0.2745974 39.4928970  0.9316137
 1964.6 1968.5  0.2746138 39.4937935  0.9314732
 1968.5 1972.4  0.2746314 39.4946175  0.9313284
 1972.4 1976.3  0.2746491 39.4954414  0.9311836
 1976.3 1980.2  0.2746668 39.4962654  0.9310388
 1980.2 1984.1  0.2746851 39.4970055  0.9308938
 1984.1 1988.1  0.2747158 39.4961891  0.9307445
 1988.1 1992.0  0.2747474 39.4953499  0.9305913
 1992.0 1996.0  0.2747782 39.4945335  0.9304420
 1996.0 2000.0  0.2748097 39.4936943  0.9302889
 2000.0 2004.0  0.2748413 39.4928551  0.9301357
 2004.0 2008.0  0.2748855 39.4905853  0.9299706
 2008.0 2012.1  0.2749298 39.4883194  0.9298056
 2012.1 2016.1  0.2749751 39.4859924  0.9296364
 2016.1 2020.2  0.2750193 39.4837265  0.9294713
 2020.2 2024.3  0.2750650 39.4813538  0.9293019
 2024.3 2028.4  0.2751179 39.4780693  0.9291297
 2028.4 2032.5  0.2751708 39.4747810  0.9289574
 2032.5 2036.7  0.2752237 39.4714966  0.9287851
 2036.7 2040.8  0.2752779 39.4681282  0.9286087
 2040.8 2045.0  0.2753308 39.4648438  0.9284364
 2045.0 2049.2  0.2753905 39.4608498  0.9282537
 2049.2 2053.4  0.2754505 39.4568253  0.9280708
 2053.4 2057.6  0.2755104 39.4528008  0.9278878
 2057.6 2061.9  0.2755704 39.4487762  0.9277048
 2061.9 2066.1  0.2756318 39.4446564  0.9275175
 2066.1 2070.4  0.2756955 39.4403000  0.9273246
 2070.4 2074.7  0.2757608 39.4358330  0.9271269
 2074.7 2079.0  0.2758262 39.4313622  0.9269292
 2079.0 2083.3  0.2758915 39.4268951  0.9267315
 2083.3 2087.7  0.2759568 39.4224396  0.9265334
 2087.7 2092.1  0.2760221 39.4180984  0.9263263
 2092.1 2096.4  0.2760875 39.4137573  0.9261191
 2096.4 2100.8  0.2761514 39.4095154  0.9259167
 2100.8 2105.3  0.2762168 39.4051704  0.9257095
 2105.3 2109.7  0.2762832 39.4007874  0.9254977
 2109.7 2114.2  0.2763417 39.3972626  0.9252913
 2114.2 2118.6  0.2764015 39.3936577  0.9250802
 2118.6 2123.1  0.2764600 39.3901291  0.9248738
 2123.1 2127.7  0.2765199 39.3865242  0.9246627
 2127.7 2132.2  0.2765810 39.3828392  0.9244469
 2132.2 2136.8  0.2766316 39.3804283  0.9242333
 2136.8 2141.3  0.2766825 39.3780479  0.9240146
 2141.3 2145.9  0.2767324 39.3757210  0.9238008
 2145.9 2150.5  0.2767834 39.3733406  0.9235821
 2150.5 2155.2  0.2768344 39.3709641  0.9233635
 2155.2 2159.8  0.2768740 39.3703499  0.9231255
 2159.8 2164.5  0.2769114 39.3699570  0.9228908
 2164.5 2169.2  0.2769496 39.3695602  0.9226512
 2169.2 2173.9  0.2769877 39.3691635  0.9224114
 2173.9 2178.6  0.2770259 39.3687630  0.9221717
 2178.6 2183.4  0.2770416 39.3706207  0.9219630
 2183.4 2188.2  0.2770571 39.3725662  0.9217507
 2188.2 2193.0  0.2770725 39.3745155  0.9215384
 2193.0 2197.8  0.2770880 39.3764610  0.9213260
 2197.8 2202.6  0.2771035 39.3784065  0.9211136
 2202.6 2207.5  0.2771041 39.3825417  0.9208839
 2207.5 2212.4  0.2770919 39.3886566  0.9206344
 2212.4 2217.3  0.2770797 39.3947716  0.9203849
 2217.3 2222.2  0.2770675 39.4008865  0.9201355
 2222.2 2227.2  0.2770539 39.4071579  0.9198866
 2227.2 2232.1  0.2770081 39.4173393  0.9196464
 2232.1 2237.1  0.2769633 39.4273148  0.9194110
 2237.1 2242.2  0.2769175 39.4374962  0.9191709
 2242.2 2247.2  0.2768708 39.4478836  0.9189258
 2247.2 2252.3  0.2768234 39.4582596  0.9186860
 2252.3 2257.3  0.2767356 39.4736710  0.9184507
 2257.3 2262.4  0.2766495 39.4887772  0.9182199
 2262.4 2267.6  0.2765617 39.5041847  0.9179846
 2267.6 2272.7  0.2764722 39.5198975  0.9177446
 2272.7 2277.9  0.2763844 39.5353050  0.9175093
 2277.9 2283.1  0.2762437 39.5574417  0.9172716
 2283.1 2288.3  0.2761000 39.5799675  0.9170340
 2288.3 2293.6  0.2759563 39.6024971  0.9167965
 2293.6 2298.9  0.2758098 39.6254578  0.9165544
 2298.9 2304.1  0.2756633 39.6484146  0.9163123
 2304.1 2309.5  0.2754647 39.6776619  0.9160879
 2309.5 2314.8  0.2752573 39.7081642  0.9158552
 2314.8 2320.2  0.2750539 39.7381058  0.9156267
 2320.2 2325.6  0.2748465 39.7686119  0.9153940
 2325.6 2331.0  0.2746392 39.7991180  0.9151613
 2331.0 2336.4  0.2743610 39.8384666  0.9149356
 2336.4 2341.9  0.2740773 39.8785248  0.9147106
 2341.9 2347.4  0.2737882 39.9193230  0.9144814
 2347.4 2352.9  0.2734992 39.9601250  0.9142522
 2352.9 2358.5  0.2732102 40.0009232  0.9140230
 2358.5 2364.1  0.2728355 40.0524559  0.9138048
 2364.1 2369.7  0.2724593 40.1041641  0.9135870
 2369.7 2375.3  0.2720832 40.1558762  0.9133692
 2375.3 2381.0  0.2717070 40.2075844  0.9131513
 2381.0 2386.6  0.2713242 40.2602196  0.9129296
 2386.6 2392.3  0.2708893 40.3194618  0.9127353
 2392.3 2398.1  0.2704466 40.3797607  0.9125376
 2398.1 2403.8  0.2699962 40.4411163  0.9123364
 2403.8 2409.6  0.2695535 40.5014153  0.9121386
 2409.6 2415.5  0.2691031 40.5627708  0.9119375
 2415.5 2421.3  0.2686129 40.6302185  0.9117566
 2421.3 2427.2  0.2681287 40.6968803  0.9115804
 2427.2 2433.1  0.2676362 40.7646942  0.9114013
 2433.1 2439.0  0.2671437 40.8325081  0.9112222
 2439.0 2445.0  0.2666512 40.9003220  0.9110430
 2445.0 2451.0  0.2661796 40.9675598  0.9108990
 2451.0 2457.0  0.2657081 41.0347977  0.9107550
 2457.0 2463.1  0.2652365 41.1020355  0.9106110
 2463.1 2469.1  0.2647570 41.1703949  0.9104646
 2469.1 2475.2  0.2642869 41.2374954  0.9103215
 2475.2 2481.4  0.2638985 41.2974472  0.9102241
 2481.4 2487.6  0.2635038 41.3583870  0.9101251
 2487.6 2493.8  0.2631089 41.4193268  0.9100261
 2493.8 2500.0  0.2627142 41.4802666  0.9099272
 2500.0 2506.3  0.2623194 41.5412025  0.9098282
 2506.3 2512.6  0.2620822 41.5865288  0.9097891
 2512.6 2518.9  0.2618449 41.6318550  0.9097501
 2518.9 2525.3  0.2616077 41.6771812  0.9097111
 2525.3 2531.6  0.2613667 41.7232285  0.9096714
 2531.6 2538.1  0.2611294 41.7685547  0.9096324
 2538.1 2544.5  0.2611081 41.7928352  0.9096624
 2544.5 2551.0  0.2611015 41.8152924  0.9096965
 2551.0 2557.5  0.2610947 41.8381042  0.9097311
 2557.5 2564.1  0.2610880 41.8609123  0.9097658
 2564.1 2570.7  0.2610863 41.8835487  0.9098024
 2570.7 2577.3  0.2614162 41.8721046  0.9099304
 2577.3 2584.0  0.2617460 41.8606606  0.9100584
 2584.0 2590.7  0.2620809 41.8490448  0.9101884
 2590.7 2597.4  0.2624158 41.8374252  0.9103184
 2597.4 2604.2  0.2627748 41.8232613  0.9104543
 2604.2 2611.0  0.2635242 41.7680931  0.9106867
 2611.0 2617.8  0.2642736 41.7129288  0.9109192
 2617.8 2624.7  0.2650231 41.6577644  0.9111517
 2624.7 2631.6  0.2657835 41.6017876  0.9113876
 2631.6 2638.5  0.2665439 41.5458107  0.9116235
 2638.5 2645.5  0.2677812 41.4421616  0.9119641
 2645.5 2652.5  0.2690662 41.3340263  0.9123161
 2652.5 2659.6  0.2703512 41.2258949  0.9126681
 2659.6 2666.7  0.2716546 41.1162186  0.9130252
 2666.7 2673.8  0.2729579 41.0065422  0.9133823
 2673.8 2681.0  0.2747509 40.8519211  0.9138224
 2681.0 2688.2  0.2765911 40.6931114  0.9142724
 2688.2 2695.4  0.2784313 40.5343018  0.9147224
 2695.4 2702.7  0.2802715 40.3754921  0.9151725
 2702.7 2710.0  0.2821372 40.2144775  0.9156287
 2710.0 2717.4  0.2845015 40.0133171  0.9161405
 2717.4 2724.8  0.2869198 39.8076591  0.9166616
 2724.8 2732.2  0.2893381 39.6019974  0.9171827
 2732.2 2739.7  0.2917565 39.3963432  0.9177039
 2739.7 2747.3  0.2942075 39.1879044  0.9182320
 2747.3 2754.8  0.2972060 38.9416580  0.9187913
 2754.8 2762.4  0.3001859 38.6972313  0.9193442
 2762.4 2770.1  0.3032056 38.4495544  0.9199044
 2770.1 2777.8  0.3062651 38.1986046  0.9204721
 2777.8 2785.5  0.3093244 37.9476624  0.9210397
 2785.5 2793.3  0.3129085 37.6682358  0.9215945
 2793.3 2801.1  0.3165533 37.3844032  0.9221562
 2801.1 2809.0  0.3201980 37.1005745  0.9227179
 2809.0 2816.9  0.3238895 36.8131104  0.9232867
 2816.9 2824.9  0.3275809 36.5256462  0.9238556
 2824.9 2832.9  0.3319277 36.2089729  0.9243807
 2832.9 2840.9  0.3362822 35.8919716  0.9249052
 2840.9 2849.0  0.3406367 35.5749741  0.9254298
 2849.0 2857.1  0.3450457 35.2540092  0.9259608
 2857.1 2865.3  0.3494602 34.9329834  0.9264904
 2865.3 2873.6  0.3543775 34.6031303  0.9269097
 2873.6 2881.8  0.3593548 34.2692490  0.9273342
 2881.8 2890.2  0.3642721 33.9393921  0.9277535
 2890.2 2898.6  0.3693093 33.6014938  0.9281831
 2898.6 2907.0  0.3743466 33.2635841  0.9286126
 2907.0 2915.5  0.3800676 32.9148712  0.9288946
 2915.5 2924.0  0.3858914 32.5614586  0.9291726
 2924.0 2932.6  0.3917152 32.2080421  0.9294505
 2932.6 2941.2  0.3976076 31.8504658  0.9297317
 2941.2 2949.9  0.4035104 31.4931297  0.9300084
 2949.9 2958.6  0.4099334 31.1414127  0.9300997
 2958.6 2967.4  0.4163566 30.7896881  0.9301909
 2967.4 2976.2  0.4228534 30.4339333  0.9302832
 2976.2 2985.1  0.4293503 30.0781708  0.9303755
 2985.1 2994.0  0.4359263 29.7184601  0.9304668
 2994.0 3003.0  0.4429630 29.3673382  0.9303835
 3003.0 3012.0  0.4500788 29.0122681  0.9302992
 3012.0 3021.1  0.4571945 28.6571999  0.9302150
 3021.1 3030.3  0.4643895 28.2981796  0.9301298
 3030.3 3039.5  0.4716667 27.9359741  0.9300392
 3039.5 3048.8  0.4790444 27.5960693  0.9298142
 3048.8 3058.1  0.4865025 27.2524681  0.9295866
 3058.1 3067.5  0.4939605 26.9088650  0.9293592
 3067.5 3076.9  0.5014985 26.5615749  0.9291292
 3076.9 3086.4  0.5090366 26.2142830  0.9288993
 3086.4 3096.0  0.5166807 25.8868008  0.9285640
 3096.0 3105.6  0.5244055 25.5561218  0.9282238
 3105.6 3115.3  0.5321304 25.2254429  0.9278838
 3115.3 3125.0  0.5399356 24.8913231  0.9275402
 3125.0 3134.8  0.5477408 24.5572052  0.9271966
 3134.8 3144.7  0.5551484 24.2615929  0.9268045
 3144.7 3154.6  0.5626315 23.9629669  0.9264085
 3154.6 3164.6  0.5701148 23.6643353  0.9260123
 3164.6 3174.6  0.5776736 23.3626919  0.9256123
 3174.6 3184.7  0.5852323 23.0610466  0.9252121
 3184.7 3194.9  0.5922731 22.7994022  0.9248081
 3194.9 3205.1  0.5993589 22.5369568  0.9244000
 3205.1 3215.4  0.6064450 22.2745018  0.9239919
 3215.4 3225.8  0.6136001 22.0094872  0.9235799
 3225.8 3236.2  0.6207581 21.7458687  0.9231673
 3236.2 3246.8  0.6271124 21.5300255  0.9227977
 3246.8 3257.3  0.6335891 21.3100281  0.9224210
 3257.3 3268.0  0.6400046 21.0921059  0.9220479
 3268.0 3278.7  0.6465423 20.8700352  0.9216676
 3278.7 3289.5  0.6527571 20.6653404  0.9213089
 3289.5 3300.3  0.6584135 20.4919128  0.9209883
 3300.3 3311.3  0.6640698 20.3184853  0.9206676
 3311.3 3322.3  0.6698309 20.1418457  0.9203410
 3322.3 3333.3  0.6755919 19.9652081  0.9200144
 3333.3 3344.5  0.6807146 19.8202152  0.9197289
 3344.5 3355.7  0.6857190 19.6830692  0.9194519
 3355.7 3367.0  0.6907233 19.5459232  0.9191748
 3367.0 3378.4  0.6957723 19.4075508  0.9188954
 3378.4 3389.8  0.7003561 19.2842789  0.9186422
 3389.8 3401.4  0.7037401 19.1994076  0.9184571
 3401.4 3413.0  0.7071834 19.1130505  0.9182686
 3413.0 3424.7  0.7106267 19.0266933  0.9180802
 3424.7 3436.4  0.7140996 18.9395905  0.9178902
 3436.4 3448.3  0.7231739 18.7353992  0.9173824
 3448.3 3460.2  0.7325534 18.5245800  0.9168573
 3460.2 3472.2  0.7366150 18.4320641  0.9166200
 3472.2 3484.3  0.7398171 18.3586521  0.9164289
 3484.3 3496.5  0.7430459 18.2846279  0.9162362
 3496.5 3508.8  0.7463014 18.2099915  0.9160420
 3508.8 3521.1  0.7495835 18.1347427  0.9158462
 3521.1 3533.6  0.7528657 18.0594959  0.9156504
 3533.6 3546.1  0.7562012 17.9830246  0.9154513
 3546.1 3558.7  0.7595367 17.9065533  0.9152524
 3558.7 3571.4  0.7623832 17.8370533  0.9150707
 3571.4 3584.2  0.7650192 17.7704296  0.9148960
 3584.2 3597.1  0.7676761 17.7032814  0.9147201
 3597.1 3610.1  0.7703536 17.6356068  0.9145427
 3610.1 3623.2  0.7730519 17.5674076  0.9143639
 3623.2 3636.4  0.7757710 17.4986858  0.9141838
 3636.4 3649.6  0.7785108 17.4294395  0.9140023
 3649.6 3663.0  0.7812507 17.3601913  0.9138208
 3663.0 3676.5  0.7835719 17.2965698  0.9136646
 3676.5 3690.0  0.7858962 17.2326794  0.9135082
 3690.0 3703.7  0.7882205 17.1687908  0.9133517
 3703.7 3717.5  0.7905792 17.1039543  0.9131929
 3717.5 3731.3  0.7929552 17.0386448  0.9130330
 3731.3 3745.3  0.7953311 16.9733353  0.9128730
 3745.3 3759.4  0.7977415 16.9070797  0.9127108
 3759.4 3773.6  0.8000326 16.8440266  0.9125705
 3773.6 3787.9  0.8022711 16.7823753  0.9124409
 3787.9 3802.3  0.8045254 16.7202911  0.9123104
 3802.3 3816.8  0.8067955 16.6577740  0.9121789
 3816.8 3831.4  0.8090813 16.5948200  0.9120466
 3831.4 3846.2  0.8113829 16.5314350  0.9119133
 3846.2 3861.0  0.8137161 16.4671803  0.9117783
 3861.0 3876.0  0.8160149 16.4064064  0.9116704
 3876.0 3891.1  0.8183327 16.3460293  0.9115705
 3891.1 3906.2  0.8206661 16.2852516  0.9114700
 3906.2 3921.6  0.8229994 16.2244740  0.9113695
 3921.6 3937.0  0.8253791 16.1624870  0.9112670
 3937.0 3952.6  0.8277588 16.1005020  0.9111645
 3952.6 3968.3  0.8301592 16.0384884  0.9110660
 3968.3 3984.1  0.8325244 15.9800005  0.9109938
 3984.1 4000.0  0.8349046 15.9211378  0.9109210
 4000.0 4016.1  0.8372997 15.8619041  0.9108478
 4016.1 4032.3  0.8397251 15.8019238  0.9107738
 4032.3 4048.6  0.8421655 15.7415714  0.9106992
 4048.6 4065.0  0.8446210 15.6808472  0.9106241
 4065.0 4081.6  0.8469685 15.6242313  0.9105719
 4081.6 4098.4  0.8493332 15.5673475  0.9105212
 4098.4 4115.2  0.8517262 15.5097799  0.9104699
 4115.2 4132.2  0.8541193 15.4522114  0.9104186
 4132.2 4149.4  0.8565409 15.3939571  0.9103667
 4149.4 4166.7  0.8589909 15.3350191  0.9103141
 4166.7 4184.1  0.8612775 15.2803288  0.9102803
 4184.1 4201.7  0.8635707 15.2254887  0.9102470
 4201.7 4219.4  0.8658904 15.1700182  0.9102133
 4219.4 4237.3  0.8682232 15.1142340  0.9101794
 4237.3 4255.3  0.8705823 15.0578184  0.9101451
 4255.3 4273.5  0.8728929 15.0023241  0.9101149
 4273.5 4291.8  0.8750790 14.9492111  0.9100948
 4291.8 4310.3  0.8772773 14.8958073  0.9100745
 4310.3 4329.0  0.8794995 14.8418188  0.9100540
 4329.0 4347.8  0.8817458 14.7872467  0.9100333
 4347.8 4366.8  0.8840040 14.7323837  0.9100125
 4366.8 4386.0  0.8860797 14.6802282  0.9100005
 4386.0 4405.3  0.8881500 14.6279602  0.9099895
 4405.3 4424.8  0.8902310 14.5754204  0.9099784
 4424.8 4444.4  0.8923336 14.5223351  0.9099672
 4444.4 4464.3  0.8944470 14.4689779  0.9099560
 4464.3 4484.3  0.8964268 14.4171648  0.9099500
 4484.3 4504.5  0.8983511 14.3660202  0.9099460
 4504.5 4524.9  0.9002948 14.3143635  0.9099419
 4524.9 4545.5  0.9022576 14.2621965  0.9099378
 4545.5 4566.2  0.9042397 14.2095175  0.9099337
 4566.2 4587.2  0.9060696 14.1588440  0.9099343
 4587.2 4608.3  0.9078804 14.1080742  0.9099362
 4608.3 4629.6  0.9096999 14.0570641  0.9099382
 4629.6 4651.2  0.9115366 14.0055685  0.9099401
 4651.2 4672.9  0.9133888 13.9534903  0.9099424
 4672.9 4694.8  0.9150747 13.9036036  0.9099494
 4694.8 4717.0  0.9167761 13.8532562  0.9099565
 4717.0 4739.3  0.9185008 13.8022194  0.9099636
 4739.3 4761.9  0.9202333 13.7509527  0.9099708
 4761.9 4784.7  0.9219016 13.7002020  0.9099802
 4784.7 4807.7  0.9235053 13.6500959  0.9099916
 4807.7 4830.9  0.9251231 13.5995502  0.9100030
 4830.9 4854.4  0.9267549 13.5485668  0.9100146
 4854.4 4878.0  0.9283797 13.4973059  0.9100268
 4878.0 4902.0  0.9298887 13.4475002  0.9100415
 4902.0 4926.1  0.9314233 13.3968496  0.9100564
 4926.1 4950.5  0.9329643 13.3459883  0.9100714
 4950.5 4975.1  0.9345217 13.2945318  0.9100866
 4975.1 5000.0  0.9359559 13.2444792  0.9101039
 5000.0 5025.1  0.9374076 13.1938152  0.9101213
 5025.1 5050.5  0.9388709 13.1427450  0.9101390
 5050.5 5076.1  0.9403492 13.0910978  0.9101568
 5076.1 5102.0  0.9417122 13.0407171  0.9101756
 5102.0 5128.2  0.9430912 12.9897470  0.9101947
 5128.2 5154.6  0.9444861 12.9381857  0.9102139
 5154.6 5181.3  0.9458704 12.8865051  0.9102333
 5181.3 5208.3  0.9471681 12.8355560  0.9102528
 5208.3 5235.6  0.9484805 12.7840328  0.9102725
 5235.6 5263.2  0.9498074 12.7319365  0.9102924
 5263.2 5291.0  0.9510913 12.6799898  0.9103118
 5291.0 5319.1  0.9523214 12.6284580  0.9103307
 5319.1 5347.6  0.9535648 12.5763702  0.9103498
 5347.6 5376.3  0.9548258 12.5235415  0.9103692
 5376.3 5405.4  0.9559848 12.4716883  0.9103861
 5405.4 5434.8  0.9571497 12.4192362  0.9104031
 5434.8 5464.5  0.9583266 12.3662443  0.9104202
 5464.5 5494.5  0.9594545 12.3134260  0.9104355
 5494.5 5524.9  0.9605291 12.2608337  0.9104487
 5524.9 5555.6  0.9616182 12.2075396  0.9104621
 5555.6 5586.6  0.9626945 12.1539869  0.9104747
 5586.6 5618.0  0.9636750 12.1011229  0.9104828
 5618.0 5649.7  0.9646682 12.0475769  0.9104909
 5649.7 5681.8  0.9656708 11.9935188  0.9104992
 5681.8 5714.3  0.9665641 11.9401503  0.9105017
 5714.3 5747.1  0.9674672 11.8861284  0.9105043
 5747.1 5780.3  0.9683788 11.8316078  0.9105068
 5780.3 5814.0  0.9692043 11.7775106  0.9105046
 5814.0 5848.0  0.9700328 11.7227020  0.9105018
 5848.0 5882.4  0.9708685 11.6674070  0.9104991
 5882.4 5917.2  0.9716292 11.6124086  0.9104921
 5917.2 5952.4  0.9723935 11.5568304  0.9104847
 5952.4 5988.0  0.9731613 11.5006695  0.9104770
 5988.0 6024.1  0.9738675 11.4446526  0.9104658
 6024.1 6060.6  0.9745837 11.3878489  0.9104544
 6060.6 6097.6  0.9752899 11.3306131  0.9104419
 6097.6 6135.0  0.9759616 11.2730808  0.9104270
 6135.0 6172.8  0.9766406 11.2149277  0.9104120
 6172.8 6211.2  0.9772971 11.1564751  0.9103951
 6211.2 6250.0  0.9779443 11.0973110  0.9103771
 6250.0 6289.3  0.9785982 11.0375309  0.9103588
 6289.3 6329.1  0.9792229 10.9773836  0.9103381
 6329.1 6369.4  0.9798555 10.9164705  0.9103172
 6369.4 6410.3  0.9804837 10.8549204  0.9102952
 6410.3 6451.6  0.9811075 10.7925949  0.9102721
 6451.6 6493.5  0.9817368 10.7296648  0.9102486
 6493.5 6535.9  0.9823612 10.6659489  0.9102237
 6535.9 6578.9  0.9829931 10.6014738  0.9101985
 6578.9 6622.5  0.9836319 10.5360823  0.9101725
 6622.5 6666.7  0.9842787 10.4697771  0.9101458
 6666.7 6711.4  0.9849379 10.4025011  0.9101187
 6711.4 6756.8  0.9856105 10.3343697  0.9100910
 6756.8 6802.7  0.9862969 10.2651253  0.9100630
 6802.7 6849.3  0.9870099 10.1948538  0.9100348
 6849.3 6896.6  0.9877338 10.1235123  0.9100062
 6896.6 6944.4  0.9884966 10.0507107  0.9099775
 6944.4 6993.0  0.9892679  9.9771338  0.9099484
 6993.0 7042.3  0.9900719  9.9020243  0.9099185
 7042.3 7092.2  0.9908901  9.8257933  0.9098882
 7092.2 7142.9  0.9917271  9.7484407  0.9098565
 7142.9 7194.2  0.9925790  9.6698132  0.9098240
 7194.2 7246.4  0.9934391  9.5901546  0.9097891
 7246.4 7299.3  0.9943141  9.5090837  0.9097533
 7299.3 7352.9  0.9951864  9.4269247  0.9097140
 7352.9 7407.4  0.9960676  9.3436852  0.9096736
 7407.4 7462.7  0.9969352  9.2591629  0.9096280
 7462.7 7518.8  0.9978052  9.1734581  0.9095802
 7518.8 7575.8  0.9986521  9.0867119  0.9095269
 7575.8 7633.6  0.9993494  8.9987555  0.9094691
 7633.6 7692.3  0.9998562  8.9097872  0.9094060
 7692.3 7751.9  1.0000000  8.8198452  0.9093345
 7751.9 7812.5  1.0000000  8.7287092  0.9092585
 7812.5 7874.0  1.0000000  8.6367903  0.9091688
 7874.0 7936.5  1.0000000  8.5438919  0.9090716
 7936.5 8000.0  1.0000000  8.4500961  0.9089629
 8000.0 8064.5  1.0000000  8.3557987  0.9088367
 8064.5 8130.1  1.0000000  8.2606449  0.9086989
 8130.1 8196.7  1.0000000  8.1651144  0.9085397
 8196.7 8264.5  1.0000000  8.0695171  0.9083568
 8264.5 8333.3  1.0000000  7.9733229  0.9081538
 8333.3 8403.4  1.0000000  7.8776541  0.9079185
 8403.4 8474.6  1.0000000  7.7824883  0.9076443
 8474.6 8547.0  1.0000000  7.6865644  0.9073548
 8547.0 8620.7  1.0000000  7.5890226  0.9070604
 8620.7 8695.7  1.0000000  7.4897299  0.9067607
 8695.7 8771.9  1.0000000  7.3886857  0.9064557
 8771.9 8849.6  1.0000000  7.2860246  0.9061459
 8849.6 8928.6  1.0000000  7.1813436  0.9058299
 8928.6 9009.0  1.0000000  7.0749106  0.9055087
 9009.0 9090.9  1.0000000  6.9665909  0.9051818
 9090.9 9174.3  1.0000000  6.8562498  0.9048488
 9174.3 9259.3  1.0000000  6.7438893  0.9045096
 9259.3 9345.8  1.0000000  6.6293726  0.9041640
 9345.8 9434.0  1.0000000  6.5128350  0.9038123
 9434.0 9523.8  1.0000000  6.3940067  0.9034536
 9523.8 9615.4  1.0000000  6.2730236  0.9030885
 9615.4 9708.7  1.0000000  6.1496143  0.9027160
 9708.7 9803.9  1.0000000  6.0239153  0.9023366
 9803.9 9901.0  1.0000000  5.8956566  0.9019495
 9901.0 9911.0  1.0000000  5.7648382  0.9015547
