 1176.5 1177.9  0.5081719  4.9342895  0.7389529
 1177.9 1179.2  0.5079340  4.9373827  0.7389266
 1179.2 1180.6  0.5077131  4.9402552  0.7389023
 1180.6 1182.0  0.5074752  4.9433489  0.7388761
 1182.0 1183.4  0.5072373  4.9464421  0.7388499
 1183.4 1184.8  0.5069994  4.9495358  0.7388237
 1184.8 1186.2  0.5067615  4.9526291  0.7387975
 1186.2 1187.6  0.5065236  4.9557223  0.7387713
 1187.6 1189.1  0.5062857  4.9588161  0.7387451
 1189.1 1190.5  0.5060308  4.9621305  0.7387170
 1190.5 1191.9  0.5057929  4.9652238  0.7386908
 1191.9 1193.3  0.5055550  4.9683175  0.7386646
 1193.3 1194.7  0.5053171  4.9714112  0.7386384
 1194.7 1196.2  0.5050792  4.9745045  0.7386122
 1196.2 1197.6  0.5048243  4.9778185  0.7385841
 1197.6 1199.0  0.5045864  4.9809122  0.7385579
 1199.0 1200.5  0.5043485  4.9840059  0.7385317
 1200.5 1201.9  0.5040936  4.9873199  0.7385036
 1201.9 1203.4  0.5038557  4.9904137  0.7384774
 1203.4 1204.8  0.5036008  4.9937282  0.7384493
 1204.8 1206.3  0.5033629  4.9968214  0.7384231
 1206.3 1207.7  0.5031080  5.0001359  0.7383950
 1207.7 1209.2  0.5028701  5.0032291  0.7383689
 1209.2 1210.7  0.5026152  5.0065436  0.7383408
 1210.7 1212.1  0.5023603  5.0098581  0.7383127
 1212.1 1213.6  0.5021225  5.0129519  0.7382865
 1213.6 1215.1  0.5018675  5.0162663  0.7382584
 1215.1 1216.5  0.5016127  5.0195804  0.7382303
 1216.5 1218.0  0.5013748  5.0226741  0.7382041
 1218.0 1219.5  0.5011199  5.0259886  0.7381760
 1219.5 1221.0  0.5008650  5.0293031  0.7381480
 1221.0 1222.5  0.5006101  5.0326176  0.7381199
 1222.5 1224.0  0.5003552  5.0359316  0.7380918
 1224.0 1225.5  0.5001003  5.0392461  0.7380638
 1225.5 1227.0  0.4998454  5.0425606  0.7380357
 1227.0 1228.5  0.4995905  5.0458751  0.7380075
 1228.5 1230.0  0.4993356  5.0491896  0.7379795
 1230.0 1231.5  0.4990807  5.0525041  0.7379514
 1231.5 1233.0  0.4988258  5.0558186  0.7379233
 1233.0 1234.6  0.4985709  5.0591326  0.7378953
 1234.6 1236.1  0.4982990  5.0626683  0.7378653
 1236.1 1237.6  0.4980442  5.0659823  0.7378373
 1237.6 1239.2  0.4977893  5.0692968  0.7378092
 1239.2 1240.7  0.4975174  5.0728321  0.7377792
 1240.7 1242.2  0.4972625  5.0761466  0.7377511
 1242.2 1243.8  0.4970076  5.0794611  0.7377231
 1243.8 1245.3  0.4967357  5.0829968  0.7376931
 1245.3 1246.9  0.4964808  5.0863113  0.7376650
 1246.9 1248.4  0.4962089  5.0898466  0.7376351
 1248.4 1250.0  0.4959540  5.0931611  0.7376070
 1250.0 1251.6  0.4956821  5.0966964  0.7375770
 1251.6 1253.1  0.4954103  5.1002316  0.7375471
 1253.1 1254.7  0.4951554  5.1035461  0.7375190
 1254.7 1256.3  0.4948835  5.1070814  0.7374890
 1256.3 1257.9  0.4946116  5.1106172  0.7374591
 1257.9 1259.4  0.4943397  5.1141524  0.7374291
 1259.4 1261.0  0.4940848  5.1174669  0.7374011
 1261.0 1262.6  0.4938129  5.1210022  0.7373711
 1262.6 1264.2  0.4935410  5.1245375  0.7373412
 1264.2 1265.8  0.4932691  5.1280727  0.7373112
 1265.8 1267.4  0.4929973  5.1316085  0.7372813
 1267.4 1269.0  0.4927254  5.1351438  0.7372513
 1269.0 1270.6  0.4924535  5.1386790  0.7372214
 1270.6 1272.3  0.4921816  5.1422143  0.7371914
 1272.3 1273.9  0.4918927  5.1459708  0.7371596
 1273.9 1275.5  0.4916208  5.1495061  0.7371297
 1275.5 1277.1  0.4913490  5.1530414  0.7370997
 1277.1 1278.8  0.4910771  5.1565766  0.7370698
 1278.8 1280.4  0.4907882  5.1603332  0.7370380
 1280.4 1282.1  0.4905163  5.1638689  0.7370080
 1282.1 1283.7  0.4902274  5.1676250  0.7369761
 1283.7 1285.3  0.4899555  5.1711602  0.7369462
 1285.3 1287.0  0.4896836  5.1746960  0.7369162
 1287.0 1288.7  0.4893948  5.1784520  0.7368845
 1288.7 1290.3  0.4891059  5.1822085  0.7368526
 1290.3 1292.0  0.4888340  5.1857438  0.7368227
 1292.0 1293.7  0.4885451  5.1895003  0.7367908
 1293.7 1295.3  0.4882562  5.1932564  0.7367591
 1295.3 1297.0  0.4879844  5.1967921  0.7367291
 1297.0 1298.7  0.4876955  5.2005482  0.7366973
 1298.7 1300.4  0.4874066  5.2043047  0.7366654
 1300.4 1302.1  0.4871405  5.2077956  0.7366250
 1302.1 1303.8  0.4869485  5.2104225  0.7365564
 1303.8 1305.5  0.4867566  5.2130499  0.7364877
 1305.5 1307.2  0.4865646  5.2156773  0.7364191
 1307.2 1308.9  0.4863726  5.2183046  0.7363505
 1308.9 1310.6  0.4861806  5.2209320  0.7362819
 1310.6 1312.3  0.4859886  5.2235594  0.7362132
 1312.3 1314.1  0.4857967  5.2261868  0.7361446
 1314.1 1315.8  0.4855934  5.2289686  0.7360719
 1315.8 1317.5  0.4854014  5.2315960  0.7360033
 1317.5 1319.3  0.4852095  5.2342234  0.7359347
 1319.3 1321.0  0.4850062  5.2370052  0.7358620
 1321.0 1322.8  0.4848142  5.2396326  0.7357934
 1322.8 1324.5  0.4846109  5.2424145  0.7357208
 1324.5 1326.3  0.4844190  5.2450418  0.7356521
 1326.3 1328.0  0.4842157  5.2478237  0.7355795
 1328.0 1329.8  0.4840237  5.2504511  0.7355108
 1329.8 1331.6  0.4838204  5.2532330  0.7354382
 1331.6 1333.3  0.4836172  5.2560148  0.7353655
 1333.3 1335.1  0.4834252  5.2586422  0.7352969
 1335.1 1336.9  0.4832219  5.2614241  0.7352242
 1336.9 1338.7  0.4830187  5.2642059  0.7351516
 1338.7 1340.5  0.4828154  5.2669878  0.7350789
 1340.5 1342.3  0.4826121  5.2697697  0.7350063
 1342.3 1344.1  0.4824089  5.2725515  0.7349336
 1344.1 1345.9  0.4822056  5.2753334  0.7348610
 1345.9 1347.7  0.4820023  5.2781153  0.7347883
 1347.7 1349.5  0.4817990  5.2808971  0.7347156
 1349.5 1351.4  0.4815958  5.2836790  0.7346430
 1351.4 1353.2  0.4813957  5.2864676  0.7345444
 1353.2 1355.0  0.4812111  5.2890592  0.7344436
 1355.0 1356.9  0.4810264  5.2916503  0.7343428
 1356.9 1358.7  0.4808315  5.2943859  0.7342365
 1358.7 1360.5  0.4806469  5.2969775  0.7341357
 1360.5 1362.4  0.4804622  5.2995687  0.7340349
 1362.4 1364.3  0.4802673  5.3023043  0.7339285
 1364.3 1366.1  0.4800724  5.3050399  0.7338221
 1366.1 1368.0  0.4798878  5.3076310  0.7337214
 1368.0 1369.9  0.4796929  5.3103666  0.7336150
 1369.9 1371.7  0.4794980  5.3131022  0.7335086
 1371.7 1373.6  0.4793133  5.3156934  0.7334078
 1373.6 1375.5  0.4791184  5.3184290  0.7333015
 1375.5 1377.4  0.4789235  5.3211646  0.7331951
 1377.4 1379.3  0.4787286  5.3238997  0.7330887
 1379.3 1381.2  0.4785337  5.3266354  0.7329823
 1381.2 1383.1  0.4783388  5.3293705  0.7328759
 1383.1 1385.0  0.4781439  5.3321061  0.7327695
 1385.0 1387.0  0.4779490  5.3348417  0.7326632
 1387.0 1388.9  0.4777438  5.3377209  0.7325512
 1388.9 1390.8  0.4775489  5.3404565  0.7324448
 1390.8 1392.8  0.4773540  5.3431921  0.7323384
 1392.8 1394.7  0.4771489  5.3460712  0.7322264
 1394.7 1396.6  0.4769540  5.3488069  0.7321201
 1396.6 1398.6  0.4767591  5.3515420  0.7320137
 1398.6 1400.6  0.4765539  5.3544216  0.7319017
 1400.6 1402.5  0.4763544  5.3572354  0.7317808
 1402.5 1404.5  0.4761773  5.3597636  0.7316464
 1404.5 1406.5  0.4759909  5.3624244  0.7315048
 1406.5 1408.5  0.4758045  5.3650856  0.7313632
 1408.5 1410.4  0.4756181  5.3677468  0.7312216
 1410.4 1412.4  0.4754410  5.3702745  0.7310871
 1412.4 1414.4  0.4752546  5.3729358  0.7309456
 1414.4 1416.4  0.4750682  5.3755970  0.7308040
 1416.4 1418.4  0.4748818  5.3782578  0.7306624
 1418.4 1420.5  0.4746954  5.3809190  0.7305208
 1420.5 1422.5  0.4744997  5.3837132  0.7303722
 1422.5 1424.5  0.4743133  5.3863740  0.7302306
 1424.5 1426.5  0.4741269  5.3890352  0.7300891
 1426.5 1428.6  0.4739405  5.3916960  0.7299475
 1428.6 1430.6  0.4737448  5.3944902  0.7297989
 1430.6 1432.7  0.4735584  5.3971515  0.7296572
 1432.7 1434.7  0.4733627  5.3999453  0.7295086
 1434.7 1436.8  0.4731763  5.4026065  0.7293670
 1436.8 1438.8  0.4729805  5.4054008  0.7292184
 1438.8 1440.9  0.4727941  5.4080620  0.7290768
 1440.9 1443.0  0.4725984  5.4108558  0.7289281
 1443.0 1445.1  0.4724027  5.4136500  0.7287795
 1445.1 1447.2  0.4722070  5.4164438  0.7286308
 1447.2 1449.3  0.4720113  5.4192381  0.7284822
 1449.3 1451.4  0.4718155  5.4220324  0.7283335
 1451.4 1453.5  0.4716317  5.4246678  0.7281652
 1453.5 1455.6  0.4714538  5.4272237  0.7279869
 1455.6 1457.7  0.4712759  5.4297795  0.7278087
 1457.7 1459.9  0.4710980  5.4323354  0.7276305
 1459.9 1462.0  0.4709116  5.4350133  0.7274438
 1462.0 1464.1  0.4707337  5.4375691  0.7272655
 1464.1 1466.3  0.4705558  5.4401255  0.7270873
 1466.3 1468.4  0.4703695  5.4428034  0.7269006
 1468.4 1470.6  0.4701916  5.4453592  0.7267224
 1470.6 1472.8  0.4700052  5.4480367  0.7265357
 1472.8 1474.9  0.4698188  5.4507146  0.7263489
 1474.9 1477.1  0.4696409  5.4532704  0.7261707
 1477.1 1479.3  0.4694546  5.4559484  0.7259840
 1479.3 1481.5  0.4692682  5.4586263  0.7257973
 1481.5 1483.7  0.4690818  5.4613037  0.7256106
 1483.7 1485.9  0.4688954  5.4639812  0.7254239
 1485.9 1488.1  0.4687091  5.4666591  0.7252372
 1488.1 1490.3  0.4685227  5.4693370  0.7250504
 1490.3 1492.5  0.4683363  5.4720144  0.7248638
 1492.5 1494.8  0.4681500  5.4746923  0.7246770
 1494.8 1497.0  0.4679551  5.4774919  0.7244818
 1497.0 1499.3  0.4677688  5.4801693  0.7242951
 1499.3 1501.5  0.4675739  5.4829688  0.7240999
 1501.5 1503.8  0.4673990  5.4854689  0.7238930
 1503.8 1506.0  0.4672218  5.4879956  0.7236668
 1506.0 1508.3  0.4670523  5.4904127  0.7234504
 1508.3 1510.6  0.4668750  5.4929395  0.7232242
 1510.6 1512.9  0.4666978  5.4954662  0.7229980
 1512.9 1515.2  0.4665206  5.4979935  0.7227718
 1515.2 1517.5  0.4663433  5.5005202  0.7225456
 1517.5 1519.8  0.4661661  5.5030470  0.7223194
 1519.8 1522.1  0.4659889  5.5055737  0.7220931
 1522.1 1524.4  0.4658117  5.5081005  0.7218669
 1524.4 1526.7  0.4656344  5.5106277  0.7216407
 1526.7 1529.1  0.4654572  5.5131545  0.7214145
 1529.1 1531.4  0.4652723  5.5157909  0.7211785
 1531.4 1533.7  0.4650950  5.5183182  0.7209522
 1533.7 1536.1  0.4649178  5.5208449  0.7207260
 1536.1 1538.5  0.4647329  5.5234814  0.7204900
 1538.5 1540.8  0.4645479  5.5261183  0.7202539
 1540.8 1543.2  0.4643707  5.5286450  0.7200277
 1543.2 1545.6  0.4641858  5.5312819  0.7197917
 1545.6 1548.0  0.4640009  5.5339184  0.7195556
 1548.0 1550.4  0.4638159  5.5365553  0.7193196
 1550.4 1552.8  0.4636337  5.5391421  0.7190784
 1552.8 1555.2  0.4634654  5.5414805  0.7188112
 1555.2 1557.6  0.4632970  5.5438185  0.7185439
 1557.6 1560.1  0.4631286  5.5461564  0.7182767
 1560.1 1562.5  0.4629533  5.5485921  0.7179983
 1562.5 1564.9  0.4627849  5.5509300  0.7177311
 1564.9 1567.4  0.4626165  5.5532684  0.7174639
 1567.4 1569.9  0.4624411  5.5557041  0.7171856
 1569.9 1572.3  0.4622658  5.5581393  0.7169072
 1572.3 1574.8  0.4620974  5.5604777  0.7166400
 1574.8 1577.3  0.4619220  5.5629129  0.7163616
 1577.3 1579.8  0.4617466  5.5653486  0.7160833
 1579.8 1582.3  0.4615713  5.5677843  0.7158049
 1582.3 1584.8  0.4613959  5.5702200  0.7155266
 1584.8 1587.3  0.4612205  5.5726552  0.7152482
 1587.3 1589.8  0.4610451  5.5750909  0.7149699
 1589.8 1592.4  0.4608698  5.5775266  0.7146915
 1592.4 1594.9  0.4606874  5.5800595  0.7144020
 1594.9 1597.4  0.4605120  5.5824947  0.7141237
 1597.4 1600.0  0.4603366  5.5849304  0.7138453
 1600.0 1602.6  0.4601542  5.5874634  0.7135558
 1602.6 1605.1  0.4599892  5.5896664  0.7132328
 1605.1 1607.7  0.4598305  5.5917845  0.7129223
 1607.7 1610.3  0.4596655  5.5939875  0.7125993
 1610.3 1612.9  0.4595005  5.5961905  0.7122763
 1612.9 1615.5  0.4593355  5.5983934  0.7119533
 1615.5 1618.1  0.4591705  5.6005964  0.7116303
 1618.1 1620.7  0.4590054  5.6027989  0.7113073
 1620.7 1623.4  0.4588404  5.6050019  0.7109843
 1623.4 1626.0  0.4586690  5.6072898  0.7106489
 1626.0 1628.7  0.4585040  5.6094928  0.7103259
 1628.7 1631.3  0.4583327  5.6117802  0.7099905
 1631.3 1634.0  0.4581676  5.6139832  0.7096674
 1634.0 1636.7  0.4579963  5.6162710  0.7093320
 1636.7 1639.3  0.4578249  5.6185584  0.7089967
 1639.3 1642.0  0.4576599  5.6207614  0.7086737
 1642.0 1644.7  0.4574885  5.6230493  0.7083383
 1644.7 1647.4  0.4573172  5.6253366  0.7080028
 1647.4 1650.2  0.4571458  5.6276245  0.7076674
 1650.2 1652.9  0.4569696  5.6299729  0.7073169
 1652.9 1655.6  0.4568189  5.6319361  0.7069448
 1655.6 1658.4  0.4566682  5.6338987  0.7065728
 1658.4 1661.1  0.4565119  5.6359348  0.7061870
 1661.1 1663.9  0.4563612  5.6378975  0.7058150
 1663.9 1666.7  0.4562050  5.6399336  0.7054292
 1666.7 1669.4  0.4560487  5.6419692  0.7050434
 1669.4 1672.2  0.4558980  5.6439323  0.7046714
 1672.2 1675.0  0.4557417  5.6459680  0.7042856
 1675.0 1677.9  0.4555854  5.6480036  0.7038997
 1677.9 1680.7  0.4554235  5.6501122  0.7035002
 1680.7 1683.5  0.4552673  5.6521478  0.7031144
 1683.5 1686.3  0.4551110  5.6541834  0.7027286
 1686.3 1689.2  0.4549547  5.6562190  0.7023428
 1689.2 1692.0  0.4547928  5.6583276  0.7019432
 1692.0 1694.9  0.4546365  5.6603632  0.7015574
 1694.9 1697.8  0.4544747  5.6624718  0.7011578
 1697.8 1700.7  0.4543128  5.6645803  0.7007583
 1700.7 1703.6  0.4541663  5.6664901  0.7003841
 1703.6 1706.5  0.4540681  5.6677756  0.7000898
 1706.5 1709.4  0.4539699  5.6690617  0.6997954
 1709.4 1712.3  0.4538717  5.6703477  0.6995010
 1712.3 1715.3  0.4537735  5.6716332  0.6992067
 1715.3 1718.2  0.4536719  5.6729636  0.6989022
 1718.2 1721.2  0.4535737  5.6742492  0.6986079
 1721.2 1724.1  0.4534721  5.6755795  0.6983033
 1724.1 1727.1  0.4533739  5.6768651  0.6980090
 1727.1 1730.1  0.4532723  5.6781955  0.6977045
 1730.1 1733.1  0.4531707  5.6795259  0.6974000
 1733.1 1736.1  0.4530691  5.6808558  0.6970955
 1736.1 1739.1  0.4529676  5.6821861  0.6967910
 1739.1 1742.2  0.4528660  5.6835160  0.6964865
 1742.2 1745.2  0.4527610  5.6848907  0.6961719
 1745.2 1748.3  0.4526594  5.6862206  0.6958674
 1748.3 1751.3  0.4525544  5.6875954  0.6955527
 1751.3 1754.4  0.4524528  5.6889253  0.6952482
 1754.4 1757.5  0.4523444  5.6903534  0.6949108
 1757.5 1760.6  0.4522128  5.6921430  0.6944191
 1760.6 1763.7  0.4520811  5.6939325  0.6939275
 1763.7 1766.8  0.4519495  5.6957221  0.6934359
 1766.8 1769.9  0.4518179  5.6975117  0.6929443
 1769.9 1773.0  0.4516862  5.6993012  0.6924527
 1773.0 1776.2  0.4515655  5.7009988  0.6919456
 1776.2 1779.4  0.4514412  5.7027483  0.6914216
 1779.4 1782.5  0.4513169  5.7044978  0.6908975
 1782.5 1785.7  0.4511965  5.7061920  0.6903899
 1785.7 1788.9  0.4510722  5.7079415  0.6898659
 1788.9 1792.1  0.4509589  5.7096052  0.6893265
 1792.1 1795.3  0.4508469  5.7112603  0.6887856
 1795.3 1798.6  0.4507348  5.7129149  0.6882446
 1798.6 1801.8  0.4506192  5.7146215  0.6876867
 1801.8 1805.1  0.4505071  5.7162766  0.6871458
 1805.1 1808.3  0.4504014  5.7179399  0.6865535
 1808.3 1811.6  0.4502995  5.7195506  0.6859770
 1811.6 1814.9  0.4501944  5.7212110  0.6853826
 1814.9 1818.2  0.4500893  5.7228718  0.6847881
 1818.2 1821.5  0.4499853  5.7245235  0.6841936
 1821.5 1824.8  0.4498978  5.7260408  0.6835980
 1824.8 1828.2  0.4498103  5.7275586  0.6830024
 1828.2 1831.5  0.4497201  5.7291222  0.6823888
 1831.5 1834.9  0.4496326  5.7306399  0.6817932
 1834.9 1838.2  0.4495425  5.7322035  0.6811796
 1838.2 1841.6  0.4494700  5.7336321  0.6805643
 1841.6 1845.0  0.4493959  5.7351017  0.6799298
 1845.0 1848.4  0.4493217  5.7365713  0.6792952
 1848.4 1851.9  0.4492476  5.7380404  0.6786607
 1851.9 1855.3  0.4491713  5.7395530  0.6780075
 1855.3 1858.7  0.4491124  5.7409720  0.6773327
 1858.7 1862.2  0.4490539  5.7423892  0.6766567
 1862.2 1865.7  0.4489937  5.7438478  0.6759608
 1865.7 1869.2  0.4489335  5.7453065  0.6752648
 1869.2 1872.7  0.4488745  5.7467580  0.6745687
 1872.7 1876.2  0.4488348  5.7480836  0.6738692
 1876.2 1879.7  0.4487951  5.7494092  0.6731696
 1879.7 1883.2  0.4487554  5.7507348  0.6724700
 1883.2 1886.8  0.4487157  5.7520604  0.6717705
 1886.8 1890.4  0.4486749  5.7534242  0.6710509
 1890.4 1893.9  0.4486537  5.7547007  0.6703072
 1893.9 1897.5  0.4486342  5.7559371  0.6695827
 1897.5 1901.1  0.4486142  5.7572088  0.6688375
 1901.1 1904.8  0.4485941  5.7584801  0.6680923
 1904.8 1908.4  0.4485735  5.7597871  0.6673264
 1908.4 1912.0  0.4485747  5.7610044  0.6665352
 1912.0 1915.7  0.4485772  5.7622190  0.6657413
 1915.7 1919.4  0.4485797  5.7634668  0.6649253
 1919.4 1923.1  0.4485822  5.7647147  0.6641093
 1923.1 1926.8  0.4485854  5.7659597  0.6632932
 1926.8 1930.5  0.4486121  5.7670865  0.6624703
 1930.5 1934.2  0.4486387  5.7682133  0.6616476
 1934.2 1938.0  0.4486654  5.7693400  0.6608248
 1938.0 1941.7  0.4486927  5.7704968  0.6599798
 1941.7 1945.5  0.4487194  5.7716236  0.6591569
 1945.5 1949.3  0.4487712  5.7727003  0.6582829
 1949.3 1953.1  0.4488252  5.7737703  0.6574064
 1953.1 1956.9  0.4488791  5.7748404  0.6565300
 1956.9 1960.8  0.4489331  5.7759099  0.6556535
 1960.8 1964.6  0.4489885  5.7770081  0.6547539
 1964.6 1968.5  0.4490696  5.7780247  0.6538245
 1968.5 1972.4  0.4491544  5.7790647  0.6528676
 1972.4 1976.3  0.4492393  5.7801051  0.6519107
 1976.3 1980.2  0.4493241  5.7811451  0.6509537
 1980.2 1984.1  0.4494101  5.7821803  0.6499965
 1984.1 1988.1  0.4495163  5.7831211  0.6490335
 1988.1 1992.0  0.4496252  5.7840862  0.6480459
 1992.0 1996.0  0.4497314  5.7850270  0.6470829
 1996.0 2000.0  0.4498404  5.7859921  0.6460953
 2000.0 2004.0  0.4499493  5.7869573  0.6451076
 2004.0 2008.0  0.4500814  5.7878804  0.6440650
 2008.0 2012.1  0.4502135  5.7888041  0.6430223
 2012.1 2016.1  0.4503489  5.7897506  0.6419536
 2016.1 2020.2  0.4504810  5.7906737  0.6409109
 2020.2 2024.3  0.4506170  5.7916164  0.6398422
 2024.3 2028.4  0.4507638  5.7924891  0.6387727
 2028.4 2032.5  0.4509106  5.7933617  0.6377032
 2032.5 2036.7  0.4510574  5.7942343  0.6366338
 2036.7 2040.8  0.4512078  5.7951283  0.6355382
 2040.8 2045.0  0.4513547  5.7960010  0.6344687
 2045.0 2049.2  0.4515140  5.7968588  0.6333499
 2049.2 2053.4  0.4516739  5.7977147  0.6322299
 2053.4 2057.6  0.4518337  5.7985706  0.6311100
 2057.6 2061.9  0.4519936  5.7994266  0.6299899
 2061.9 2066.1  0.4521572  5.8003030  0.6288433
 2066.1 2070.4  0.4523240  5.8011570  0.6276761
 2070.4 2074.7  0.4524949  5.8020310  0.6264800
 2074.7 2079.0  0.4526659  5.8029051  0.6252839
 2079.0 2083.3  0.4528369  5.8037791  0.6240878
 2083.3 2087.7  0.4530076  5.8046527  0.6228905
 2087.7 2092.1  0.4531787  5.8055406  0.6216490
 2092.1 2096.4  0.4533499  5.8064284  0.6204074
 2096.4 2100.8  0.4535171  5.8072963  0.6191941
 2100.8 2105.3  0.4536882  5.8081841  0.6179526
 2105.3 2109.7  0.4538623  5.8090920  0.6166838
 2109.7 2114.2  0.4540188  5.8099732  0.6154553
 2114.2 2118.6  0.4541788  5.8108745  0.6141990
 2118.6 2123.1  0.4543354  5.8117561  0.6129705
 2123.1 2127.7  0.4544954  5.8126574  0.6117141
 2127.7 2132.2  0.4546590  5.8135786  0.6104298
 2132.2 2136.8  0.4548013  5.8145113  0.6091636
 2136.8 2141.3  0.4549454  5.8154674  0.6078684
 2141.3 2145.9  0.4550865  5.8164020  0.6066015
 2145.9 2150.5  0.4552306  5.8173580  0.6053064
 2150.5 2155.2  0.4553747  5.8183136  0.6040113
 2155.2 2159.8  0.4555016  5.8194060  0.6026049
 2159.8 2164.5  0.4556233  5.8204885  0.6012187
 2164.5 2169.2  0.4557477  5.8215942  0.5998024
 2169.2 2173.9  0.4558721  5.8227000  0.5983861
 2173.9 2178.6  0.4559965  5.8238063  0.5969698
 2178.6 2183.4  0.4560720  5.8248377  0.5957375
 2183.4 2188.2  0.4561480  5.8258891  0.5944831
 2188.2 2193.0  0.4562241  5.8269405  0.5932286
 2193.0 2197.8  0.4563001  5.8279924  0.5919742
 2197.8 2202.6  0.4563762  5.8290439  0.5907198
 2202.6 2207.5  0.4564288  5.8302517  0.5893611
 2207.5 2212.4  0.4564622  5.8316197  0.5878842
 2212.4 2217.3  0.4564957  5.8329873  0.5864072
 2217.3 2222.2  0.4565292  5.8343554  0.5849302
 2222.2 2227.2  0.4565601  5.8357263  0.5834565
 2227.2 2232.1  0.4565304  5.8372016  0.5820280
 2232.1 2237.1  0.4565012  5.8386474  0.5806281
 2237.1 2242.2  0.4564715  5.8401222  0.5791997
 2242.2 2247.2  0.4564412  5.8416271  0.5777427
 2247.2 2252.3  0.4564084  5.8431082  0.5763161
 2252.3 2257.3  0.4563016  5.8447628  0.5749051
 2257.3 2262.4  0.4561968  5.8463850  0.5735219
 2262.4 2267.6  0.4560900  5.8480396  0.5721110
 2267.6 2272.7  0.4559810  5.8497267  0.5706724
 2272.7 2277.9  0.4558742  5.8513813  0.5692616
 2277.9 2283.1  0.4556728  5.8533120  0.5678215
 2283.1 2288.3  0.4554657  5.8552580  0.5663813
 2288.3 2293.6  0.4552586  5.8572040  0.5649412
 2293.6 2298.9  0.4550475  5.8591871  0.5634734
 2298.9 2304.1  0.4548365  5.8611703  0.5620056
 2304.1 2309.5  0.4545281  5.8633308  0.5606244
 2309.5 2314.8  0.4542058  5.8655787  0.5591913
 2314.8 2320.2  0.4538895  5.8677845  0.5577847
 2320.2 2325.6  0.4535673  5.8700323  0.5563517
 2325.6 2331.0  0.4532450  5.8722801  0.5549185
 2331.0 2336.4  0.4527946  5.8748608  0.5535019
 2336.4 2341.9  0.4523340  5.8774681  0.5520867
 2341.9 2347.4  0.4518648  5.8801241  0.5506452
 2347.4 2352.9  0.4513957  5.8827796  0.5492036
 2352.9 2358.5  0.4509265  5.8854356  0.5477622
 2358.5 2364.1  0.4503033  5.8885112  0.5463515
 2364.1 2369.7  0.4496773  5.8915935  0.5449418
 2369.7 2375.3  0.4490514  5.8946757  0.5435323
 2375.3 2381.0  0.4484255  5.8977580  0.5421226
 2381.0 2386.6  0.4477884  5.9008951  0.5406878
 2386.6 2392.3  0.4470622  5.9043632  0.5393780
 2392.3 2398.1  0.4463231  5.9078927  0.5380449
 2398.1 2403.8  0.4455710  5.9114847  0.5366883
 2403.8 2409.6  0.4448319  5.9150143  0.5353552
 2409.6 2415.5  0.4440798  5.9186063  0.5339985
 2415.5 2421.3  0.4432800  5.9228544  0.5327021
 2421.3 2427.2  0.4424912  5.9270730  0.5314336
 2427.2 2433.1  0.4416888  5.9313641  0.5301433
 2433.1 2439.0  0.4408864  5.9356556  0.5288529
 2439.0 2445.0  0.4400840  5.9399471  0.5275626
 2445.0 2451.0  0.4393641  5.9450021  0.5264031
 2451.0 2457.0  0.4386443  5.9500570  0.5252435
 2457.0 2463.1  0.4379244  5.9551125  0.5240839
 2463.1 2469.1  0.4371925  5.9602518  0.5229051
 2469.1 2475.2  0.4364764  5.9653206  0.5217487
 2475.2 2481.4  0.4359747  5.9712930  0.5207676
 2481.4 2487.6  0.4354648  5.9773636  0.5197704
 2487.6 2493.8  0.4349549  5.9834347  0.5187732
 2493.8 2500.0  0.4344450  5.9895053  0.5177760
 2500.0 2506.3  0.4339351  5.9955759  0.5167788
 2506.3 2512.6  0.4337996  6.0026264  0.5160255
 2512.6 2518.9  0.4336640  6.0096769  0.5152721
 2518.9 2525.3  0.4335285  6.0167274  0.5145189
 2525.3 2531.6  0.4333908  6.0238900  0.5137535
 2531.6 2538.1  0.4332552  6.0309405  0.5130002
 2538.1 2544.5  0.4336374  6.0394406  0.5125018
 2544.5 2551.0  0.4340473  6.0478892  0.5120291
 2551.0 2557.5  0.4344637  6.0564694  0.5115490
 2557.5 2564.1  0.4348801  6.0650501  0.5110689
 2564.1 2570.7  0.4353146  6.0737858  0.5105871
 2570.7 2577.3  0.4365084  6.0840411  0.5104725
 2577.3 2584.0  0.4377021  6.0942969  0.5103579
 2584.0 2590.7  0.4389140  6.1047082  0.5102415
 2590.7 2597.4  0.4401258  6.1151190  0.5101252
 2597.4 2604.2  0.4413906  6.1256032  0.5100343
 2604.2 2611.0  0.4435217  6.1374173  0.5103508
 2611.0 2617.8  0.4456528  6.1492310  0.5106673
 2617.8 2624.7  0.4477839  6.1610446  0.5109838
 2624.7 2631.6  0.4499463  6.1730323  0.5113050
 2631.6 2638.5  0.4521088  6.1850200  0.5116261
 2638.5 2645.5  0.4552841  6.1985650  0.5123706
 2645.5 2652.5  0.4585688  6.2124038  0.5131524
 2652.5 2659.6  0.4618534  6.2262425  0.5139341
 2659.6 2666.7  0.4651850  6.2402792  0.5147270
 2666.7 2673.8  0.4685165  6.2543154  0.5155199
 2673.8 2681.0  0.4727562  6.2692313  0.5166535
 2681.0 2688.2  0.4770962  6.2843966  0.5178182
 2688.2 2695.4  0.4814362  6.2995620  0.5189829
 2695.4 2702.7  0.4857761  6.3147273  0.5201477
 2702.7 2710.0  0.4901764  6.3301034  0.5213287
 2710.0 2717.4  0.4953425  6.3456483  0.5227336
 2717.4 2724.8  0.5006124  6.3614135  0.5241676
 2724.8 2732.2  0.5058826  6.3771791  0.5256016
 2732.2 2739.7  0.5111526  6.3929443  0.5270355
 2739.7 2747.3  0.5164938  6.4089227  0.5284889
 2747.3 2754.8  0.5225153  6.4244585  0.5300525
 2754.8 2762.4  0.5284821  6.4397631  0.5315993
 2762.4 2770.1  0.5345285  6.4552712  0.5331666
 2770.1 2777.8  0.5406547  6.4709840  0.5347547
 2777.8 2785.5  0.5467806  6.4866962  0.5363427
 2785.5 2793.3  0.5533233  6.5008087  0.5378658
 2793.3 2801.1  0.5599624  6.5150609  0.5394070
 2801.1 2809.0  0.5666014  6.5293131  0.5409481
 2809.0 2816.9  0.5733255  6.5437479  0.5425090
 2816.9 2824.9  0.5800495  6.5581827  0.5440698
 2824.9 2832.9  0.5871472  6.5701561  0.5454132
 2832.9 2840.9  0.5942485  6.5820961  0.5467535
 2840.9 2849.0  0.6013499  6.5940356  0.5480939
 2849.0 2857.1  0.6085401  6.6061249  0.5494511
 2857.1 2865.3  0.6157274  6.6181612  0.5508022
 2865.3 2873.6  0.6227755  6.6261001  0.5516859
 2873.6 2881.8  0.6299096  6.6341357  0.5525805
 2881.8 2890.2  0.6369577  6.6420741  0.5534643
 2890.2 2898.6  0.6441776  6.6502066  0.5543696
 2898.6 2907.0  0.6513978  6.6583390  0.5552750
 2907.0 2915.5  0.6584485  6.6613035  0.5555242
 2915.5 2924.0  0.6655747  6.6640420  0.5557432
 2924.0 2932.6  0.6727009  6.6667800  0.5559621
 2932.6 2941.2  0.6799110  6.6695509  0.5561837
 2941.2 2949.9  0.6871061  6.6721721  0.5563866
 2949.9 2958.6  0.6937544  6.6684842  0.5557970
 2958.6 2967.4  0.7004028  6.6647959  0.5552074
 2967.4 2976.2  0.7071273  6.6610656  0.5546110
 2976.2 2985.1  0.7138521  6.6573348  0.5540146
 2985.1 2994.0  0.7206468  6.6534858  0.5534030
 2994.0 3003.0  0.7268664  6.6429257  0.5520418
 3003.0 3012.0  0.7331560  6.6322470  0.5506653
 3012.0 3021.1  0.7394457  6.6215687  0.5492888
 3021.1 3030.3  0.7458052  6.6107712  0.5478970
 3030.3 3039.5  0.7522098  6.5996470  0.5464715
 3039.5 3048.8  0.7578797  6.5823574  0.5444996
 3048.8 3058.1  0.7636113  6.5648799  0.5425063
 3058.1 3067.5  0.7693428  6.5474024  0.5405130
 3067.5 3076.9  0.7751360  6.5297370  0.5384983
 3076.9 3086.4  0.7809291  6.5120716  0.5364836
 3086.4 3096.0  0.7860953  6.4876113  0.5340253
 3096.0 3105.6  0.7913085  6.4628224  0.5315365
 3105.6 3115.3  0.7965218  6.4380336  0.5290477
 3115.3 3125.0  0.8017893  6.4129872  0.5265329
 3125.0 3134.8  0.8070567  6.3879404  0.5240183
 3134.8 3144.7  0.8114850  6.3570676  0.5213477
 3144.7 3154.6  0.8159584  6.3258805  0.5186499
 3154.6 3164.6  0.8204319  6.2946925  0.5159521
 3164.6 3174.6  0.8249506  6.2631903  0.5132270
 3174.6 3184.7  0.8294692  6.2316875  0.5105020
 3184.7 3194.9  0.8332202  6.1942415  0.5078024
 3194.9 3205.1  0.8369745  6.1561904  0.5050782
 3205.1 3215.4  0.8407289  6.1181383  0.5023540
 3215.4 3225.8  0.8445200  6.0797143  0.4996031
 3225.8 3236.2  0.8482810  6.0405016  0.4968458
 3236.2 3246.8  0.8512372  5.9963117  0.4943327
 3246.8 3257.3  0.8542505  5.9512711  0.4917713
 3257.3 3268.0  0.8572353  5.9066558  0.4892340
 3268.0 3278.7  0.8602769  5.8611913  0.4866484
 3278.7 3289.5  0.8630360  5.8141546  0.4841788
 3289.5 3300.3  0.8652816  5.7636771  0.4819076
 3300.3 3311.3  0.8675272  5.7131996  0.4796363
 3311.3 3322.3  0.8698143  5.6617875  0.4773231
 3322.3 3333.3  0.8721015  5.6103754  0.4750098
 3333.3 3344.5  0.8738624  5.5564113  0.4729193
 3344.5 3355.7  0.8754811  5.5006208  0.4708647
 3355.7 3367.0  0.8770998  5.4448299  0.4688100
 3367.0 3378.4  0.8787329  5.3885412  0.4667369
 3378.4 3389.8  0.8801559  5.3355761  0.4648447
 3389.8 3401.4  0.8810506  5.2916026  0.4634211
 3401.4 3413.0  0.8819610  5.2468586  0.4619725
 3413.0 3424.7  0.8828715  5.2021136  0.4605238
 3424.7 3436.4  0.8837898  5.1569834  0.4590628
 3436.4 3448.3  0.8852463  5.0066571  0.4549465
 3448.3 3460.2  0.8867422  4.8509426  0.4506888
 3460.2 3472.2  0.8872157  4.7764463  0.4487374
 3472.2 3484.3  0.8875214  4.7149730  0.4471571
 3484.3 3496.5  0.8878295  4.6529865  0.4455636
 3496.5 3508.8  0.8881403  4.5904884  0.4439569
 3508.8 3521.1  0.8884536  4.5274782  0.4423371
 3521.1 3533.6  0.8887669  4.4644675  0.4407173
 3533.6 3546.1  0.8890853  4.4004326  0.4390711
 3546.1 3558.7  0.8894036  4.3363976  0.4374250
 3558.7 3571.4  0.8894968  4.2743430  0.4358924
 3571.4 3584.2  0.8894877  4.2129211  0.4344049
 3584.2 3597.1  0.8894786  4.1510153  0.4329057
 3597.1 3610.1  0.8894694  4.0886250  0.4313948
 3610.1 3623.2  0.8894602  4.0257521  0.4298721
 3623.2 3636.4  0.8894508  3.9623964  0.4283378
 3636.4 3649.6  0.8894415  3.8985562  0.4267917
 3649.6 3663.0  0.8894321  3.8347151  0.4252456
 3663.0 3676.5  0.8892481  3.7748122  0.4238457
 3676.5 3690.0  0.8890575  3.7146139  0.4224406
 3690.0 3703.7  0.8888668  3.6544156  0.4210356
 3703.7 3717.5  0.8886733  3.5933256  0.4196096
 3717.5 3731.3  0.8884784  3.5317893  0.4181733
 3731.3 3745.3  0.8882834  3.4702532  0.4167370
 3745.3 3759.4  0.8880857  3.4078252  0.4152799
 3759.4 3773.6  0.8878509  3.3491626  0.4139352
 3773.6 3787.9  0.8875964  3.2922025  0.4126427
 3787.9 3802.3  0.8873402  3.2348428  0.4113413
 3802.3 3816.8  0.8870822  3.1770806  0.4100307
 3816.8 3831.4  0.8868224  3.1189182  0.4087110
 3831.4 3846.2  0.8865608  3.0603549  0.4073822
 3846.2 3861.0  0.8862956  3.0009887  0.4060352
 3861.0 3876.0  0.8860624  2.9469395  0.4048235
 3876.0 3891.1  0.8858373  2.8940217  0.4036428
 3891.1 3906.2  0.8856106  2.8407507  0.4024542
 3906.2 3921.6  0.8853840  2.7874806  0.4012656
 3921.6 3937.0  0.8851528  2.7331510  0.4000534
 3937.0 3952.6  0.8849217  2.6788225  0.3988413
 3952.6 3968.3  0.8847029  2.6250041  0.3976402
 3968.3 3984.1  0.8845605  2.5769620  0.3965664
 3984.1 4000.0  0.8844172  2.5286136  0.3954857
 4000.0 4016.1  0.8842729  2.4799597  0.3943982
 4016.1 4032.3  0.8841268  2.4306931  0.3932970
 4032.3 4048.6  0.8839799  2.3811212  0.3921890
 4048.6 4065.0  0.8838320  2.3312428  0.3910742
 4065.0 4081.6  0.8837920  2.2875850  0.3900752
 4081.6 4098.4  0.8837618  2.2440107  0.3890756
 4098.4 4115.2  0.8837313  2.1999123  0.3880640
 4115.2 4132.2  0.8837007  2.1558125  0.3870524
 4132.2 4149.4  0.8836699  2.1111884  0.3860288
 4149.4 4166.7  0.8836386  2.0660403  0.3849931
 4166.7 4184.1  0.8837177  2.0270190  0.3840601
 4184.1 4201.7  0.8838012  1.9880038  0.3831256
 4201.7 4219.4  0.8838856  1.9485399  0.3821804
 4219.4 4237.3  0.8839706  1.9088526  0.3812298
 4237.3 4255.3  0.8840565  1.8687164  0.3802685
 4255.3 4273.5  0.8841664  1.8300271  0.3793294
 4273.5 4291.8  0.8843341  1.7949572  0.3784468
 4291.8 4310.3  0.8845028  1.7596953  0.3775595
 4310.3 4329.0  0.8846734  1.7240478  0.3766623
 4329.0 4347.8  0.8848458  1.6880144  0.3757555
 4347.8 4366.8  0.8850191  1.6517891  0.3748439
 4366.8 4386.0  0.8852351  1.6194859  0.3739923
 4386.0 4405.3  0.8854586  1.5874124  0.3731410
 4405.3 4424.8  0.8856834  1.5551724  0.3722853
 4424.8 4444.4  0.8859105  1.5225981  0.3714207
 4444.4 4464.3  0.8861388  1.4898566  0.3705516
 4464.3 4484.3  0.8863910  1.4596419  0.3697177
 4484.3 4504.5  0.8866524  1.4304669  0.3688987
 4504.5 4524.9  0.8869165  1.4009998  0.3680714
 4524.9 4545.5  0.8871832  1.3712415  0.3672360
 4545.5 4566.2  0.8874525  1.3411911  0.3663924
 4566.2 4587.2  0.8877422  1.3138849  0.3655908
 4587.2 4608.3  0.8880413  1.2869977  0.3647906
 4608.3 4629.6  0.8883419  1.2599831  0.3639867
 4629.6 4651.2  0.8886453  1.2327114  0.3631751
 4651.2 4672.9  0.8889543  1.2052374  0.3623550
 4672.9 4694.8  0.8892858  1.1807355  0.3615805
 4694.8 4717.0  0.8896204  1.1560075  0.3607988
 4717.0 4739.3  0.8899595  1.1309404  0.3600064
 4739.3 4761.9  0.8903002  1.1057609  0.3592105
 4761.9 4784.7  0.8906565  1.0817740  0.3584283
 4784.7 4807.7  0.8910260  1.0589639  0.3576613
 4807.7 4830.9  0.8913987  1.0359541  0.3568876
 4830.9 4854.4  0.8917747  1.0127444  0.3561071
 4854.4 4878.0  0.8921592  0.9897195  0.3553243
 4878.0 4902.0  0.8925617  0.9687108  0.3545718
 4902.0 4926.1  0.8929710  0.9473462  0.3538066
 4926.1 4950.5  0.8933820  0.9258925  0.3530381
 4950.5 4975.1  0.8937985  0.9042195  0.3522609
 4975.1 5000.0  0.8942376  0.8846626  0.3515138
 5000.0 5025.1  0.8946820  0.8648673  0.3507575
 5025.1 5050.5  0.8951300  0.8449128  0.3499952
 5050.5 5076.1  0.8955838  0.8247616  0.3492245
 5076.1 5102.0  0.8960605  0.8065379  0.3484808
 5102.0 5128.2  0.8965427  0.7881007  0.3477283
 5128.2 5154.6  0.8970306  0.7694498  0.3469672
 5154.6 5181.3  0.8975257  0.7509955  0.3462056
 5181.3 5208.3  0.8980433  0.7339557  0.3454611
 5208.3 5235.6  0.8985667  0.7167243  0.3447081
 5235.6 5263.2  0.8990960  0.6993012  0.3439468
 5263.2 5291.0  0.8996414  0.6825645  0.3431910
 5291.0 5319.1  0.9002022  0.6666709  0.3424449
 5319.1 5347.6  0.9007691  0.6506057  0.3416908
 5347.6 5376.3  0.9013441  0.6343119  0.3409259
 5376.3 5405.4  0.9019450  0.6195183  0.3401811
 5405.4 5434.8  0.9025563  0.6046678  0.3394282
 5434.8 5464.5  0.9031739  0.5896643  0.3386675
 5464.5 5494.5  0.9038110  0.5753515  0.3379123
 5494.5 5524.9  0.9044684  0.5617878  0.3371634
 5524.9 5555.6  0.9051344  0.5480433  0.3364046
 5555.6 5586.6  0.9058126  0.5344737  0.3356431
 5586.6 5618.0  0.9065218  0.5221776  0.3348960
 5618.0 5649.7  0.9072402  0.5097231  0.3341393
 5649.7 5681.8  0.9079654  0.4971493  0.3333754
 5681.8 5714.3  0.9087284  0.4859961  0.3326264
 5714.3 5747.1  0.9095011  0.4747188  0.3318683
 5747.1 5780.3  0.9102811  0.4633373  0.3311031
 5780.3 5814.0  0.9110931  0.4530701  0.3303482
 5814.0 5848.0  0.9119194  0.4427699  0.3295837
 5848.0 5882.4  0.9127532  0.4323780  0.3288125
 5882.4 5917.2  0.9136159  0.4229585  0.3280491
 5917.2 5952.4  0.9144898  0.4134977  0.3272780
 5952.4 5988.0  0.9153749  0.4039938  0.3264990
 5988.0 6024.1  0.9162852  0.3952866  0.3257251
 6024.1 6060.6  0.9172083  0.3864570  0.3249405
 6060.6 6097.6  0.9181451  0.3777588  0.3241507
 6097.6 6135.0  0.9191037  0.3695089  0.3233588
 6135.0 6172.8  0.9200727  0.3611698  0.3225584
 6172.8 6211.2  0.9210572  0.3531208  0.3217553
 6211.2 6250.0  0.9220610  0.3451974  0.3209434
 6250.0 6289.3  0.9230751  0.3371915  0.3201230
 6289.3 6329.1  0.9241073  0.3295605  0.3192994
 6329.1 6369.4  0.9251527  0.3218323  0.3184653
 6369.4 6410.3  0.9262117  0.3141639  0.3176231
 6410.3 6451.6  0.9272872  0.3065526  0.3167711
 6451.6 6493.5  0.9283730  0.2988736  0.3159109
 6493.5 6535.9  0.9294719  0.2912541  0.3150406
 6535.9 6578.9  0.9305839  0.2835437  0.3141600
 6578.9 6622.5  0.9317068  0.2757399  0.3132672
 6622.5 6666.7  0.9328431  0.2678349  0.3123620
 6666.7 6711.4  0.9339905  0.2597687  0.3114434
 6711.4 6756.8  0.9351434  0.2515240  0.3105130
 6756.8 6802.7  0.9363117  0.2431040  0.3095672
 6802.7 6849.3  0.9374780  0.2343270  0.3086068
 6849.3 6896.6  0.9386621  0.2254162  0.3076319
 6896.6 6944.4  0.9398424  0.2159811  0.3066359
 6944.4 6993.0  0.9410349  0.2064404  0.3056293
 6993.0 7042.3  0.9422261  0.1964551  0.3046013
 7042.3 7092.2  0.9434315  0.1862883  0.3035578
 7092.2 7142.9  0.9446298  0.1758489  0.3024990
 7142.9 7194.2  0.9458433  0.1652146  0.3014228
 7194.2 7246.4  0.9470468  0.1544324  0.3003332
 7246.4 7299.3  0.9482673  0.1434576  0.2992243
 7299.3 7352.9  0.9494743  0.1324595  0.2981020
 7352.9 7407.4  0.9506931  0.1213411  0.2969652
 7407.4 7462.7  0.9518973  0.1103250  0.2958132
 7462.7 7518.8  0.9531093  0.0992597  0.2946459
 7518.8 7575.8  0.9543054  0.0884177  0.2934671
 7575.8 7633.6  0.9554977  0.0777218  0.2922740
 7633.6 7692.3  0.9566785  0.0672683  0.2910697
 7692.3 7751.9  0.9578337  0.0573432  0.2898566
 7751.9 7812.5  0.9589870  0.0475773  0.2886293
 7812.5 7874.0  0.9600884  0.0388665  0.2873991
 7874.0 7936.5  0.9611719  0.0306470  0.2861596
 7936.5 8000.0  0.9622183  0.0232794  0.2849142
 8000.0 8064.5  0.9631967  0.0173816  0.2836720
 8064.5 8130.1  0.9641382  0.0123867  0.2824247
 8130.1 8196.7  0.9649936  0.0092716  0.2811847
 8196.7 8264.5  0.9657508  0.0082912  0.2799575
 8264.5 8333.3  0.9664322  0.0090558  0.2787338
 8333.3 8403.4  0.9669703  0.0128755  0.2775365
 8403.4 8474.6  0.9673384  0.0203763  0.2763691
 8474.6 8547.0  0.9676551  0.0291409  0.2752001
 8547.0 8620.7  0.9679770  0.0380534  0.2740114
 8620.7 8695.7  0.9683048  0.0471259  0.2728013
 8695.7 8771.9  0.9686384  0.0563584  0.2715698
 8771.9 8849.6  0.9689772  0.0657386  0.2703187
 8849.6 8928.6  0.9693227  0.0753034  0.2690430
 8928.6 9009.0  0.9696741  0.0850283  0.2677459
 9009.0 9090.9  0.9700316  0.0949256  0.2664258
 9090.9 9174.3  0.9703959  0.1050075  0.2650811
 9174.3 9259.3  0.9707667  0.1152740  0.2637118
 9259.3 9345.8  0.9711447  0.1257375  0.2623161
 9345.8 9434.0  0.9715294  0.1363856  0.2608959
 9434.0 9523.8  0.9719216  0.1472431  0.2594477
 9523.8 9615.4  0.9723210  0.1582974  0.2579733
 9615.4 9708.7  0.9727284  0.1695735  0.2564693
 9708.7 9803.9  0.9731433  0.1810587  0.2549374
 9803.9 9901.0  0.9735667  0.1927778  0.2533743
 9901.0 9911.0  0.9739984  0.2047308  0.2517801
