 1176.5 1177.9  0.3242424 33.3513527  0.9392611
 1177.9 1179.2  0.3240381 33.3790131  0.9392758
 1179.2 1180.6  0.3238485 33.4047012  0.9392894
 1180.6 1182.0  0.3236442 33.4323616  0.9393041
 1182.0 1183.4  0.3234399 33.4600258  0.9393187
 1183.4 1184.8  0.3232357 33.4876862  0.9393334
 1184.8 1186.2  0.3230314 33.5153503  0.9393480
 1186.2 1187.6  0.3228271 33.5430107  0.9393627
 1187.6 1189.1  0.3226229 33.5706711  0.9393774
 1189.1 1190.5  0.3224040 33.6003075  0.9393930
 1190.5 1191.9  0.3221997 33.6279716  0.9394077
 1191.9 1193.3  0.3219954 33.6556320  0.9394224
 1193.3 1194.7  0.3217912 33.6832962  0.9394370
 1194.7 1196.2  0.3215869 33.7109566  0.9394517
 1196.2 1197.6  0.3213681 33.7405930  0.9394674
 1197.6 1199.0  0.3211638 33.7682571  0.9394820
 1199.0 1200.5  0.3209595 33.7959175  0.9394967
 1200.5 1201.9  0.3207406 33.8255577  0.9395124
 1201.9 1203.4  0.3205364 33.8532181  0.9395270
 1203.4 1204.8  0.3203175 33.8828583  0.9395428
 1204.8 1206.3  0.3201132 33.9105186  0.9395574
 1206.3 1207.7  0.3198944 33.9401550  0.9395731
 1207.7 1209.2  0.3196901 33.9678154  0.9395878
 1209.2 1210.7  0.3194713 33.9974556  0.9396035
 1210.7 1212.1  0.3192524 34.0270920  0.9396192
 1212.1 1213.6  0.3190481 34.0547562  0.9396338
 1213.6 1215.1  0.3188293 34.0843925  0.9396495
 1215.1 1216.5  0.3186104 34.1140289  0.9396653
 1216.5 1218.0  0.3184061 34.1416931  0.9396799
 1218.0 1219.5  0.3181873 34.1713295  0.9396956
 1219.5 1221.0  0.3179684 34.2009659  0.9397113
 1221.0 1222.5  0.3177496 34.2306061  0.9397270
 1222.5 1224.0  0.3175307 34.2602425  0.9397427
 1224.0 1225.5  0.3173118 34.2898827  0.9397584
 1225.5 1227.0  0.3170930 34.3195190  0.9397742
 1227.0 1228.5  0.3168741 34.3491554  0.9397898
 1228.5 1230.0  0.3166552 34.3787956  0.9398056
 1230.0 1231.5  0.3164364 34.4084320  0.9398212
 1231.5 1233.0  0.3162175 34.4380684  0.9398369
 1233.0 1234.6  0.3159987 34.4677086  0.9398527
 1234.6 1236.1  0.3157652 34.4993210  0.9398694
 1236.1 1237.6  0.3155464 34.5289574  0.9398851
 1237.6 1239.2  0.3153275 34.5585976  0.9399008
 1239.2 1240.7  0.3150941 34.5902100  0.9399176
 1240.7 1242.2  0.3148752 34.6198463  0.9399332
 1242.2 1243.8  0.3146563 34.6494865  0.9399490
 1243.8 1245.3  0.3144229 34.6810989  0.9399657
 1245.3 1246.9  0.3142040 34.7107391  0.9399814
 1246.9 1248.4  0.3139706 34.7423515  0.9399981
 1248.4 1250.0  0.3137517 34.7719879  0.9400139
 1250.0 1251.6  0.3135183 34.8036003  0.9400306
 1251.6 1253.1  0.3132848 34.8352165  0.9400474
 1253.1 1254.7  0.3130659 34.8648529  0.9400631
 1254.7 1256.3  0.3128325 34.8964653  0.9400798
 1256.3 1257.9  0.3125990 34.9280815  0.9400966
 1257.9 1259.4  0.3123656 34.9596939  0.9401133
 1259.4 1261.0  0.3121467 34.9893341  0.9401290
 1261.0 1262.6  0.3119133 35.0209465  0.9401458
 1262.6 1264.2  0.3116798 35.0525589  0.9401625
 1264.2 1265.8  0.3114464 35.0841713  0.9401793
 1265.8 1267.4  0.3112129 35.1157875  0.9401960
 1267.4 1269.0  0.3109795 35.1473999  0.9402128
 1269.0 1270.6  0.3107460 35.1790123  0.9402295
 1270.6 1272.3  0.3105126 35.2106247  0.9402463
 1272.3 1273.9  0.3102645 35.2442169  0.9402641
 1273.9 1275.5  0.3100311 35.2758293  0.9402809
 1275.5 1277.1  0.3097976 35.3074417  0.9402976
 1277.1 1278.8  0.3095642 35.3390579  0.9403144
 1278.8 1280.4  0.3093161 35.3726463  0.9403321
 1280.4 1282.1  0.3090827 35.4042625  0.9403489
 1282.1 1283.7  0.3088346 35.4378510  0.9403667
 1283.7 1285.3  0.3086012 35.4694633  0.9403834
 1285.3 1287.0  0.3083677 35.5010796  0.9404002
 1287.0 1288.7  0.3081197 35.5346680  0.9404180
 1288.7 1290.3  0.3078716 35.5682564  0.9404358
 1290.3 1292.0  0.3076382 35.5998688  0.9404525
 1292.0 1293.7  0.3073902 35.6334572  0.9404703
 1293.7 1295.3  0.3071421 35.6670456  0.9404881
 1295.3 1297.0  0.3069086 35.6986618  0.9405048
 1297.0 1298.7  0.3066606 35.7322502  0.9405227
 1298.7 1300.4  0.3064126 35.7658386  0.9405405
 1300.4 1302.1  0.3061833 35.7969284  0.9405552
 1302.1 1303.8  0.3060149 35.8198853  0.9405601
 1303.8 1305.5  0.3058465 35.8428459  0.9405650
 1305.5 1307.2  0.3056782 35.8658028  0.9405698
 1307.2 1308.9  0.3055098 35.8887596  0.9405747
 1308.9 1310.6  0.3053415 35.9117203  0.9405796
 1310.6 1312.3  0.3051731 35.9346771  0.9405844
 1312.3 1314.1  0.3050047 35.9576340  0.9405893
 1314.1 1315.8  0.3048265 35.9819412  0.9405945
 1315.8 1317.5  0.3046581 36.0049019  0.9405993
 1317.5 1319.3  0.3044897 36.0278587  0.9406042
 1319.3 1321.0  0.3043115 36.0521660  0.9406094
 1321.0 1322.8  0.3041431 36.0751228  0.9406142
 1322.8 1324.5  0.3039648 36.0994339  0.9406194
 1324.5 1326.3  0.3037965 36.1223907  0.9406242
 1326.3 1328.0  0.3036182 36.1466980  0.9406294
 1328.0 1329.8  0.3034498 36.1696548  0.9406343
 1329.8 1331.6  0.3032716 36.1939659  0.9406394
 1331.6 1333.3  0.3030933 36.2182732  0.9406446
 1333.3 1335.1  0.3029249 36.2412338  0.9406494
 1335.1 1336.9  0.3027467 36.2655411  0.9406546
 1336.9 1338.7  0.3025684 36.2898483  0.9406598
 1338.7 1340.5  0.3023901 36.3141556  0.9406649
 1340.5 1342.3  0.3022119 36.3384628  0.9406701
 1342.3 1344.1  0.3020336 36.3627739  0.9406753
 1344.1 1345.9  0.3018553 36.3870811  0.9406804
 1345.9 1347.7  0.3016770 36.4113884  0.9406856
 1347.7 1349.5  0.3014988 36.4356956  0.9406907
 1349.5 1351.4  0.3013205 36.4600067  0.9406959
 1351.4 1353.2  0.3011438 36.4841881  0.9406972
 1353.2 1355.0  0.3009802 36.5065994  0.9406971
 1355.0 1356.9  0.3008167 36.5290108  0.9406970
 1356.9 1358.7  0.3006440 36.5526657  0.9406968
 1358.7 1360.5  0.3004805 36.5750771  0.9406967
 1360.5 1362.4  0.3003169 36.5974884  0.9406965
 1362.4 1364.3  0.3001443 36.6211433  0.9406964
 1364.3 1366.1  0.2999717 36.6447983  0.9406962
 1366.1 1368.0  0.2998081 36.6672096  0.9406961
 1368.0 1369.9  0.2996355 36.6908646  0.9406960
 1369.9 1371.7  0.2994628 36.7145233  0.9406958
 1371.7 1373.6  0.2992993 36.7369308  0.9406957
 1373.6 1375.5  0.2991267 36.7605896  0.9406956
 1375.5 1377.4  0.2989540 36.7842445  0.9406954
 1377.4 1379.3  0.2987814 36.8078995  0.9406953
 1379.3 1381.2  0.2986087 36.8315582  0.9406952
 1381.2 1383.1  0.2984361 36.8552094  0.9406950
 1383.1 1385.0  0.2982635 36.8788681  0.9406949
 1385.0 1387.0  0.2980908 36.9025230  0.9406947
 1387.0 1388.9  0.2979091 36.9274254  0.9406946
 1388.9 1390.8  0.2977365 36.9510803  0.9406945
 1390.8 1392.8  0.2975638 36.9747353  0.9406943
 1392.8 1394.7  0.2973821 36.9996376  0.9406942
 1394.7 1396.6  0.2972095 37.0232925  0.9406940
 1396.6 1398.6  0.2970368 37.0469475  0.9406939
 1398.6 1400.6  0.2968551 37.0718498  0.9406937
 1400.6 1402.5  0.2966781 37.0961418  0.9406920
 1402.5 1404.5  0.2965203 37.1178741  0.9406869
 1404.5 1406.5  0.2963542 37.1407509  0.9406815
 1406.5 1408.5  0.2961881 37.1636276  0.9406761
 1408.5 1410.4  0.2960221 37.1865044  0.9406707
 1410.4 1412.4  0.2958643 37.2082367  0.9406656
 1412.4 1414.4  0.2956982 37.2311134  0.9406602
 1414.4 1416.4  0.2955321 37.2539902  0.9406548
 1416.4 1418.4  0.2953660 37.2768631  0.9406494
 1418.4 1420.5  0.2952000 37.2997398  0.9406440
 1420.5 1422.5  0.2950256 37.3237610  0.9406384
 1422.5 1424.5  0.2948595 37.3466377  0.9406330
 1424.5 1426.5  0.2946934 37.3695145  0.9406276
 1426.5 1428.6  0.2945273 37.3923912  0.9406222
 1428.6 1430.6  0.2943529 37.4164085  0.9406165
 1430.6 1432.7  0.2941869 37.4392853  0.9406112
 1432.7 1434.7  0.2940125 37.4633064  0.9406055
 1434.7 1436.8  0.2938464 37.4861832  0.9406002
 1436.8 1438.8  0.2936720 37.5102043  0.9405945
 1438.8 1440.9  0.2935059 37.5330811  0.9405891
 1440.9 1443.0  0.2933316 37.5570984  0.9405834
 1443.0 1445.1  0.2931572 37.5811195  0.9405777
 1445.1 1447.2  0.2929828 37.6051407  0.9405721
 1447.2 1449.3  0.2928084 37.6291580  0.9405665
 1449.3 1451.4  0.2926340 37.6531792  0.9405608
 1451.4 1453.5  0.2924702 37.6758308  0.9405519
 1453.5 1455.6  0.2923116 37.6977959  0.9405413
 1455.6 1457.7  0.2921530 37.7197609  0.9405308
 1457.7 1459.9  0.2919945 37.7417297  0.9405203
 1459.9 1462.0  0.2918283 37.7647400  0.9405092
 1462.0 1464.1  0.2916698 37.7867050  0.9404987
 1464.1 1466.3  0.2915112 37.8086739  0.9404882
 1466.3 1468.4  0.2913451 37.8316841  0.9404771
 1468.4 1470.6  0.2911865 37.8536530  0.9404665
 1470.6 1472.8  0.2910204 37.8766632  0.9404555
 1472.8 1474.9  0.2908543 37.8996773  0.9404445
 1474.9 1477.1  0.2906957 37.9216423  0.9404339
 1477.1 1479.3  0.2905296 37.9446526  0.9404229
 1479.3 1481.5  0.2903634 37.9676666  0.9404118
 1481.5 1483.7  0.2901973 37.9906769  0.9404008
 1483.7 1485.9  0.2900312 38.0136909  0.9403898
 1485.9 1488.1  0.2898651 38.0367012  0.9403787
 1488.1 1490.3  0.2896990 38.0597153  0.9403676
 1490.3 1492.5  0.2895328 38.0827255  0.9403566
 1492.5 1494.8  0.2893667 38.1057396  0.9403456
 1494.8 1497.0  0.2891930 38.1297989  0.9403340
 1497.0 1499.3  0.2890269 38.1528091  0.9403230
 1499.3 1501.5  0.2888532 38.1768684  0.9403114
 1501.5 1503.8  0.2886981 38.1984520  0.9402973
 1503.8 1506.0  0.2885412 38.2203217  0.9402810
 1506.0 1508.3  0.2883911 38.2412376  0.9402655
 1508.3 1510.6  0.2882342 38.2631111  0.9402492
 1510.6 1512.9  0.2880774 38.2849770  0.9402329
 1512.9 1515.2  0.2879205 38.3068466  0.9402167
 1515.2 1517.5  0.2877636 38.3287163  0.9402004
 1517.5 1519.8  0.2876067 38.3505859  0.9401841
 1519.8 1522.1  0.2874498 38.3724556  0.9401679
 1522.1 1524.4  0.2872930 38.3943253  0.9401516
 1524.4 1526.7  0.2871361 38.4161949  0.9401354
 1526.7 1529.1  0.2869792 38.4380646  0.9401191
 1529.1 1531.4  0.2868155 38.4608841  0.9401021
 1531.4 1533.7  0.2866586 38.4827538  0.9400858
 1533.7 1536.1  0.2865017 38.5046234  0.9400696
 1536.1 1538.5  0.2863380 38.5274429  0.9400526
 1538.5 1540.8  0.2861743 38.5502625  0.9400356
 1540.8 1543.2  0.2860174 38.5721321  0.9400194
 1543.2 1545.6  0.2858537 38.5949516  0.9400024
 1545.6 1548.0  0.2856900 38.6177750  0.9399854
 1548.0 1550.4  0.2855263 38.6405945  0.9399684
 1550.4 1552.8  0.2853655 38.6630402  0.9399508
 1552.8 1555.2  0.2852189 38.6836243  0.9399295
 1555.2 1557.6  0.2850723 38.7042046  0.9399082
 1557.6 1560.1  0.2849257 38.7247887  0.9398869
 1560.1 1562.5  0.2847730 38.7462273  0.9398648
 1562.5 1564.9  0.2846264 38.7668114  0.9398435
 1564.9 1567.4  0.2844797 38.7873917  0.9398223
 1567.4 1569.9  0.2843270 38.8088341  0.9398001
 1569.9 1572.3  0.2841743 38.8302727  0.9397780
 1572.3 1574.8  0.2840277 38.8508568  0.9397567
 1574.8 1577.3  0.2838750 38.8722954  0.9397346
 1577.3 1579.8  0.2837223 38.8937340  0.9397124
 1579.8 1582.3  0.2835696 38.9151764  0.9396903
 1582.3 1584.8  0.2834169 38.9366150  0.9396681
 1584.8 1587.3  0.2832642 38.9580536  0.9396459
 1587.3 1589.8  0.2831115 38.9794960  0.9396238
 1589.8 1592.4  0.2829587 39.0009346  0.9396017
 1592.4 1594.9  0.2827999 39.0232315  0.9395787
 1594.9 1597.4  0.2826472 39.0446739  0.9395565
 1597.4 1600.0  0.2824945 39.0661125  0.9395343
 1600.0 1602.6  0.2823357 39.0884094  0.9395113
 1602.6 1605.1  0.2821953 39.1082878  0.9394838
 1605.1 1607.7  0.2820604 39.1273994  0.9394574
 1607.7 1610.3  0.2819200 39.1472778  0.9394299
 1610.3 1612.9  0.2817796 39.1671562  0.9394023
 1612.9 1615.5  0.2816393 39.1870346  0.9393749
 1615.5 1618.1  0.2814989 39.2069092  0.9393473
 1618.1 1620.7  0.2813586 39.2267876  0.9393198
 1620.7 1623.4  0.2812182 39.2466660  0.9392924
 1623.4 1626.0  0.2810725 39.2673073  0.9392638
 1626.0 1628.7  0.2809321 39.2871857  0.9392363
 1628.7 1631.3  0.2807864 39.3078270  0.9392077
 1631.3 1634.0  0.2806460 39.3277054  0.9391802
 1634.0 1636.7  0.2805002 39.3483467  0.9391516
 1636.7 1639.3  0.2803545 39.3689919  0.9391231
 1639.3 1642.0  0.2802141 39.3888702  0.9390956
 1642.0 1644.7  0.2800684 39.4095116  0.9390671
 1644.7 1647.4  0.2799226 39.4301529  0.9390385
 1647.4 1650.2  0.2797769 39.4507942  0.9390099
 1650.2 1652.9  0.2796272 39.4720078  0.9389799
 1652.9 1655.6  0.2795013 39.4900627  0.9389458
 1655.6 1658.4  0.2793753 39.5081177  0.9389117
 1658.4 1661.1  0.2792448 39.5268402  0.9388764
 1661.1 1663.9  0.2791189 39.5448952  0.9388424
 1663.9 1666.7  0.2789883 39.5636177  0.9388070
 1666.7 1669.4  0.2788577 39.5823402  0.9387717
 1669.4 1672.2  0.2787318 39.6003952  0.9387376
 1672.2 1675.0  0.2786012 39.6191177  0.9387022
 1675.0 1677.9  0.2784706 39.6378403  0.9386669
 1677.9 1680.7  0.2783354 39.6572342  0.9386303
 1680.7 1683.5  0.2782048 39.6759567  0.9385950
 1683.5 1686.3  0.2780743 39.6946793  0.9385597
 1686.3 1689.2  0.2779437 39.7134018  0.9385243
 1689.2 1692.0  0.2778085 39.7327957  0.9384877
 1692.0 1694.9  0.2776779 39.7515182  0.9384524
 1694.9 1697.8  0.2775426 39.7709084  0.9384158
 1697.8 1700.7  0.2774074 39.7903023  0.9383792
 1700.7 1703.6  0.2772851 39.8078766  0.9383445
 1703.6 1706.5  0.2772034 39.8197479  0.9383159
 1706.5 1709.4  0.2771216 39.8316154  0.9382873
 1709.4 1712.3  0.2770399 39.8434868  0.9382587
 1712.3 1715.3  0.2769581 39.8553543  0.9382301
 1715.3 1718.2  0.2768736 39.8676338  0.9382005
 1718.2 1721.2  0.2767919 39.8795013  0.9381720
 1721.2 1724.1  0.2767073 39.8917809  0.9381424
 1724.1 1727.1  0.2766256 39.9036484  0.9381138
 1727.1 1730.1  0.2765410 39.9159279  0.9380842
 1730.1 1733.1  0.2764565 39.9282074  0.9380546
 1733.1 1736.1  0.2763719 39.9404869  0.9380251
 1736.1 1739.1  0.2762874 39.9527664  0.9379955
 1739.1 1742.2  0.2762028 39.9650421  0.9379659
 1742.2 1745.2  0.2761155 39.9777298  0.9379354
 1745.2 1748.3  0.2760309 39.9900093  0.9379058
 1748.3 1751.3  0.2759435 40.0026970  0.9378752
 1751.3 1754.4  0.2758590 40.0149765  0.9378456
 1754.4 1757.5  0.2757686 40.0281372  0.9378124
 1757.5 1760.6  0.2756580 40.0444717  0.9377617
 1760.6 1763.7  0.2755474 40.0608063  0.9377109
 1763.7 1766.8  0.2754369 40.0771446  0.9376602
 1766.8 1769.9  0.2753263 40.0934792  0.9376095
 1769.9 1773.0  0.2752157 40.1098175  0.9375587
 1773.0 1776.2  0.2751131 40.1251259  0.9375048
 1776.2 1779.4  0.2750075 40.1408958  0.9374491
 1779.4 1782.5  0.2749018 40.1566658  0.9373934
 1782.5 1785.7  0.2747995 40.1719437  0.9373394
 1785.7 1788.9  0.2746939 40.1877098  0.9372836
 1788.9 1792.1  0.2745962 40.2024727  0.9372246
 1792.1 1795.3  0.2744992 40.2171249  0.9371654
 1795.3 1798.6  0.2744023 40.2317810  0.9371061
 1798.6 1801.8  0.2743023 40.2468948  0.9370449
 1801.8 1805.1  0.2742054 40.2615509  0.9369856
 1805.1 1808.3  0.2741116 40.2759361  0.9369188
 1808.3 1811.6  0.2740211 40.2898407  0.9368536
 1811.6 1814.9  0.2739277 40.3041763  0.9367864
 1814.9 1818.2  0.2738344 40.3185158  0.9367192
 1818.2 1821.5  0.2737418 40.3327522  0.9366519
 1821.5 1824.8  0.2736610 40.3454247  0.9365825
 1824.8 1828.2  0.2735801 40.3580933  0.9365131
 1828.2 1831.5  0.2734969 40.3711472  0.9364415
 1831.5 1834.9  0.2734160 40.3838158  0.9363721
 1834.9 1838.2  0.2733327 40.3968697  0.9363006
 1838.2 1841.6  0.2732618 40.4082832  0.9362267
 1841.6 1845.0  0.2731890 40.4199982  0.9361504
 1845.0 1848.4  0.2731163 40.4317169  0.9360741
 1848.4 1851.9  0.2730435 40.4434357  0.9359978
 1851.9 1855.3  0.2729686 40.4554977  0.9359193
 1855.3 1858.7  0.2729048 40.4661407  0.9358356
 1858.7 1862.2  0.2728413 40.4767532  0.9357517
 1862.2 1865.7  0.2727759 40.4876785  0.9356653
 1865.7 1869.2  0.2727105 40.4986038  0.9355789
 1869.2 1872.7  0.2726460 40.5094261  0.9354924
 1872.7 1876.2  0.2725941 40.5185547  0.9354029
 1876.2 1879.7  0.2725423 40.5276871  0.9353133
 1879.7 1883.2  0.2724905 40.5368195  0.9352238
 1883.2 1886.8  0.2724387 40.5459480  0.9351343
 1886.8 1890.4  0.2723854 40.5553398  0.9350422
 1890.4 1893.9  0.2723441 40.5632133  0.9349442
 1893.9 1897.5  0.2723046 40.5707817  0.9348485
 1897.5 1901.1  0.2722640 40.5785637  0.9347502
 1901.1 1904.8  0.2722234 40.5863495  0.9346519
 1904.8 1908.4  0.2721817 40.5943489  0.9345508
 1908.4 1912.0  0.2721530 40.6006927  0.9344432
 1912.0 1915.7  0.2721250 40.6069527  0.9343351
 1915.7 1919.4  0.2720963 40.6133881  0.9342240
 1919.4 1923.1  0.2720675 40.6198235  0.9341129
 1923.1 1926.8  0.2720392 40.6262054  0.9340017
 1926.8 1930.5  0.2720254 40.6306801  0.9338862
 1930.5 1934.2  0.2720116 40.6351585  0.9337708
 1934.2 1938.0  0.2719978 40.6396332  0.9336553
 1938.0 1941.7  0.2719836 40.6442299  0.9335367
 1941.7 1945.5  0.2719698 40.6487083  0.9334213
 1945.5 1949.3  0.2719697 40.6515312  0.9332952
 1949.3 1953.1  0.2719708 40.6542053  0.9331685
 1953.1 1956.9  0.2719719 40.6568756  0.9330418
 1956.9 1960.8  0.2719730 40.6595459  0.9329151
 1960.8 1964.6  0.2719741 40.6622887  0.9327851
 1964.6 1968.5  0.2719900 40.6631813  0.9326470
 1968.5 1972.4  0.2720070 40.6639977  0.9325047
 1972.4 1976.3  0.2720241 40.6648102  0.9323624
 1976.3 1980.2  0.2720412 40.6656227  0.9322200
 1980.2 1984.1  0.2720590 40.6663513  0.9320775
 1984.1 1988.1  0.2720890 40.6654663  0.9319308
 1988.1 1992.0  0.2721198 40.6645584  0.9317803
 1992.0 1996.0  0.2721499 40.6636734  0.9316337
 1996.0 2000.0  0.2721808 40.6627655  0.9314833
 2000.0 2004.0  0.2722116 40.6618576  0.9313328
 2004.0 2008.0  0.2722549 40.6594696  0.9311706
 2008.0 2012.1  0.2722983 40.6570778  0.9310085
 2012.1 2016.1  0.2723427 40.6546288  0.9308422
 2016.1 2020.2  0.2723860 40.6522408  0.9306800
 2020.2 2024.3  0.2724308 40.6497421  0.9305137
 2024.3 2028.4  0.2724828 40.6462975  0.9303445
 2028.4 2032.5  0.2725347 40.6428528  0.9301752
 2032.5 2036.7  0.2725866 40.6394043  0.9300060
 2036.7 2040.8  0.2726398 40.6358757  0.9298326
 2040.8 2045.0  0.2726918 40.6324310  0.9296634
 2045.0 2049.2  0.2727504 40.6282501  0.9294840
 2049.2 2053.4  0.2728093 40.6240387  0.9293043
 2053.4 2057.6  0.2728682 40.6198235  0.9291246
 2057.6 2061.9  0.2729272 40.6156120  0.9289449
 2061.9 2066.1  0.2729875 40.6112976  0.9287609
 2066.1 2070.4  0.2730501 40.6067390  0.9285714
 2070.4 2074.7  0.2731143 40.6020660  0.9283773
 2074.7 2079.0  0.2731785 40.5973892  0.9281831
 2079.0 2083.3  0.2732427 40.5927124  0.9279889
 2083.3 2087.7  0.2733068 40.5880547  0.9277943
 2087.7 2092.1  0.2733710 40.5835075  0.9275910
 2092.1 2096.4  0.2734352 40.5789642  0.9273875
 2096.4 2100.8  0.2734980 40.5745201  0.9271888
 2100.8 2105.3  0.2735622 40.5699730  0.9269853
 2105.3 2109.7  0.2736274 40.5653839  0.9267774
 2109.7 2114.2  0.2736848 40.5616837  0.9265747
 2114.2 2118.6  0.2737435 40.5578995  0.9263674
 2118.6 2123.1  0.2738009 40.5541992  0.9261647
 2123.1 2127.7  0.2738597 40.5504150  0.9259575
 2127.7 2132.2  0.2739197 40.5465469  0.9257456
 2132.2 2136.8  0.2739692 40.5439987  0.9255358
 2136.8 2141.3  0.2740192 40.5414848  0.9253211
 2141.3 2145.9  0.2740681 40.5390244  0.9251111
 2145.9 2150.5  0.2741180 40.5365105  0.9248965
 2150.5 2155.2  0.2741680 40.5339966  0.9246818
 2155.2 2159.8  0.2742067 40.5333023  0.9244483
 2159.8 2164.5  0.2742431 40.5328445  0.9242179
 2164.5 2169.2  0.2742803 40.5323753  0.9239827
 2169.2 2173.9  0.2743176 40.5319061  0.9237474
 2173.9 2178.6  0.2743548 40.5314369  0.9235121
 2178.6 2183.4  0.2743698 40.5333099  0.9233074
 2183.4 2188.2  0.2743847 40.5352745  0.9230989
 2188.2 2193.0  0.2743995 40.5372429  0.9228905
 2193.0 2197.8  0.2744144 40.5392075  0.9226820
 2197.8 2202.6  0.2744293 40.5411758  0.9224737
 2202.6 2207.5  0.2744294 40.5454063  0.9222482
 2207.5 2212.4  0.2744167 40.5516777  0.9220034
 2212.4 2217.3  0.2744041 40.5579491  0.9217587
 2217.3 2222.2  0.2743914 40.5642242  0.9215138
 2222.2 2227.2  0.2743775 40.5706596  0.9212696
 2227.2 2232.1  0.2743316 40.5811462  0.9210340
 2232.1 2237.1  0.2742867 40.5914230  0.9208030
 2237.1 2242.2  0.2742409 40.6019096  0.9205674
 2242.2 2247.2  0.2741941 40.6126060  0.9203270
 2247.2 2252.3  0.2741467 40.6232948  0.9200917
 2252.3 2257.3  0.2740592 40.6391983  0.9198609
 2257.3 2262.4  0.2739735 40.6547890  0.9196345
 2262.4 2267.6  0.2738861 40.6706924  0.9194037
 2267.6 2272.7  0.2737969 40.6869049  0.9191682
 2272.7 2277.9  0.2737094 40.7028084  0.9189374
 2277.9 2283.1  0.2735698 40.7256737  0.9187043
 2283.1 2288.3  0.2734270 40.7489471  0.9184715
 2288.3 2293.6  0.2732842 40.7722206  0.9182385
 2293.6 2298.9  0.2731387 40.7959404  0.9180012
 2298.9 2304.1  0.2729931 40.8196640  0.9177638
 2304.1 2309.5  0.2727961 40.8498955  0.9175439
 2309.5 2314.8  0.2725903 40.8814278  0.9173158
 2314.8 2320.2  0.2723884 40.9123802  0.9170919
 2320.2 2325.6  0.2721826 40.9439163  0.9168638
 2325.6 2331.0  0.2719768 40.9754524  0.9166357
 2331.0 2336.4  0.2717011 41.0161476  0.9164147
 2336.4 2341.9  0.2714197 41.0575752  0.9161942
 2341.9 2347.4  0.2711332 41.0997696  0.9159697
 2347.4 2352.9  0.2708466 41.1419640  0.9157451
 2352.9 2358.5  0.2705600 41.1841621  0.9155206
 2358.5 2364.1  0.2701887 41.2374687  0.9153070
 2364.1 2369.7  0.2698159 41.2909660  0.9150937
 2369.7 2375.3  0.2694431 41.3444595  0.9148804
 2375.3 2381.0  0.2690704 41.3979568  0.9146671
 2381.0 2386.6  0.2686909 41.4524078  0.9144500
 2386.6 2392.3  0.2682600 41.5137024  0.9142600
 2392.3 2398.1  0.2678213 41.5760918  0.9140666
 2398.1 2403.8  0.2673750 41.6395721  0.9138697
 2403.8 2409.6  0.2669364 41.7019615  0.9136763
 2409.6 2415.5  0.2664901 41.7654457  0.9134796
 2415.5 2421.3  0.2660043 41.8352203  0.9133028
 2421.3 2427.2  0.2655245 41.9041901  0.9131306
 2427.2 2433.1  0.2650364 41.9743462  0.9129556
 2433.1 2439.0  0.2645484 42.0445061  0.9127805
 2439.0 2445.0  0.2640603 42.1146622  0.9126054
 2445.0 2451.0  0.2635928 42.1842041  0.9124649
 2451.0 2457.0  0.2631253 42.2537460  0.9123245
 2457.0 2463.1  0.2626578 42.3232880  0.9121840
 2463.1 2469.1  0.2621825 42.3939896  0.9120412
 2469.1 2475.2  0.2617165 42.4633904  0.9119015
 2475.2 2481.4  0.2613310 42.5253563  0.9118069
 2481.4 2487.6  0.2609392 42.5883408  0.9117107
 2487.6 2493.8  0.2605475 42.6513252  0.9116144
 2493.8 2500.0  0.2601557 42.7143097  0.9115182
 2500.0 2506.3  0.2597639 42.7772942  0.9114220
 2506.3 2512.6  0.2595277 42.8240700  0.9113847
 2512.6 2518.9  0.2592915 42.8708458  0.9113473
 2518.9 2525.3  0.2590553 42.9176216  0.9113100
 2525.3 2531.6  0.2588153 42.9651413  0.9112721
 2531.6 2538.1  0.2585791 43.0119171  0.9112348
 2538.1 2544.5  0.2585560 43.0368385  0.9112653
 2544.5 2551.0  0.2585476 43.0598679  0.9112998
 2551.0 2557.5  0.2585390 43.0832596  0.9113348
 2557.5 2564.1  0.2585304 43.1066513  0.9113698
 2564.1 2570.7  0.2585267 43.1298599  0.9114067
 2570.7 2577.3  0.2588505 43.1176987  0.9115335
 2577.3 2584.0  0.2591744 43.1055374  0.9116603
 2584.0 2590.7  0.2595031 43.0931969  0.9117889
 2590.7 2597.4  0.2598319 43.0808525  0.9119176
 2597.4 2604.2  0.2601844 43.0658607  0.9120521
 2604.2 2611.0  0.2609228 43.0083351  0.9122813
 2611.0 2617.8  0.2616612 42.9508133  0.9125105
 2617.8 2624.7  0.2623996 42.8932877  0.9127397
 2624.7 2631.6  0.2631489 42.8349190  0.9129723
 2631.6 2638.5  0.2638982 42.7765465  0.9132048
 2638.5 2645.5  0.2651189 42.6687088  0.9135401
 2645.5 2652.5  0.2663868 42.5562172  0.9138867
 2652.5 2659.6  0.2676547 42.4437256  0.9142333
 2659.6 2666.7  0.2689408 42.3296242  0.9145848
 2666.7 2673.8  0.2702267 42.2155304  0.9149364
 2673.8 2681.0  0.2719979 42.0548134  0.9153693
 2681.0 2688.2  0.2738156 41.8897514  0.9158120
 2688.2 2695.4  0.2756334 41.7246857  0.9162547
 2695.4 2702.7  0.2774511 41.5596237  0.9166974
 2702.7 2710.0  0.2792941 41.3922653  0.9171462
 2710.0 2717.4  0.2816322 41.1832848  0.9176494
 2717.4 2724.8  0.2840237 40.9696350  0.9181619
 2724.8 2732.2  0.2864152 40.7559814  0.9186744
 2732.2 2739.7  0.2888068 40.5423317  0.9191868
 2739.7 2747.3  0.2912306 40.3257942  0.9197062
 2747.3 2754.8  0.2941993 40.0700645  0.9202561
 2754.8 2762.4  0.2971496 39.8162308  0.9207996
 2762.4 2770.1  0.3001392 39.5590172  0.9213504
 2770.1 2777.8  0.3031683 39.2984047  0.9219084
 2777.8 2785.5  0.3061973 39.0378036  0.9224664
 2785.5 2793.3  0.3097498 38.7476997  0.9230118
 2793.3 2801.1  0.3133627 38.4530296  0.9235640
 2801.1 2809.0  0.3169757 38.1583557  0.9241162
 2809.0 2816.9  0.3206348 37.8599129  0.9246755
 2816.9 2824.9  0.3242939 37.5614662  0.9252347
 2824.9 2832.9  0.3286082 37.2327919  0.9257510
 2832.9 2840.9  0.3329302 36.9037781  0.9262667
 2840.9 2849.0  0.3372522 36.5747681  0.9267823
 2849.0 2857.1  0.3416282 36.2416382  0.9273044
 2857.1 2865.3  0.3460099 35.9084511  0.9278250
 2865.3 2873.6  0.3508970 35.5661964  0.9282373
 2873.6 2881.8  0.3558438 35.2197647  0.9286546
 2881.8 2890.2  0.3607310 34.8775139  0.9290668
 2890.2 2898.6  0.3657373 34.5269165  0.9294891
 2898.6 2907.0  0.3707438 34.1763077  0.9299115
 2907.0 2915.5  0.3764376 33.8146057  0.9301890
 2915.5 2924.0  0.3822341 33.4480362  0.9304624
 2924.0 2932.6  0.3880306 33.0814629  0.9307358
 2932.6 2941.2  0.3938953 32.7105751  0.9310125
 2941.2 2949.9  0.3997706 32.3399391  0.9312848
 2949.9 2958.6  0.4061720 31.9752636  0.9313748
 2958.6 2967.4  0.4125736 31.6105785  0.9314650
 2967.4 2976.2  0.4190485 31.2417164  0.9315561
 2976.2 2985.1  0.4255235 30.8728466  0.9316472
 2985.1 2994.0  0.4320776 30.4998817  0.9317375
 2994.0 3003.0  0.4390985 30.1359520  0.9316562
 3003.0 3012.0  0.4461984 29.7679310  0.9315740
 3012.0 3021.1  0.4532982 29.3999081  0.9314919
 3021.1 3030.3  0.4604771 29.0277939  0.9314088
 3030.3 3039.5  0.4677383 28.6523781  0.9313203
 3039.5 3048.8  0.4751067 28.3001881  0.9310999
 3048.8 3058.1  0.4825552 27.9441681  0.9308771
 3058.1 3067.5  0.4900038 27.5881462  0.9306542
 3067.5 3076.9  0.4975323 27.2283039  0.9304290
 3076.9 3086.4  0.5050609 26.8684597  0.9302038
 3086.4 3096.0  0.5127022 26.5292454  0.9298750
 3096.0 3105.6  0.5204243 26.1867199  0.9295416
 3105.6 3115.3  0.5281465 25.8441944  0.9292083
 3115.3 3125.0  0.5359490 25.4981079  0.9288715
 3125.0 3134.8  0.5437515 25.1520195  0.9285346
 3134.8 3144.7  0.5511635 24.8459072  0.9281502
 3144.7 3154.6  0.5586511 24.5366764  0.9277618
 3154.6 3164.6  0.5661388 24.2274361  0.9273734
 3164.6 3174.6  0.5737021 23.9150791  0.9269811
 3174.6 3184.7  0.5812654 23.6027203  0.9265888
 3184.7 3194.9  0.5883178 23.3318634  0.9261925
 3194.9 3205.1  0.5954157 23.0601807  0.9257924
 3205.1 3215.4  0.6025137 22.7884903  0.9253922
 3215.4 3225.8  0.6096811 22.5141468  0.9249882
 3225.8 3236.2  0.6168518 22.2412586  0.9245836
 3236.2 3246.8  0.6232256 22.0179024  0.9242212
 3246.8 3257.3  0.6297221 21.7902451  0.9238518
 3257.3 3268.0  0.6361573 21.5647373  0.9234859
 3268.0 3278.7  0.6427149 21.3349361  0.9231130
 3278.7 3289.5  0.6489518 21.1231441  0.9227614
 3289.5 3300.3  0.6546344 20.9437656  0.9224471
 3300.3 3311.3  0.6603171 20.7643890  0.9221328
 3311.3 3322.3  0.6661049 20.5816898  0.9218127
 3322.3 3333.3  0.6718927 20.3989906  0.9214926
 3333.3 3344.5  0.6770452 20.2490940  0.9212129
 3344.5 3355.7  0.6820809 20.1073360  0.9209415
 3355.7 3367.0  0.6871166 19.9655781  0.9206701
 3367.0 3378.4  0.6921973 19.8225536  0.9203962
 3378.4 3389.8  0.6968110 19.6951523  0.9201483
 3389.8 3401.4  0.7002203 19.6074848  0.9199669
 3401.4 3413.0  0.7036893 19.5182819  0.9197823
 3413.0 3424.7  0.7071584 19.4290771  0.9195978
 3424.7 3436.4  0.7106575 19.3391056  0.9194117
 3436.4 3448.3  0.7198148 19.1284733  0.9189147
 3448.3 3460.2  0.7292804 18.9110050  0.9184009
 3460.2 3472.2  0.7333804 18.8156261  0.9181687
 3472.2 3484.3  0.7366134 18.7399616  0.9179819
 3484.3 3496.5  0.7398733 18.6636677  0.9177935
 3496.5 3508.8  0.7431601 18.5867424  0.9176036
 3508.8 3521.1  0.7464738 18.5091858  0.9174121
 3521.1 3533.6  0.7497876 18.4316311  0.9172206
 3533.6 3546.1  0.7531552 18.3528137  0.9170260
 3546.1 3558.7  0.7565228 18.2739964  0.9168314
 3558.7 3571.4  0.7593972 18.2024403  0.9166538
 3571.4 3584.2  0.7620595 18.1338787  0.9164832
 3584.2 3597.1  0.7647427 18.0647774  0.9163113
 3597.1 3610.1  0.7674469 17.9951363  0.9161380
 3610.1 3623.2  0.7701721 17.9249554  0.9159634
 3623.2 3636.4  0.7729182 17.8542366  0.9157874
 3636.4 3649.6  0.7756853 17.7829762  0.9156101
 3649.6 3663.0  0.7784524 17.7117157  0.9154328
 3663.0 3676.5  0.7807981 17.6464043  0.9152804
 3676.5 3690.0  0.7831470 17.5808220  0.9151278
 3690.0 3703.7  0.7854959 17.5152397  0.9149751
 3703.7 3717.5  0.7878796 17.4486847  0.9148202
 3717.5 3731.3  0.7902808 17.3816452  0.9146641
 3731.3 3745.3  0.7926819 17.3146057  0.9145081
 3745.3 3759.4  0.7951177 17.2465954  0.9143498
 3759.4 3773.6  0.7974351 17.1820335  0.9142131
 3773.6 3787.9  0.7997004 17.1189938  0.9140868
 3787.9 3802.3  0.8019817 17.0555134  0.9139596
 3802.3 3816.8  0.8042790 16.9915867  0.9138315
 3816.8 3831.4  0.8065922 16.9272175  0.9137025
 3831.4 3846.2  0.8089213 16.8624039  0.9135727
 3846.2 3861.0  0.8112823 16.7967033  0.9134411
 3861.0 3876.0  0.8136111 16.7347393  0.9133362
 3876.0 3891.1  0.8159599 16.6732502  0.9132391
 3891.1 3906.2  0.8183245 16.6113491  0.9131413
 3906.2 3921.6  0.8206890 16.5494499  0.9130436
 3921.6 3937.0  0.8231006 16.4863205  0.9129439
 3937.0 3952.6  0.8255121 16.4231911  0.9128442
 3952.6 3968.3  0.8279449 16.3600540  0.9127485
 3968.3 3984.1  0.8303430 16.3005962  0.9126785
 3984.1 4000.0  0.8327564 16.2407608  0.9126081
 4000.0 4016.1  0.8351851 16.1805477  0.9125372
 4016.1 4032.3  0.8376443 16.1195755  0.9124655
 4032.3 4048.6  0.8401188 16.0582256  0.9123933
 4048.6 4065.0  0.8426086 15.9964972  0.9123207
 4065.0 4081.6  0.8449884 15.9389038  0.9122704
 4081.6 4098.4  0.8473855 15.8810349  0.9122218
 4098.4 4115.2  0.8498114 15.8224688  0.9121726
 4115.2 4132.2  0.8522375 15.7639017  0.9121233
 4132.2 4149.4  0.8546923 15.7046375  0.9120734
 4149.4 4166.7  0.8571760 15.6446781  0.9120231
 4166.7 4184.1  0.8594928 15.5889606  0.9119911
 4184.1 4201.7  0.8618165 15.5330896  0.9119596
 4201.7 4219.4  0.8641669 15.4765749  0.9119277
 4219.4 4237.3  0.8665305 15.4197416  0.9118957
 4237.3 4255.3  0.8689209 15.3622646  0.9118633
 4255.3 4273.5  0.8712618 15.3057289  0.9118350
 4273.5 4291.8  0.8734764 15.2516241  0.9118165
 4291.8 4310.3  0.8757032 15.1972227  0.9117979
 4310.3 4329.0  0.8779543 15.1422272  0.9117791
 4329.0 4347.8  0.8802298 15.0866356  0.9117602
 4347.8 4366.8  0.8825173 15.0307484  0.9117410
 4366.8 4386.0  0.8846202 14.9777155  0.9117305
 4386.0 4405.3  0.8867177 14.9245796  0.9117211
 4405.3 4424.8  0.8888260 14.8711691  0.9117116
 4424.8 4444.4  0.8909560 14.8172035  0.9117020
 4444.4 4464.3  0.8930972 14.7629614  0.9116923
 4464.3 4484.3  0.8951032 14.7103977  0.9116878
 4484.3 4504.5  0.8970534 14.6585579  0.9116853
 4504.5 4524.9  0.8990231 14.6061983  0.9116828
 4524.9 4545.5  0.9010123 14.5533218  0.9116802
 4545.5 4566.2  0.9030210 14.4999266  0.9116777
 4566.2 4587.2  0.9048759 14.4486771  0.9116797
 4587.2 4608.3  0.9067116 14.3973637  0.9116831
 4608.3 4629.6  0.9085560 14.3458071  0.9116864
 4629.6 4651.2  0.9104180 14.2937593  0.9116898
 4651.2 4672.9  0.9122958 14.2411308  0.9116936
 4672.9 4694.8  0.9140053 14.1908407  0.9117019
 4694.8 4717.0  0.9157307 14.1400871  0.9117103
 4717.0 4739.3  0.9174798 14.0886374  0.9117189
 4739.3 4761.9  0.9192366 14.0369568  0.9117275
 4761.9 4784.7  0.9209287 13.9858570  0.9117382
 4784.7 4807.7  0.9225554 13.9354630  0.9117509
 4807.7 4830.9  0.9241964 13.8846273  0.9117637
 4830.9 4854.4  0.9258517 13.8333502  0.9117766
 4854.4 4878.0  0.9274999 13.7818146  0.9117902
 4878.0 4902.0  0.9290311 13.7318239  0.9118062
 4902.0 4926.1  0.9305882 13.6809864  0.9118224
 4926.1 4950.5  0.9321518 13.6299372  0.9118387
 4950.5 4975.1  0.9337320 13.5782919  0.9118553
 4975.1 5000.0  0.9351876 13.5281420  0.9118739
 5000.0 5025.1  0.9366609 13.4773808  0.9118927
 5025.1 5050.5  0.9381461 13.4262114  0.9119116
 5050.5 5076.1  0.9396465 13.3744659  0.9119308
 5076.1 5102.0  0.9410301 13.3240604  0.9119509
 5102.0 5128.2  0.9424300 13.2730646  0.9119713
 5128.2 5154.6  0.9438460 13.2214775  0.9119920
 5154.6 5181.3  0.9452513 13.1697817  0.9120128
 5181.3 5208.3  0.9465688 13.1188631  0.9120336
 5208.3 5235.6  0.9479011 13.0673723  0.9120547
 5235.6 5263.2  0.9492483 13.0153084  0.9120761
 5263.2 5291.0  0.9505518 12.9634123  0.9120970
 5291.0 5319.1  0.9518007 12.9119549  0.9121173
 5319.1 5347.6  0.9530631 12.8599415  0.9121378
 5347.6 5376.3  0.9543434 12.8071880  0.9121587
 5376.3 5405.4  0.9555200 12.7554321  0.9121771
 5405.4 5434.8  0.9567025 12.7030811  0.9121957
 5434.8 5464.5  0.9578973 12.6501904  0.9122145
 5464.5 5494.5  0.9590423 12.5974770  0.9122314
 5494.5 5524.9  0.9601331 12.5449924  0.9122464
 5524.9 5555.6  0.9612384 12.4918079  0.9122616
 5555.6 5586.6  0.9623308 12.4383640  0.9122759
 5586.6 5618.0  0.9633256 12.3856001  0.9122859
 5618.0 5649.7  0.9643333 12.3321543  0.9122959
 5649.7 5681.8  0.9653506 12.2781982  0.9123061
 5681.8 5714.3  0.9662563 12.2249136  0.9123107
 5714.3 5747.1  0.9671722 12.1709776  0.9123152
 5747.1 5780.3  0.9680965 12.1165428  0.9123199
 5780.3 5814.0  0.9689330 12.0625162  0.9123198
 5814.0 5848.0  0.9697726 12.0077791  0.9123194
 5848.0 5882.4  0.9706197 11.9525547  0.9123188
 5882.4 5917.2  0.9713901 11.8976154  0.9123143
 5917.2 5952.4  0.9721641 11.8420935  0.9123094
 5952.4 5988.0  0.9729418 11.7859907  0.9123042
 5988.0 6024.1  0.9736567 11.7300196  0.9122955
 6024.1 6060.6  0.9743816 11.6732616  0.9122866
 6060.6 6097.6  0.9750963 11.6160679  0.9122768
 6097.6 6135.0  0.9757758 11.5585709  0.9122646
 6135.0 6172.8  0.9764626 11.5004520  0.9122522
 6172.8 6211.2  0.9771266 11.4420300  0.9122382
 6211.2 6250.0  0.9777809 11.3828917  0.9122230
 6250.0 6289.3  0.9784421 11.3231382  0.9122076
 6289.3 6329.1  0.9790735 11.2630081  0.9121899
 6329.1 6369.4  0.9797129 11.2021132  0.9121720
 6369.4 6410.3  0.9803476 11.1405783  0.9121531
 6410.3 6451.6  0.9809779 11.0782633  0.9121330
 6451.6 6493.5  0.9816138 11.0153437  0.9121128
 6493.5 6535.9  0.9822446 10.9516335  0.9120911
 6535.9 6578.9  0.9828829 10.8871622  0.9120691
 6578.9 6622.5  0.9835283 10.8217716  0.9120464
 6622.5 6666.7  0.9841817 10.7554636  0.9120231
 6666.7 6711.4  0.9848477 10.6881838  0.9119993
 6711.4 6756.8  0.9855273 10.6200447  0.9119751
 6756.8 6802.7  0.9862208 10.5507908  0.9119506
 6802.7 6849.3  0.9869415 10.4805069  0.9119260
 6849.3 6896.6  0.9876732 10.4091511  0.9119009
 6896.6 6944.4  0.9884447 10.3363295  0.9118759
 6944.4 6993.0  0.9892247 10.2627325  0.9118506
 6993.0 7042.3  0.9900380 10.1875935  0.9118245
 7042.3 7092.2  0.9908656 10.1113319  0.9117979
 7092.2 7142.9  0.9917123 10.0339355  0.9117701
 7142.9 7194.2  0.9925743  9.9552603  0.9117416
 7194.2 7246.4  0.9934447  9.8755350  0.9117108
 7246.4 7299.3  0.9943301  9.7943935  0.9116792
 7299.3 7352.9  0.9952130  9.7121363  0.9116440
 7352.9 7407.4  0.9961050  9.6287928  0.9116078
 7407.4 7462.7  0.9969831  9.5441322  0.9115667
 7462.7 7518.8  0.9978637  9.4582758  0.9115235
 7518.8 7575.8  0.9987208  9.3713388  0.9114750
 7575.8 7633.6  0.9994045  9.2831621  0.9114221
 7633.6 7692.3  0.9998684  9.1939363  0.9113641
 7692.3 7751.9  1.0000000  9.1036816  0.9112979
 7751.9 7812.5  1.0000000  9.0122051  0.9112274
 7812.5 7874.0  1.0000000  8.9198513  0.9111434
 7874.0 7936.5  1.0000000  8.8264685  0.9110520
 7936.5 8000.0  1.0000000  8.7321119  0.9109497
 8000.0 8064.5  1.0000000  8.6371365  0.9108304
 8064.5 8130.1  1.0000000  8.5412264  0.9106995
 8130.1 8196.7  1.0000000  8.4447937  0.9105478
 8196.7 8264.5  1.0000000  8.3481369  0.9103731
 8264.5 8333.3  1.0000000  8.2507458  0.9101786
 8333.3 8403.4  1.0000000  8.1536636  0.9099526
 8403.4 8474.6  1.0000000  8.0568199  0.9096887
 8474.6 8547.0  1.0000000  7.9591174  0.9094099
 8547.0 8620.7  1.0000000  7.8597665  0.9091263
 8620.7 8695.7  1.0000000  7.7586322  0.9088377
 8695.7 8771.9  1.0000000  7.6557140  0.9085440
 8771.9 8849.6  1.0000000  7.5511489  0.9082456
 8849.6 8928.6  1.0000000  7.4445267  0.9079413
 8928.6 9009.0  1.0000000  7.3361197  0.9076320
 9009.0 9090.9  1.0000000  7.2257910  0.9073172
 9090.9 9174.3  1.0000000  7.1134038  0.9069964
 9174.3 9259.3  1.0000000  6.9989595  0.9066699
 9259.3 9345.8  1.0000000  6.8823190  0.9063370
 9345.8 9434.0  1.0000000  6.7636199  0.9059982
 9434.0 9523.8  1.0000000  6.6425881  0.9056528
 9523.8 9615.4  1.0000000  6.5193610  0.9053012
 9615.4 9708.7  1.0000000  6.3936629  0.9049425
 9708.7 9803.9  1.0000000  6.2656326  0.9045771
 9803.9 9901.0  1.0000000  6.1349955  0.9042043
 9901.0 9911.0  1.0000000  6.0017509  0.9038240
