 1176.5 1177.9  0.3688505 23.0461636  0.9211639
 1177.9 1179.2  0.3686332 23.0641766  0.9211795
 1179.2 1180.6  0.3684314 23.0809021  0.9211941
 1180.6 1182.0  0.3682141 23.0989151  0.9212098
 1182.0 1183.4  0.3679968 23.1169281  0.9212254
 1183.4 1184.8  0.3677795 23.1349411  0.9212411
 1184.8 1186.2  0.3675622 23.1529541  0.9212568
 1186.2 1187.6  0.3673449 23.1709671  0.9212725
 1187.6 1189.1  0.3671276 23.1889801  0.9212881
 1189.1 1190.5  0.3668948 23.2082787  0.9213049
 1190.5 1191.9  0.3666775 23.2262917  0.9213206
 1191.9 1193.3  0.3664602 23.2443047  0.9213362
 1193.3 1194.7  0.3662429 23.2623177  0.9213519
 1194.7 1196.2  0.3660256 23.2803288  0.9213676
 1196.2 1197.6  0.3657928 23.2996292  0.9213844
 1197.6 1199.0  0.3655755 23.3176422  0.9214001
 1199.0 1200.5  0.3653582 23.3356552  0.9214157
 1200.5 1201.9  0.3651254 23.3549557  0.9214325
 1201.9 1203.4  0.3649081 23.3729687  0.9214482
 1203.4 1204.8  0.3646753 23.3922672  0.9214650
 1204.8 1206.3  0.3644580 23.4102802  0.9214807
 1206.3 1207.7  0.3642251 23.4295807  0.9214974
 1207.7 1209.2  0.3640079 23.4475918  0.9215131
 1209.2 1210.7  0.3637750 23.4668903  0.9215299
 1210.7 1212.1  0.3635422 23.4861908  0.9215467
 1212.1 1213.6  0.3633249 23.5042038  0.9215624
 1213.6 1215.1  0.3630921 23.5235023  0.9215791
 1215.1 1216.5  0.3628593 23.5428028  0.9215959
 1216.5 1218.0  0.3626420 23.5608158  0.9216116
 1218.0 1219.5  0.3624092 23.5801144  0.9216284
 1219.5 1221.0  0.3621764 23.5994148  0.9216452
 1221.0 1222.5  0.3619435 23.6187134  0.9216620
 1222.5 1224.0  0.3617107 23.6380138  0.9216788
 1224.0 1225.5  0.3614779 23.6573124  0.9216955
 1225.5 1227.0  0.3612451 23.6766129  0.9217123
 1227.0 1228.5  0.3610123 23.6959114  0.9217291
 1228.5 1230.0  0.3607794 23.7152119  0.9217459
 1230.0 1231.5  0.3605466 23.7345104  0.9217627
 1231.5 1233.0  0.3603138 23.7538090  0.9217795
 1233.0 1234.6  0.3600810 23.7731094  0.9217963
 1234.6 1236.1  0.3598326 23.7936954  0.9218142
 1236.1 1237.6  0.3595998 23.8129940  0.9218310
 1237.6 1239.2  0.3593670 23.8322945  0.9218478
 1239.2 1240.7  0.3591187 23.8528805  0.9218657
 1240.7 1242.2  0.3588859 23.8721790  0.9218825
 1242.2 1243.8  0.3586530 23.8914795  0.9218993
 1243.8 1245.3  0.3584047 23.9120655  0.9219171
 1245.3 1246.9  0.3581719 23.9313660  0.9219339
 1246.9 1248.4  0.3579235 23.9519520  0.9219519
 1248.4 1250.0  0.3576907 23.9712505  0.9219686
 1250.0 1251.6  0.3574424 23.9918365  0.9219866
 1251.6 1253.1  0.3571941 24.0124226  0.9220045
 1253.1 1254.7  0.3569613 24.0317211  0.9220213
 1254.7 1256.3  0.3567129 24.0523071  0.9220392
 1256.3 1257.9  0.3564645 24.0728951  0.9220571
 1257.9 1259.4  0.3562162 24.0934811  0.9220750
 1259.4 1261.0  0.3559834 24.1127796  0.9220918
 1261.0 1262.6  0.3557351 24.1333656  0.9221097
 1262.6 1264.2  0.3554867 24.1539516  0.9221276
 1264.2 1265.8  0.3552384 24.1745377  0.9221455
 1265.8 1267.4  0.3549900 24.1951237  0.9221634
 1267.4 1269.0  0.3547417 24.2157097  0.9221813
 1269.0 1270.6  0.3544933 24.2362957  0.9221992
 1270.6 1272.3  0.3542450 24.2568817  0.9222171
 1272.3 1273.9  0.3539812 24.2787552  0.9222361
 1273.9 1275.5  0.3537328 24.2993412  0.9222541
 1275.5 1277.1  0.3534845 24.3199272  0.9222720
 1277.1 1278.8  0.3532361 24.3405132  0.9222899
 1278.8 1280.4  0.3529723 24.3623867  0.9223089
 1280.4 1282.1  0.3527240 24.3829727  0.9223268
 1282.1 1283.7  0.3524601 24.4048443  0.9223459
 1283.7 1285.3  0.3522117 24.4254303  0.9223638
 1285.3 1287.0  0.3519634 24.4460163  0.9223817
 1287.0 1288.7  0.3516996 24.4678898  0.9224007
 1288.7 1290.3  0.3514357 24.4897614  0.9224197
 1290.3 1292.0  0.3511873 24.5103493  0.9224376
 1292.0 1293.7  0.3509235 24.5322208  0.9224567
 1293.7 1295.3  0.3506596 24.5540924  0.9224757
 1295.3 1297.0  0.3504113 24.5746803  0.9224936
 1297.0 1298.7  0.3501474 24.5965519  0.9225127
 1298.7 1300.4  0.3498836 24.6184235  0.9225317
 1300.4 1302.1  0.3496398 24.6386757  0.9225470
 1302.1 1303.8  0.3494613 24.6536522  0.9225503
 1303.8 1305.5  0.3492827 24.6686306  0.9225535
 1305.5 1307.2  0.3491042 24.6836090  0.9225568
 1307.2 1308.9  0.3489257 24.6985855  0.9225600
 1308.9 1310.6  0.3487471 24.7135658  0.9225633
 1310.6 1312.3  0.3485686 24.7285423  0.9225665
 1312.3 1314.1  0.3483901 24.7435207  0.9225698
 1314.1 1315.8  0.3482010 24.7593784  0.9225733
 1315.8 1317.5  0.3480225 24.7743587  0.9225765
 1317.5 1319.3  0.3478440 24.7893353  0.9225798
 1319.3 1321.0  0.3476549 24.8051949  0.9225832
 1321.0 1322.8  0.3474764 24.8201714  0.9225865
 1322.8 1324.5  0.3472874 24.8360310  0.9225900
 1324.5 1326.3  0.3471088 24.8510094  0.9225932
 1326.3 1328.0  0.3469198 24.8668690  0.9225966
 1328.0 1329.8  0.3467413 24.8818455  0.9225999
 1329.8 1331.6  0.3465523 24.8977051  0.9226034
 1331.6 1333.3  0.3463632 24.9135628  0.9226068
 1333.3 1335.1  0.3461847 24.9285431  0.9226101
 1335.1 1336.9  0.3459957 24.9444008  0.9226136
 1336.9 1338.7  0.3458066 24.9602604  0.9226170
 1338.7 1340.5  0.3456176 24.9761181  0.9226204
 1340.5 1342.3  0.3454286 24.9919777  0.9226239
 1342.3 1344.1  0.3452395 25.0078373  0.9226273
 1344.1 1345.9  0.3450505 25.0236950  0.9226308
 1345.9 1347.7  0.3448615 25.0395546  0.9226342
 1347.7 1349.5  0.3446724 25.0554123  0.9226377
 1349.5 1351.4  0.3444834 25.0712719  0.9226412
 1351.4 1353.2  0.3442962 25.0870571  0.9226395
 1353.2 1355.0  0.3441229 25.1016884  0.9226361
 1355.0 1356.9  0.3439497 25.1163197  0.9226327
 1356.9 1358.7  0.3437668 25.1317635  0.9226291
 1358.7 1360.5  0.3435936 25.1463947  0.9226257
 1360.5 1362.4  0.3434203 25.1610260  0.9226223
 1362.4 1364.3  0.3432374 25.1764698  0.9226187
 1364.3 1366.1  0.3430546 25.1919136  0.9226152
 1366.1 1368.0  0.3428813 25.2065430  0.9226118
 1368.0 1369.9  0.3426985 25.2219868  0.9226082
 1369.9 1371.7  0.3425156 25.2374325  0.9226046
 1371.7 1373.6  0.3423423 25.2520618  0.9226012
 1373.6 1375.5  0.3421595 25.2675056  0.9225976
 1375.5 1377.4  0.3419766 25.2829494  0.9225941
 1377.4 1379.3  0.3417937 25.2983932  0.9225905
 1379.3 1381.2  0.3416109 25.3138390  0.9225869
 1381.2 1383.1  0.3414280 25.3292809  0.9225833
 1383.1 1385.0  0.3412451 25.3447247  0.9225797
 1385.0 1387.0  0.3410623 25.3601685  0.9225761
 1387.0 1388.9  0.3408698 25.3764248  0.9225724
 1388.9 1390.8  0.3406869 25.3918705  0.9225688
 1390.8 1392.8  0.3405041 25.4073143  0.9225652
 1392.8 1394.7  0.3403116 25.4235706  0.9225615
 1394.7 1396.6  0.3401287 25.4390125  0.9225579
 1396.6 1398.6  0.3399458 25.4544582  0.9225543
 1398.6 1400.6  0.3397533 25.4707146  0.9225505
 1400.6 1402.5  0.3395658 25.4865742  0.9225447
 1402.5 1404.5  0.3393987 25.5007648  0.9225347
 1404.5 1406.5  0.3392228 25.5157032  0.9225242
 1406.5 1408.5  0.3390469 25.5306396  0.9225135
 1408.5 1410.4  0.3388710 25.5455780  0.9225030
 1410.4 1412.4  0.3387039 25.5597687  0.9224930
 1412.4 1414.4  0.3385280 25.5747070  0.9224824
 1414.4 1416.4  0.3383521 25.5896435  0.9224719
 1416.4 1418.4  0.3381762 25.6045818  0.9224613
 1418.4 1420.5  0.3380002 25.6195183  0.9224508
 1420.5 1422.5  0.3378156 25.6352024  0.9224397
 1422.5 1424.5  0.3376396 25.6501408  0.9224291
 1424.5 1426.5  0.3374637 25.6650772  0.9224186
 1426.5 1428.6  0.3372878 25.6800156  0.9224080
 1428.6 1430.6  0.3371031 25.6956997  0.9223970
 1430.6 1432.7  0.3369272 25.7106361  0.9223864
 1432.7 1434.7  0.3367425 25.7263203  0.9223753
 1434.7 1436.8  0.3365666 25.7412586  0.9223648
 1436.8 1438.8  0.3363819 25.7569427  0.9223537
 1438.8 1440.9  0.3362060 25.7718811  0.9223431
 1440.9 1443.0  0.3360213 25.7875652  0.9223320
 1443.0 1445.1  0.3358366 25.8032494  0.9223210
 1445.1 1447.2  0.3356519 25.8189335  0.9223099
 1447.2 1449.3  0.3354672 25.8346176  0.9222988
 1449.3 1451.4  0.3352825 25.8503017  0.9222877
 1451.4 1453.5  0.3351088 25.8650875  0.9222724
 1453.5 1455.6  0.3349406 25.8794212  0.9222550
 1455.6 1457.7  0.3347725 25.8937569  0.9222375
 1457.7 1459.9  0.3346043 25.9080925  0.9222201
 1459.9 1462.0  0.3344282 25.9231110  0.9222018
 1462.0 1464.1  0.3342600 25.9374466  0.9221844
 1464.1 1466.3  0.3340918 25.9517803  0.9221669
 1466.3 1468.4  0.3339157 25.9667988  0.9221487
 1468.4 1470.6  0.3337475 25.9811344  0.9221312
 1470.6 1472.8  0.3335713 25.9961510  0.9221130
 1472.8 1474.9  0.3333952 26.0111694  0.9220947
 1474.9 1477.1  0.3332270 26.0255051  0.9220773
 1477.1 1479.3  0.3330508 26.0405235  0.9220591
 1479.3 1481.5  0.3328747 26.0555420  0.9220408
 1481.5 1483.7  0.3326985 26.0705585  0.9220225
 1483.7 1485.9  0.3325224 26.0855770  0.9220042
 1485.9 1488.1  0.3323462 26.1005955  0.9219860
 1488.1 1490.3  0.3321700 26.1156120  0.9219677
 1490.3 1492.5  0.3319938 26.1306305  0.9219494
 1492.5 1494.8  0.3318177 26.1456490  0.9219312
 1494.8 1497.0  0.3316335 26.1613503  0.9219121
 1497.0 1499.3  0.3314573 26.1763668  0.9218938
 1499.3 1501.5  0.3312732 26.1920681  0.9218747
 1501.5 1503.8  0.3311083 26.2061405  0.9218525
 1503.8 1506.0  0.3309414 26.2203922  0.9218272
 1506.0 1508.3  0.3307818 26.2340240  0.9218031
 1508.3 1510.6  0.3306149 26.2482758  0.9217778
 1510.6 1512.9  0.3304480 26.2625275  0.9217526
 1512.9 1515.2  0.3302811 26.2767792  0.9217273
 1515.2 1517.5  0.3301143 26.2910309  0.9217021
 1517.5 1519.8  0.3299474 26.3052826  0.9216768
 1519.8 1522.1  0.3297805 26.3195343  0.9216516
 1522.1 1524.4  0.3296136 26.3337860  0.9216263
 1524.4 1526.7  0.3294467 26.3480377  0.9216011
 1526.7 1529.1  0.3292799 26.3622894  0.9215758
 1529.1 1531.4  0.3291057 26.3771610  0.9215495
 1531.4 1533.7  0.3289388 26.3914127  0.9215242
 1533.7 1536.1  0.3287720 26.4056625  0.9214990
 1536.1 1538.5  0.3285978 26.4205341  0.9214727
 1538.5 1540.8  0.3284237 26.4354057  0.9214463
 1540.8 1543.2  0.3282568 26.4496574  0.9214211
 1543.2 1545.6  0.3280827 26.4645290  0.9213947
 1545.6 1548.0  0.3279085 26.4794006  0.9213684
 1548.0 1550.4  0.3277344 26.4942722  0.9213420
 1550.4 1552.8  0.3275632 26.5088940  0.9213148
 1552.8 1555.2  0.3274064 26.5222721  0.9212828
 1555.2 1557.6  0.3272496 26.5356483  0.9212508
 1557.6 1560.1  0.3270928 26.5490265  0.9212188
 1560.1 1562.5  0.3269295 26.5629597  0.9211855
 1562.5 1564.9  0.3267727 26.5763378  0.9211535
 1564.9 1567.4  0.3266159 26.5897160  0.9211215
 1567.4 1569.9  0.3264526 26.6036491  0.9210882
 1569.9 1572.3  0.3262893 26.6175842  0.9210548
 1572.3 1574.8  0.3261325 26.6309624  0.9210229
 1574.8 1577.3  0.3259692 26.6448975  0.9209896
 1577.3 1579.8  0.3258058 26.6588306  0.9209563
 1579.8 1582.3  0.3256425 26.6727657  0.9209229
 1582.3 1584.8  0.3254792 26.6867008  0.9208896
 1584.8 1587.3  0.3253159 26.7006359  0.9208563
 1587.3 1589.8  0.3251526 26.7145710  0.9208230
 1589.8 1592.4  0.3249893 26.7285042  0.9207897
 1592.4 1594.9  0.3248194 26.7429962  0.9207550
 1594.9 1597.4  0.3246561 26.7569313  0.9207217
 1597.4 1600.0  0.3244928 26.7708664  0.9206883
 1600.0 1602.6  0.3243229 26.7853584  0.9206537
 1602.6 1605.1  0.3241717 26.7982311  0.9206132
 1605.1 1607.7  0.3240263 26.8106079  0.9205742
 1607.7 1610.3  0.3238751 26.8234806  0.9205338
 1610.3 1612.9  0.3237239 26.8363533  0.9204932
 1612.9 1615.5  0.3235726 26.8492241  0.9204527
 1615.5 1618.1  0.3234214 26.8620968  0.9204122
 1618.1 1620.7  0.3232702 26.8749695  0.9203717
 1620.7 1623.4  0.3231190 26.8878403  0.9203312
 1623.4 1626.0  0.3229620 26.9012089  0.9202892
 1626.0 1628.7  0.3228107 26.9140816  0.9202487
 1628.7 1631.3  0.3226537 26.9274483  0.9202066
 1631.3 1634.0  0.3225025 26.9403210  0.9201661
 1634.0 1636.7  0.3223455 26.9536877  0.9201241
 1636.7 1639.3  0.3221884 26.9670544  0.9200820
 1639.3 1642.0  0.3220372 26.9799271  0.9200415
 1642.0 1644.7  0.3218802 26.9932957  0.9199994
 1644.7 1647.4  0.3217231 27.0066624  0.9199573
 1647.4 1650.2  0.3215661 27.0200291  0.9199153
 1650.2 1652.9  0.3214048 27.0337639  0.9198712
 1652.9 1655.6  0.3212681 27.0454178  0.9198219
 1655.6 1658.4  0.3211315 27.0570698  0.9197726
 1658.4 1661.1  0.3209899 27.0691547  0.9197215
 1661.1 1663.9  0.3208533 27.0808067  0.9196723
 1663.9 1666.7  0.3207116 27.0928917  0.9196212
 1666.7 1669.4  0.3205699 27.1049767  0.9195701
 1669.4 1672.2  0.3204333 27.1166286  0.9195208
 1672.2 1675.0  0.3202916 27.1287136  0.9194697
 1675.0 1677.9  0.3201500 27.1407967  0.9194186
 1677.9 1680.7  0.3200032 27.1533127  0.9193657
 1680.7 1683.5  0.3198615 27.1653976  0.9193146
 1683.5 1686.3  0.3197199 27.1774826  0.9192635
 1686.3 1689.2  0.3195782 27.1895676  0.9192125
 1689.2 1692.0  0.3194315 27.2020817  0.9191595
 1692.0 1694.9  0.3192898 27.2141666  0.9191085
 1694.9 1697.8  0.3191431 27.2266827  0.9190555
 1697.8 1700.7  0.3189963 27.2391987  0.9190026
 1700.7 1703.6  0.3188635 27.2505398  0.9189526
 1703.6 1706.5  0.3187745 27.2581882  0.9189118
 1706.5 1709.4  0.3186854 27.2658367  0.9188710
 1709.4 1712.3  0.3185964 27.2734852  0.9188302
 1712.3 1715.3  0.3185074 27.2811337  0.9187893
 1715.3 1718.2  0.3184153 27.2890453  0.9187471
 1718.2 1721.2  0.3183262 27.2966919  0.9187063
 1721.2 1724.1  0.3182341 27.3046055  0.9186641
 1724.1 1727.1  0.3181451 27.3122540  0.9186233
 1727.1 1730.1  0.3180530 27.3201656  0.9185810
 1730.1 1733.1  0.3179609 27.3280773  0.9185388
 1733.1 1736.1  0.3178688 27.3359890  0.9184966
 1736.1 1739.1  0.3177767 27.3439007  0.9184543
 1739.1 1742.2  0.3176846 27.3518124  0.9184121
 1742.2 1745.2  0.3175894 27.3599892  0.9183685
 1745.2 1748.3  0.3174973 27.3679008  0.9183263
 1748.3 1751.3  0.3174021 27.3760777  0.9182826
 1751.3 1754.4  0.3173100 27.3839893  0.9182404
 1754.4 1757.5  0.3172115 27.3924675  0.9181932
 1757.5 1760.6  0.3170908 27.4029884  0.9181215
 1760.6 1763.7  0.3169701 27.4135113  0.9180499
 1763.7 1766.8  0.3168494 27.4240322  0.9179782
 1766.8 1769.9  0.3167287 27.4345551  0.9179066
 1769.9 1773.0  0.3166080 27.4450760  0.9178350
 1773.0 1776.2  0.3164960 27.4549408  0.9177593
 1776.2 1779.4  0.3163807 27.4651012  0.9176811
 1779.4 1782.5  0.3162654 27.4752636  0.9176028
 1782.5 1785.7  0.3161537 27.4851055  0.9175271
 1785.7 1788.9  0.3160384 27.4952660  0.9174488
 1788.9 1792.1  0.3159318 27.5047855  0.9173664
 1792.1 1795.3  0.3158260 27.5142365  0.9172836
 1795.3 1798.6  0.3157203 27.5236874  0.9172008
 1798.6 1801.8  0.3156112 27.5334339  0.9171154
 1801.8 1805.1  0.3155055 27.5428848  0.9170326
 1805.1 1808.3  0.3154035 27.5521736  0.9169397
 1808.3 1811.6  0.3153049 27.5611534  0.9168490
 1811.6 1814.9  0.3152033 27.5704117  0.9167556
 1814.9 1818.2  0.3151017 27.5796719  0.9166622
 1818.2 1821.5  0.3150010 27.5888672  0.9165686
 1821.5 1824.8  0.3149132 27.5970669  0.9164726
 1824.8 1828.2  0.3148255 27.6052666  0.9163765
 1828.2 1831.5  0.3147351 27.6137161  0.9162775
 1831.5 1834.9  0.3146473 27.6219158  0.9161814
 1834.9 1838.2  0.3145570 27.6303654  0.9160824
 1838.2 1841.6  0.3144803 27.6377735  0.9159806
 1841.6 1845.0  0.3144017 27.6453819  0.9158755
 1845.0 1848.4  0.3143231 27.6529903  0.9157704
 1848.4 1851.9  0.3142445 27.6605988  0.9156653
 1851.9 1855.3  0.3141636 27.6684322  0.9155571
 1855.3 1858.7  0.3140953 27.6753769  0.9154423
 1858.7 1862.2  0.3140273 27.6823006  0.9153274
 1862.2 1865.7  0.3139574 27.6894302  0.9152089
 1865.7 1869.2  0.3138874 27.6965580  0.9150906
 1869.2 1872.7  0.3138183 27.7036228  0.9149719
 1872.7 1876.2  0.3137636 27.7096233  0.9148496
 1876.2 1879.7  0.3137090 27.7156239  0.9147273
 1879.7 1883.2  0.3136543 27.7216263  0.9146050
 1883.2 1886.8  0.3135996 27.7276268  0.9144828
 1886.8 1890.4  0.3135434 27.7337990  0.9143569
 1890.4 1893.9  0.3135010 27.7390308  0.9142236
 1893.9 1897.5  0.3134605 27.7440624  0.9140935
 1897.5 1901.1  0.3134189 27.7492371  0.9139597
 1901.1 1904.8  0.3133772 27.7544117  0.9138259
 1904.8 1908.4  0.3133344 27.7597313  0.9136884
 1908.4 1912.0  0.3133067 27.7640266  0.9135426
 1912.0 1915.7  0.3132797 27.7682705  0.9133962
 1915.7 1919.4  0.3132520 27.7726326  0.9132456
 1919.4 1923.1  0.3132243 27.7769947  0.9130951
 1923.1 1926.8  0.3131971 27.7813244  0.9129444
 1926.8 1930.5  0.3131866 27.7844696  0.9127885
 1930.5 1934.2  0.3131761 27.7876167  0.9126326
 1934.2 1938.0  0.3131656 27.7907619  0.9124767
 1938.0 1941.7  0.3131548 27.7939949  0.9123166
 1941.7 1945.5  0.3131444 27.7971401  0.9121606
 1945.5 1949.3  0.3131500 27.7992859  0.9119909
 1949.3 1953.1  0.3131570 27.8013363  0.9118204
 1953.1 1956.9  0.3131641 27.8033886  0.9116499
 1956.9 1960.8  0.3131711 27.8054390  0.9114794
 1960.8 1964.6  0.3131783 27.8075447  0.9113044
 1964.6 1968.5  0.3132028 27.8085194  0.9111192
 1968.5 1972.4  0.3132288 27.8094559  0.9109282
 1972.4 1976.3  0.3132549 27.8103943  0.9107373
 1976.3 1980.2  0.3132810 27.8113327  0.9105464
 1980.2 1984.1  0.3133078 27.8122158  0.9103552
 1984.1 1988.1  0.3133489 27.8121052  0.9101589
 1988.1 1992.0  0.3133911 27.8119907  0.9099576
 1992.0 1996.0  0.3134323 27.8118801  0.9097613
 1996.0 2000.0  0.3134745 27.8117676  0.9095600
 2000.0 2004.0  0.3135167 27.8116531  0.9093586
 2004.0 2008.0  0.3135737 27.8106461  0.9091420
 2008.0 2012.1  0.3136307 27.8096409  0.9089254
 2012.1 2016.1  0.3136892 27.8086090  0.9087033
 2016.1 2020.2  0.3137462 27.8076019  0.9084867
 2020.2 2024.3  0.3138051 27.8065414  0.9082644
 2024.3 2028.4  0.3138722 27.8048935  0.9080387
 2028.4 2032.5  0.3139393 27.8032455  0.9078130
 2032.5 2036.7  0.3140064 27.8015995  0.9075872
 2036.7 2040.8  0.3140752 27.7999115  0.9073560
 2040.8 2045.0  0.3141423 27.7982635  0.9071302
 2045.0 2049.2  0.3142175 27.7961826  0.9068910
 2049.2 2053.4  0.3142930 27.7940826  0.9066514
 2053.4 2057.6  0.3143685 27.7919827  0.9064119
 2057.6 2061.9  0.3144439 27.7898827  0.9061723
 2061.9 2066.1  0.3145212 27.7877312  0.9059270
 2066.1 2070.4  0.3146012 27.7854366  0.9056746
 2070.4 2074.7  0.3146833 27.7830849  0.9054160
 2074.7 2079.0  0.3147653 27.7807312  0.9051573
 2079.0 2083.3  0.3148473 27.7783775  0.9048986
 2083.3 2087.7  0.3149292 27.7760334  0.9046395
 2087.7 2092.1  0.3150115 27.7737789  0.9043686
 2092.1 2096.4  0.3150937 27.7715244  0.9040976
 2096.4 2100.8  0.3151741 27.7693214  0.9038327
 2100.8 2105.3  0.3152564 27.7670670  0.9035618
 2105.3 2109.7  0.3153400 27.7647972  0.9032847
 2109.7 2114.2  0.3154142 27.7630577  0.9030147
 2114.2 2118.6  0.3154900 27.7612801  0.9027385
 2118.6 2123.1  0.3155642 27.7595406  0.9024684
 2123.1 2127.7  0.3156402 27.7577610  0.9021922
 2127.7 2132.2  0.3157177 27.7559433  0.9019099
 2132.2 2136.8  0.3157829 27.7549324  0.9016302
 2136.8 2141.3  0.3158487 27.7539539  0.9013440
 2141.3 2145.9  0.3159131 27.7529964  0.9010640
 2145.9 2150.5  0.3159790 27.7520180  0.9007778
 2150.5 2155.2  0.3160448 27.7510395  0.9004915
 2155.2 2159.8  0.3160982 27.7512341  0.9001797
 2159.8 2164.5  0.3161488 27.7515640  0.8998722
 2164.5 2169.2  0.3162004 27.7519016  0.8995579
 2169.2 2173.9  0.3162521 27.7522373  0.8992438
 2173.9 2178.6  0.3163038 27.7525749  0.8989296
 2178.6 2183.4  0.3163285 27.7542763  0.8986558
 2183.4 2188.2  0.3163531 27.7560444  0.8983771
 2188.2 2193.0  0.3163778 27.7578125  0.8980985
 2193.0 2197.8  0.3164024 27.7595787  0.8978198
 2197.8 2202.6  0.3164270 27.7613468  0.8975410
 2202.6 2207.5  0.3164350 27.7645588  0.8972392
 2207.5 2212.4  0.3164288 27.7690830  0.8969111
 2212.4 2217.3  0.3164227 27.7736092  0.8965831
 2217.3 2222.2  0.3164165 27.7781334  0.8962550
 2222.2 2227.2  0.3164088 27.7827587  0.8959277
 2227.2 2232.1  0.3163636 27.7898636  0.8956110
 2232.1 2237.1  0.3163194 27.7968273  0.8953007
 2237.1 2242.2  0.3162742 27.8039341  0.8949842
 2242.2 2247.2  0.3162282 27.8111820  0.8946612
 2247.2 2252.3  0.3161811 27.8184128  0.8943451
 2252.3 2257.3  0.3160874 27.8288536  0.8940338
 2257.3 2262.4  0.3159955 27.8390903  0.8937286
 2262.4 2267.6  0.3159018 27.8495293  0.8934172
 2267.6 2272.7  0.3158062 27.8601761  0.8930998
 2272.7 2277.9  0.3157125 27.8706169  0.8927885
 2277.9 2283.1  0.3155580 27.8853703  0.8924730
 2283.1 2288.3  0.3154000 27.9003773  0.8921576
 2288.3 2293.6  0.3152419 27.9153824  0.8918422
 2293.6 2298.9  0.3150808 27.9306755  0.8915207
 2298.9 2304.1  0.3149197 27.9459705  0.8911993
 2304.1 2309.5  0.3146980 27.9652462  0.8908998
 2309.5 2314.8  0.3144665 27.9853497  0.8905891
 2314.8 2320.2  0.3142393 28.0050831  0.8902842
 2320.2 2325.6  0.3140078 28.0251865  0.8899735
 2325.6 2331.0  0.3137763 28.0452900  0.8896628
 2331.0 2336.4  0.3134632 28.0710430  0.8893598
 2336.4 2341.9  0.3131435 28.0972481  0.8890573
 2341.9 2347.4  0.3128179 28.1239395  0.8887494
 2347.4 2352.9  0.3124923 28.1506310  0.8884413
 2352.9 2358.5  0.3121667 28.1773205  0.8881333
 2358.5 2364.1  0.3117423 28.2108669  0.8878376
 2364.1 2369.7  0.3113162 28.2445297  0.8875424
 2369.7 2375.3  0.3108901 28.2781906  0.8872471
 2375.3 2381.0  0.3104640 28.3118534  0.8869518
 2381.0 2386.6  0.3100303 28.3461170  0.8866513
 2386.6 2392.3  0.3095367 28.3846111  0.8863851
 2392.3 2398.1  0.3090342 28.4237900  0.8861141
 2398.1 2403.8  0.3085229 28.4636593  0.8858384
 2403.8 2409.6  0.3080205 28.5028381  0.8855674
 2409.6 2415.5  0.3075092 28.5427074  0.8852917
 2415.5 2421.3  0.3069540 28.5866089  0.8850403
 2421.3 2427.2  0.3064056 28.6300068  0.8847952
 2427.2 2433.1  0.3058478 28.6741524  0.8845460
 2433.1 2439.0  0.3052900 28.7182980  0.8842967
 2439.0 2445.0  0.3047322 28.7624435  0.8840474
 2445.0 2451.0  0.3042020 28.8064804  0.8838422
 2451.0 2457.0  0.3036717 28.8505192  0.8836371
 2457.0 2463.1  0.3031415 28.8945560  0.8834320
 2463.1 2469.1  0.3026024 28.9393291  0.8832234
 2469.1 2475.2  0.3020740 28.9832840  0.8830193
 2475.2 2481.4  0.3016449 29.0230675  0.8828734
 2481.4 2487.6  0.3012088 29.0635014  0.8827251
 2487.6 2493.8  0.3007728 29.1039391  0.8825768
 2493.8 2500.0  0.3003367 29.1443729  0.8824285
 2500.0 2506.3  0.2999006 29.1848087  0.8822802
 2506.3 2512.6  0.2996532 29.2157936  0.8822092
 2512.6 2518.9  0.2994058 29.2467785  0.8821383
 2518.9 2525.3  0.2991584 29.2777615  0.8820674
 2525.3 2531.6  0.2989070 29.3092384  0.8819953
 2531.6 2538.1  0.2986596 29.3402233  0.8819245
 2538.1 2544.5  0.2986712 29.3585243  0.8819421
 2544.5 2551.0  0.2986999 29.3756638  0.8819654
 2551.0 2557.5  0.2987291 29.3930683  0.8819891
 2557.5 2564.1  0.2987582 29.4104748  0.8820127
 2564.1 2570.7  0.2987939 29.4278278  0.8820386
 2570.7 2577.3  0.2992246 29.4243565  0.8821834
 2577.3 2584.0  0.2996553 29.4208832  0.8823283
 2584.0 2590.7  0.3000925 29.4173565  0.8824754
 2590.7 2597.4  0.3005297 29.4138317  0.8826224
 2597.4 2604.2  0.3009954 29.4087334  0.8827773
 2604.2 2611.0  0.3019238 29.3784065  0.8830588
 2611.0 2617.8  0.3028523 29.3480797  0.8833404
 2617.8 2624.7  0.3037807 29.3177528  0.8836219
 2624.7 2631.6  0.3047228 29.2869797  0.8839076
 2631.6 2638.5  0.3056649 29.2562065  0.8841932
 2638.5 2645.5  0.3071663 29.1961136  0.8846160
 2645.5 2652.5  0.3087244 29.1333179  0.8850534
 2652.5 2659.6  0.3102825 29.0705242  0.8854908
 2659.6 2666.7  0.3118629 29.0068302  0.8859344
 2666.7 2673.8  0.3134432 28.9431400  0.8863780
 2673.8 2681.0  0.3155823 28.8516216  0.8869309
 2681.0 2688.2  0.3177764 28.7575703  0.8874964
 2688.2 2695.4  0.3199705 28.6635208  0.8880618
 2695.4 2702.7  0.3221647 28.5694695  0.8886273
 2702.7 2710.0  0.3243893 28.4741116  0.8892006
 2710.0 2717.4  0.3271635 28.3537140  0.8898473
 2717.4 2724.8  0.3299997 28.2305794  0.8905060
 2724.8 2732.2  0.3328359 28.1074429  0.8911647
 2732.2 2739.7  0.3356719 27.9843102  0.8918234
 2739.7 2747.3  0.3385464 27.8595123  0.8924910
 2747.3 2754.8  0.3420048 27.7109528  0.8931999
 2754.8 2762.4  0.3454398 27.5634556  0.8939008
 2762.4 2770.1  0.3489206 27.4139938  0.8946111
 2770.1 2777.8  0.3524472 27.2625580  0.8953307
 2777.8 2785.5  0.3559738 27.1111279  0.8960503
 2785.5 2793.3  0.3600317 26.9414043  0.8967544
 2793.3 2801.1  0.3641567 26.7689800  0.8974673
 2801.1 2809.0  0.3682817 26.5965557  0.8981802
 2809.0 2816.9  0.3724595 26.4219246  0.8989022
 2816.9 2824.9  0.3766373 26.2472935  0.8996242
 2824.9 2832.9  0.3814605 26.0536728  0.9002900
 2832.9 2840.9  0.3862913 25.8598385  0.9009551
 2840.9 2849.0  0.3911221 25.6660061  0.9016201
 2849.0 2857.1  0.3960133 25.4697475  0.9022934
 2857.1 2865.3  0.4009093 25.2734337  0.9029649
 2865.3 2873.6  0.4062495 25.0703487  0.9034943
 2873.6 2881.8  0.4116549 24.8647842  0.9040301
 2881.8 2890.2  0.4169952 24.6616993  0.9045594
 2890.2 2898.6  0.4224657 24.4536610  0.9051016
 2898.6 2907.0  0.4279363 24.2456188  0.9056438
 2907.0 2915.5  0.4340125 24.0292740  0.9059947
 2915.5 2924.0  0.4401918 23.8099308  0.9063401
 2924.0 2932.6  0.4463712 23.5905876  0.9066856
 2932.6 2941.2  0.4526232 23.3686619  0.9070351
 2941.2 2949.9  0.4588831 23.1468430  0.9073788
 2949.9 2958.6  0.4655514 22.9267063  0.9074821
 2958.6 2967.4  0.4722200 22.7065639  0.9075855
 2967.4 2976.2  0.4789649 22.4839020  0.9076901
 2976.2 2985.1  0.4857100 22.2612324  0.9077947
 2985.1 2994.0  0.4925357 22.0360718  0.9078978
 2994.0 3003.0  0.4997067 21.8145390  0.9077743
 3003.0 3012.0  0.5069583 21.5905151  0.9076495
 3012.0 3021.1  0.5142099 21.3664894  0.9075245
 3021.1 3030.3  0.5215421 21.1399746  0.9073983
 3030.3 3039.5  0.5289546 20.9113979  0.9072648
 3039.5 3048.8  0.5363572 20.6954117  0.9069569
 3048.8 3058.1  0.5438403 20.4770775  0.9066457
 3058.1 3067.5  0.5513236 20.2587414  0.9063345
 3067.5 3076.9  0.5588871 20.0380630  0.9060200
 3076.9 3086.4  0.5664507 19.8173828  0.9057055
 3086.4 3096.0  0.5740126 19.6079388  0.9052533
 3096.0 3105.6  0.5816534 19.3964329  0.9047950
 3105.6 3115.3  0.5892942 19.1849270  0.9043366
 3115.3 3125.0  0.5970145 18.9712219  0.9038735
 3125.0 3134.8  0.6047347 18.7575169  0.9034104
 3134.8 3144.7  0.6119596 18.5672932  0.9028838
 3144.7 3154.6  0.6192580 18.3751297  0.9023519
 3154.6 3164.6  0.6265567 18.1829643  0.9018199
 3164.6 3174.6  0.6339290 17.9888592  0.9012827
 3174.6 3184.7  0.6413012 17.7947540  0.9007453
 3184.7 3194.9  0.6480663 17.6254272  0.9002017
 3194.9 3205.1  0.6548703 17.4555359  0.8996527
 3205.1 3215.4  0.6616743 17.2856407  0.8991035
 3215.4 3225.8  0.6685448 17.1140862  0.8985491
 3225.8 3236.2  0.6754091 16.9433651  0.8979938
 3236.2 3246.8  0.6813970 16.8027134  0.8974931
 3246.8 3257.3  0.6875000 16.6593533  0.8969828
 3257.3 3268.0  0.6935455 16.5173473  0.8964773
 3268.0 3278.7  0.6997060 16.3726387  0.8959621
 3278.7 3289.5  0.7055225 16.2388916  0.8954750
 3289.5 3300.3  0.7107362 16.1248302  0.8950366
 3300.3 3311.3  0.7159500 16.0107708  0.8945983
 3311.3 3322.3  0.7212603 15.8945980  0.8941519
 3322.3 3333.3  0.7265705 15.7784262  0.8937054
 3333.3 3344.5  0.7312130 15.6821146  0.8933132
 3344.5 3355.7  0.7357187 15.5906315  0.8929318
 3355.7 3367.0  0.7402244 15.4991474  0.8925505
 3367.0 3378.4  0.7447703 15.4068460  0.8921657
 3378.4 3389.8  0.7488809 15.3243561  0.8918169
 3389.8 3401.4  0.7518725 15.2668705  0.8915612
 3401.4 3413.0  0.7549164 15.2083778  0.8913010
 3413.0 3424.7  0.7579605 15.1498842  0.8910407
 3424.7 3436.4  0.7610307 15.0908871  0.8907782
 3436.4 3448.3  0.7688342 14.9469099  0.8900842
 3448.3 3460.2  0.7768979 14.7981949  0.8893667
 3460.2 3472.2  0.7803661 14.7314224  0.8890474
 3472.2 3484.3  0.7830910 14.6778584  0.8887923
 3484.3 3496.5  0.7858387 14.6238489  0.8885351
 3496.5 3508.8  0.7886091 14.5693932  0.8882757
 3508.8 3521.1  0.7914022 14.5144901  0.8880143
 3521.1 3533.6  0.7941954 14.4595871  0.8877528
 3533.6 3546.1  0.7970339 14.4037924  0.8874871
 3546.1 3558.7  0.7998724 14.3479967  0.8872213
 3558.7 3571.4  0.8022787 14.2955694  0.8869831
 3571.4 3584.2  0.8044986 14.2444477  0.8867564
 3584.2 3597.1  0.8067359 14.1929235  0.8865279
 3597.1 3610.1  0.8089908 14.1409960  0.8862976
 3610.1 3623.2  0.8112631 14.0886669  0.8860655
 3623.2 3636.4  0.8135529 14.0359354  0.8858317
 3636.4 3649.6  0.8158601 13.9828014  0.8855960
 3649.6 3663.0  0.8181674 13.9296665  0.8853604
 3663.0 3676.5  0.8201061 13.8789454  0.8851535
 3676.5 3690.0  0.8220468 13.8279448  0.8849460
 3690.0 3703.7  0.8239874 13.7769442  0.8847386
 3703.7 3717.5  0.8259568 13.7251883  0.8845281
 3717.5 3731.3  0.8279406 13.6730547  0.8843161
 3731.3 3745.3  0.8299243 13.6209202  0.8841040
 3745.3 3759.4  0.8319369 13.5680313  0.8838890
 3759.4 3773.6  0.8338384 13.5167322  0.8836906
 3773.6 3787.9  0.8356903 13.4660578  0.8835001
 3787.9 3802.3  0.8375551 13.4150276  0.8833082
 3802.3 3816.8  0.8394331 13.3636398  0.8831150
 3816.8 3831.4  0.8413240 13.3118963  0.8829204
 3831.4 3846.2  0.8432280 13.2597961  0.8827246
 3846.2 3861.0  0.8451582 13.2069807  0.8825260
 3861.0 3876.0  0.8470498 13.1562471  0.8823477
 3876.0 3891.1  0.8489535 13.1055565  0.8821741
 3891.1 3906.2  0.8508700 13.0545282  0.8819993
 3906.2 3921.6  0.8527864 13.0035000  0.8818245
 3921.6 3937.0  0.8547409 12.9514580  0.8816462
 3937.0 3952.6  0.8566954 12.8994160  0.8814680
 3952.6 3968.3  0.8586656 12.8471928  0.8812934
 3968.3 3984.1  0.8605994 12.7971315  0.8811477
 3984.1 4000.0  0.8625455 12.7467499  0.8810011
 4000.0 4016.1  0.8645040 12.6960506  0.8808535
 4016.1 4032.3  0.8664871 12.6447124  0.8807042
 4032.3 4048.6  0.8684825 12.5930557  0.8805538
 4048.6 4065.0  0.8704902 12.5410805  0.8804026
 4065.0 4081.6  0.8724055 12.4917097  0.8802916
 4081.6 4098.4  0.8743343 12.4420137  0.8801833
 4098.4 4115.2  0.8762863 12.3917189  0.8800736
 4115.2 4132.2  0.8782384 12.3414230  0.8799639
 4132.2 4149.4  0.8802137 12.2905302  0.8798530
 4149.4 4166.7  0.8822122 12.2390385  0.8797407
 4166.7 4184.1  0.8840749 12.1901941  0.8796688
 4184.1 4201.7  0.8859431 12.1411743  0.8795981
 4201.7 4219.4  0.8878327 12.0915918  0.8795266
 4219.4 4237.3  0.8897330 12.0417280  0.8794546
 4237.3 4255.3  0.8916548 11.9912996  0.8793818
 4255.3 4273.5  0.8935364 11.9413328  0.8793170
 4273.5 4291.8  0.8953155 11.8926115  0.8792719
 4291.8 4310.3  0.8971043 11.8436222  0.8792264
 4310.3 4329.0  0.8989126 11.7940979  0.8791806
 4329.0 4347.8  0.9007405 11.7440376  0.8791341
 4347.8 4366.8  0.9025782 11.6937103  0.8790875
 4366.8 4386.0  0.9042659 11.6446600  0.8790535
 4386.0 4405.3  0.9059489 11.5953331  0.8790208
 4405.3 4424.8  0.9076408 11.5457497  0.8789880
 4424.8 4444.4  0.9093501 11.4956522  0.8789548
 4444.4 4464.3  0.9110682 11.4452972  0.8789215
 4464.3 4484.3  0.9126767 11.3954182  0.8788931
 4484.3 4504.5  0.9142398 11.3457775  0.8788667
 4504.5 4524.9  0.9158185 11.2956400  0.8788401
 4524.9 4545.5  0.9174128 11.2450075  0.8788132
 4545.5 4566.2  0.9190227 11.1938782  0.8787861
 4566.2 4587.2  0.9205081 11.1437187  0.8787633
 4587.2 4608.3  0.9219778 11.0931768  0.8787416
 4608.3 4629.6  0.9234543 11.0423956  0.8787197
 4629.6 4651.2  0.9249449 10.9911308  0.8786976
 4651.2 4672.9  0.9264482 10.9392252  0.8786754
 4672.9 4694.8  0.9278156 10.8884411  0.8786576
 4694.8 4717.0  0.9291955 10.8371887  0.8786397
 4717.0 4739.3  0.9305944 10.7852335  0.8786215
 4739.3 4761.9  0.9319996 10.7330456  0.8786032
 4761.9 4784.7  0.9333524 10.6808653  0.8785866
 4784.7 4807.7  0.9346524 10.6288671  0.8785716
 4807.7 4830.9  0.9359639 10.5764132  0.8785565
 4830.9 4854.4  0.9372867 10.5235043  0.8785413
 4854.4 4878.0  0.9386038 10.4701509  0.8785264
 4878.0 4902.0  0.9398268 10.4176235  0.8785136
 4902.0 4926.1  0.9410707 10.3642063  0.8785007
 4926.1 4950.5  0.9423197 10.3105669  0.8784877
 4950.5 4975.1  0.9435819 10.2562847  0.8784745
 4975.1 5000.0  0.9447445 10.2028036  0.8784629
 5000.0 5025.1  0.9459213 10.1486702  0.8784512
 5025.1 5050.5  0.9471076 10.0941019  0.8784394
 5050.5 5076.1  0.9483060 10.0389061  0.8784274
 5076.1 5102.0  0.9494116  9.9845352  0.8784160
 5102.0 5128.2  0.9505301  9.9295273  0.8784044
 5128.2 5154.6  0.9516615  9.8738823  0.8783927
 5154.6 5181.3  0.9527846  9.8180437  0.8783808
 5181.3 5208.3  0.9538385  9.7626772  0.8783684
 5208.3 5235.6  0.9549043  9.7066879  0.8783559
 5235.6 5263.2  0.9559820  9.6500769  0.8783432
 5263.2 5291.0  0.9570257  9.5935268  0.8783296
 5291.0 5319.1  0.9580268  9.5373192  0.8783150
 5319.1 5347.6  0.9590386  9.4805040  0.8783003
 5347.6 5376.3  0.9600648  9.4228802  0.8782853
 5376.3 5405.4  0.9610107  9.3662996  0.8782675
 5405.4 5434.8  0.9619617  9.3090630  0.8782491
 5434.8 5464.5  0.9629226  9.2512369  0.8782306
 5464.5 5494.5  0.9638456  9.1936893  0.8782096
 5494.5 5524.9  0.9647273  9.1364803  0.8781860
 5524.9 5555.6  0.9656207  9.0785084  0.8781622
 5555.6 5586.6  0.9665048  9.0203228  0.8781370
 5586.6 5618.0  0.9673148  8.9631910  0.8781066
 5618.0 5649.7  0.9681352  8.9053221  0.8780758
 5649.7 5681.8  0.9689636  8.8469000  0.8780447
 5681.8 5714.3  0.9697077  8.7896662  0.8780069
 5714.3 5747.1  0.9704602  8.7317362  0.8779686
 5747.1 5780.3  0.9712197  8.6732712  0.8779299
 5780.3 5814.0  0.9719132  8.6156359  0.8778856
 5814.0 5848.0  0.9726098  8.5572815  0.8778402
 5848.0 5882.4  0.9733126  8.4984083  0.8777943
 5882.4 5917.2  0.9739577  8.4401960  0.8777434
 5917.2 5952.4  0.9746062  8.3813896  0.8776916
 5952.4 5988.0  0.9752582  8.3219900  0.8776389
 5988.0 6024.1  0.9758630  8.2630405  0.8775818
 6024.1 6060.6  0.9764763  8.2032633  0.8775240
 6060.6 6097.6  0.9770826  8.1431112  0.8774644
 6097.6 6135.0  0.9776628  8.0828476  0.8774015
 6135.0 6172.8  0.9782493  8.0219336  0.8773380
 6172.8 6211.2  0.9788190  7.9608521  0.8772720
 6211.2 6250.0  0.9793823  7.8991241  0.8772038
 6250.0 6289.3  0.9799515  7.8367538  0.8771350
 6289.3 6329.1  0.9804986  7.7742076  0.8770629
 6329.1 6369.4  0.9810527  7.7108650  0.8769898
 6369.4 6410.3  0.9816039  7.6469450  0.8769150
 6410.3 6451.6  0.9821525  7.5823112  0.8768379
 6451.6 6493.5  0.9827061  7.5170555  0.8767600
 6493.5 6535.9  0.9832565  7.4511271  0.8766796
 6535.9 6578.9  0.9838134  7.3844118  0.8765982
 6578.9 6622.5  0.9843763  7.3168278  0.8765150
 6622.5 6666.7  0.9849462  7.2483377  0.8764303
 6666.7 6711.4  0.9855264  7.1788802  0.8763442
 6711.4 6756.8  0.9861174  7.1085963  0.8762567
 6756.8 6802.7  0.9867200  7.0371742  0.8761678
 6802.7 6849.3  0.9873434  6.9647503  0.8760777
 6849.3 6896.6  0.9879763  6.8912234  0.8759862
 6896.6 6944.4  0.9886395  6.8162713  0.8758931
 6944.4 6993.0  0.9893101  6.7405229  0.8757991
 6993.0 7042.3  0.9900062  6.6633348  0.8757026
 7042.3 7092.2  0.9907141  6.5850129  0.8756047
 7092.2 7142.9  0.9914362  6.5057650  0.8755037
 7142.9 7194.2  0.9921708  6.4252529  0.8754007
 7194.2 7246.4  0.9929112  6.3440256  0.8752936
 7246.4 7299.3  0.9936641  6.2614141  0.8751841
 7299.3 7352.9  0.9944139  6.1782017  0.8750686
 7352.9 7407.4  0.9951711  6.0939708  0.8749510
 7407.4 7462.7  0.9959166  6.0091262  0.8748251
 7462.7 7518.8  0.9966641  5.9233055  0.8746954
 7518.8 7575.8  0.9973922  5.8371611  0.8745571
 7575.8 7633.6  0.9981075  5.7503462  0.8744117
 7633.6 7692.3  0.9988030  5.6631861  0.8742583
 7692.3 7751.9  0.9994232  5.5761428  0.8740926
 7751.9 7812.5  1.0000000  5.4884257  0.8739199
 7812.5 7874.0  1.0000000  5.4017682  0.8737276
 7874.0 7936.5  1.0000000  5.3150911  0.8735241
 7936.5 8000.0  1.0000000  5.2290173  0.8733042
 8000.0 8064.5  1.0000000  5.1447721  0.8730600
 8064.5 8130.1  1.0000000  5.0612020  0.8727992
 8130.1 8196.7  1.0000000  4.9801431  0.8725085
 8196.7 8264.5  1.0000000  4.9021988  0.8721856
 8264.5 8333.3  1.0000000  4.8263583  0.8718345
 8333.3 8403.4  1.0000000  4.7554450  0.8714395
 8403.4 8474.6  1.0000000  4.6903415  0.8709915
 8474.6 8547.0  1.0000000  4.6264887  0.8705220
 8547.0 8620.7  1.0000000  4.5615587  0.8700446
 8620.7 8695.7  1.0000000  4.4954634  0.8695586
 8695.7 8771.9  1.0000000  4.4282022  0.8690640
 8771.9 8849.6  1.0000000  4.3598647  0.8685616
 8849.6 8928.6  1.0000000  4.2901826  0.8680492
 8928.6 9009.0  1.0000000  4.2193341  0.8675283
 9009.0 9090.9  1.0000000  4.1472297  0.8669981
 9090.9 9174.3  1.0000000  4.0737801  0.8664581
 9174.3 9259.3  1.0000000  3.9989862  0.8659081
 9259.3 9345.8  1.0000000  3.9227567  0.8653476
 9345.8 9434.0  1.0000000  3.8451822  0.8647773
 9434.0 9523.8  1.0000000  3.7660828  0.8641956
 9523.8 9615.4  1.0000000  3.6855488  0.8636035
 9615.4 9708.7  1.0000000  3.6034000  0.8629995
 9708.7 9803.9  1.0000000  3.5197272  0.8623843
 9803.9 9901.0  1.0000000  3.4343500  0.8617565
 9901.0 9911.0  1.0000000  3.3472695  0.8611162
