 1176.5 1177.9  0.4931118  9.5733795  0.7880514
 1177.9 1179.2  0.4928785  9.5796318  0.7880356
 1179.2 1180.6  0.4926619  9.5854378  0.7880210
 1180.6 1182.0  0.4924286  9.5916901  0.7880052
 1182.0 1183.4  0.4921953  9.5979424  0.7879894
 1183.4 1184.8  0.4919620  9.6041946  0.7879736
 1184.8 1186.2  0.4917288  9.6104469  0.7879579
 1186.2 1187.6  0.4914955  9.6166992  0.7879421
 1187.6 1189.1  0.4912622  9.6229515  0.7879264
 1189.1 1190.5  0.4910122  9.6296501  0.7879095
 1190.5 1191.9  0.4907790  9.6359034  0.7878937
 1191.9 1193.3  0.4905457  9.6421556  0.7878780
 1193.3 1194.7  0.4903124  9.6484079  0.7878622
 1194.7 1196.2  0.4900791  9.6546593  0.7878464
 1196.2 1197.6  0.4898292  9.6613588  0.7878295
 1197.6 1199.0  0.4895959  9.6676111  0.7878138
 1199.0 1200.5  0.4893626  9.6738634  0.7877980
 1200.5 1201.9  0.4891127  9.6805620  0.7877811
 1201.9 1203.4  0.4888794  9.6868143  0.7877654
 1203.4 1204.8  0.4886294  9.6935139  0.7877485
 1204.8 1206.3  0.4883961  9.6997662  0.7877327
 1206.3 1207.7  0.4881462  9.7064648  0.7877158
 1207.7 1209.2  0.4879129  9.7127171  0.7877001
 1209.2 1210.7  0.4876630  9.7194157  0.7876832
 1210.7 1212.1  0.4874130  9.7261152  0.7876663
 1212.1 1213.6  0.4871798  9.7323675  0.7876505
 1213.6 1215.1  0.4869298  9.7390661  0.7876336
 1215.1 1216.5  0.4866799  9.7457647  0.7876167
 1216.5 1218.0  0.4864466  9.7520170  0.7876010
 1218.0 1219.5  0.4861966  9.7587166  0.7875841
 1219.5 1221.0  0.4859467  9.7654152  0.7875672
 1221.0 1222.5  0.4856967  9.7721138  0.7875503
 1222.5 1224.0  0.4854468  9.7788134  0.7875334
 1224.0 1225.5  0.4851968  9.7855120  0.7875165
 1225.5 1227.0  0.4849469  9.7922106  0.7874996
 1227.0 1228.5  0.4846970  9.7989101  0.7874827
 1228.5 1230.0  0.4844470  9.8056087  0.7874659
 1230.0 1231.5  0.4841971  9.8123074  0.7874489
 1231.5 1233.0  0.4839471  9.8190069  0.7874321
 1233.0 1234.6  0.4836972  9.8257055  0.7874152
 1234.6 1236.1  0.4834306  9.8328505  0.7873971
 1236.1 1237.6  0.4831806  9.8395500  0.7873803
 1237.6 1239.2  0.4829307  9.8462486  0.7873634
 1239.2 1240.7  0.4826640  9.8533945  0.7873453
 1240.7 1242.2  0.4824141  9.8600931  0.7873285
 1242.2 1243.8  0.4821642  9.8667917  0.7873116
 1243.8 1245.3  0.4818975  9.8739376  0.7872936
 1245.3 1246.9  0.4816476  9.8806372  0.7872767
 1246.9 1248.4  0.4813810  9.8877821  0.7872587
 1248.4 1250.0  0.4811310  9.8944807  0.7872418
 1250.0 1251.6  0.4808644  9.9016266  0.7872238
 1251.6 1253.1  0.4805978  9.9087715  0.7872058
 1253.1 1254.7  0.4803479  9.9154711  0.7871889
 1254.7 1256.3  0.4800813  9.9226160  0.7871708
 1256.3 1257.9  0.4798146  9.9297619  0.7871528
 1257.9 1259.4  0.4795480  9.9369078  0.7871348
 1259.4 1261.0  0.4792981  9.9436064  0.7871180
 1261.0 1262.6  0.4790315  9.9507523  0.7870999
 1262.6 1264.2  0.4787649  9.9578972  0.7870819
 1264.2 1265.8  0.4784983  9.9650431  0.7870639
 1265.8 1267.4  0.4782317  9.9721889  0.7870459
 1267.4 1269.0  0.4779651  9.9793339  0.7870278
 1269.0 1270.6  0.4776984  9.9864798  0.7870098
 1270.6 1272.3  0.4774318  9.9936247  0.7869918
 1272.3 1273.9  0.4771486 10.0012169  0.7869727
 1273.9 1275.5  0.4768820 10.0083628  0.7869546
 1275.5 1277.1  0.4766153 10.0155077  0.7869366
 1277.1 1278.8  0.4763488 10.0226536  0.7869186
 1278.8 1280.4  0.4760655 10.0302458  0.7868995
 1280.4 1282.1  0.4757988 10.0373917  0.7868815
 1282.1 1283.7  0.4755156 10.0449829  0.7868623
 1283.7 1285.3  0.4752490 10.0521288  0.7868443
 1285.3 1287.0  0.4749824 10.0592747  0.7868263
 1287.0 1288.7  0.4746991 10.0668669  0.7868072
 1288.7 1290.3  0.4744158 10.0744581  0.7867880
 1290.3 1292.0  0.4741492 10.0816040  0.7867700
 1292.0 1293.7  0.4738660 10.0891962  0.7867509
 1293.7 1295.3  0.4735827 10.0967884  0.7867317
 1295.3 1297.0  0.4733160 10.1039343  0.7867137
 1297.0 1298.7  0.4730328 10.1115255  0.7866946
 1298.7 1300.4  0.4727495 10.1191177  0.7866755
 1300.4 1302.1  0.4724885 10.1261663  0.7866491
 1302.1 1303.8  0.4722998 10.1314468  0.7865993
 1303.8 1305.5  0.4721110 10.1367283  0.7865496
 1305.5 1307.2  0.4719223 10.1420097  0.7864998
 1307.2 1308.9  0.4717336 10.1472902  0.7864500
 1308.9 1310.6  0.4715448 10.1525717  0.7864003
 1310.6 1312.3  0.4713561 10.1578522  0.7863505
 1312.3 1314.1  0.4711674 10.1631336  0.7863008
 1314.1 1315.8  0.4709675 10.1687250  0.7862481
 1315.8 1317.5  0.4707788 10.1740065  0.7861983
 1317.5 1319.3  0.4705901 10.1792870  0.7861485
 1319.3 1321.0  0.4703902 10.1848793  0.7860959
 1321.0 1322.8  0.4702015 10.1901598  0.7860461
 1322.8 1324.5  0.4700016 10.1957521  0.7859935
 1324.5 1326.3  0.4698129 10.2010326  0.7859437
 1326.3 1328.0  0.4696131 10.2066250  0.7858910
 1328.0 1329.8  0.4694243 10.2119055  0.7858412
 1329.8 1331.6  0.4692245 10.2174978  0.7857885
 1331.6 1333.3  0.4690247 10.2230892  0.7857359
 1333.3 1335.1  0.4688359 10.2283707  0.7856861
 1335.1 1336.9  0.4686361 10.2339621  0.7856334
 1336.9 1338.7  0.4684362 10.2395535  0.7855808
 1338.7 1340.5  0.4682364 10.2451448  0.7855281
 1340.5 1342.3  0.4680366 10.2507372  0.7854754
 1342.3 1344.1  0.4678367 10.2563286  0.7854227
 1344.1 1345.9  0.4676369 10.2619200  0.7853700
 1345.9 1347.7  0.4674371 10.2675123  0.7853173
 1347.7 1349.5  0.4672372 10.2731037  0.7852646
 1349.5 1351.4  0.4670374 10.2786951  0.7852120
 1351.4 1353.2  0.4668406 10.2842913  0.7851394
 1353.2 1355.0  0.4666589 10.2894878  0.7850649
 1355.0 1356.9  0.4664771 10.2946854  0.7849904
 1356.9 1358.7  0.4662853 10.3001719  0.7849117
 1358.7 1360.5  0.4661036 10.3053684  0.7848372
 1360.5 1362.4  0.4659219 10.3105659  0.7847627
 1362.4 1364.3  0.4657301 10.3160515  0.7846841
 1364.3 1366.1  0.4655383 10.3215380  0.7846054
 1366.1 1368.0  0.4653566 10.3267345  0.7845309
 1368.0 1369.9  0.4651648 10.3322210  0.7844523
 1369.9 1371.7  0.4649729 10.3377066  0.7843736
 1371.7 1373.6  0.4647912 10.3429041  0.7842991
 1373.6 1375.5  0.4645994 10.3483896  0.7842205
 1375.5 1377.4  0.4644076 10.3538761  0.7841418
 1377.4 1379.3  0.4642158 10.3593616  0.7840632
 1379.3 1381.2  0.4640240 10.3648481  0.7839845
 1381.2 1383.1  0.4638322 10.3703337  0.7839059
 1383.1 1385.0  0.4636404 10.3758192  0.7838272
 1385.0 1387.0  0.4634486 10.3813057  0.7837486
 1387.0 1388.9  0.4632467 10.3870802  0.7836658
 1388.9 1390.8  0.4630549 10.3925667  0.7835872
 1390.8 1392.8  0.4628631 10.3980522  0.7835085
 1392.8 1394.7  0.4626611 10.4038267  0.7834257
 1394.7 1396.6  0.4624693 10.4093132  0.7833471
 1396.6 1398.6  0.4622775 10.4147987  0.7832685
 1398.6 1400.6  0.4620756 10.4205732  0.7831857
 1400.6 1402.5  0.4618793 10.4262152  0.7830961
 1402.5 1404.5  0.4617049 10.4312801  0.7829961
 1404.5 1406.5  0.4615214 10.4366121  0.7828909
 1406.5 1408.5  0.4613380 10.4419432  0.7827855
 1408.5 1410.4  0.4611545 10.4472752  0.7826803
 1410.4 1412.4  0.4609801 10.4523401  0.7825803
 1412.4 1414.4  0.4607967 10.4576721  0.7824749
 1414.4 1416.4  0.4606132 10.4630032  0.7823697
 1416.4 1418.4  0.4604297 10.4683352  0.7822644
 1418.4 1420.5  0.4602462 10.4736662  0.7821591
 1420.5 1422.5  0.4600535 10.4792643  0.7820485
 1422.5 1424.5  0.4598701 10.4845963  0.7819433
 1424.5 1426.5  0.4596866 10.4899273  0.7818380
 1426.5 1428.6  0.4595031 10.4952593  0.7817327
 1428.6 1430.6  0.4593104 10.5008574  0.7816222
 1430.6 1432.7  0.4591269 10.5061893  0.7815168
 1432.7 1434.7  0.4589343 10.5117874  0.7814063
 1434.7 1436.8  0.4587508 10.5171185  0.7813010
 1436.8 1438.8  0.4585581 10.5227165  0.7811905
 1438.8 1440.9  0.4583746 10.5280485  0.7810852
 1440.9 1443.0  0.4581820 10.5336466  0.7809746
 1443.0 1445.1  0.4579893 10.5392447  0.7808641
 1445.1 1447.2  0.4577966 10.5448427  0.7807536
 1447.2 1449.3  0.4576040 10.5504408  0.7806430
 1449.3 1451.4  0.4574113 10.5560389  0.7805324
 1451.4 1453.5  0.4572304 10.5613213  0.7804072
 1453.5 1455.6  0.4570554 10.5664454  0.7802747
 1455.6 1457.7  0.4568805 10.5715694  0.7801422
 1457.7 1459.9  0.4567055 10.5766926  0.7800097
 1459.9 1462.0  0.4565221 10.5820608  0.7798709
 1462.0 1464.1  0.4563471 10.5871849  0.7797384
 1464.1 1466.3  0.4561721 10.5923090  0.7796058
 1466.3 1468.4  0.4559888 10.5976772  0.7794670
 1468.4 1470.6  0.4558138 10.6028013  0.7793345
 1470.6 1472.8  0.4556305 10.6081686  0.7791957
 1472.8 1474.9  0.4554472 10.6135368  0.7790568
 1474.9 1477.1  0.4552722 10.6186609  0.7789243
 1477.1 1479.3  0.4550889 10.6240292  0.7787855
 1479.3 1481.5  0.4549055 10.6293974  0.7786466
 1481.5 1483.7  0.4547222 10.6347647  0.7785078
 1483.7 1485.9  0.4545389 10.6401329  0.7783690
 1485.9 1488.1  0.4543556 10.6455011  0.7782302
 1488.1 1490.3  0.4541722 10.6508694  0.7780914
 1490.3 1492.5  0.4539889 10.6562366  0.7779525
 1492.5 1494.8  0.4538056 10.6616049  0.7778137
 1494.8 1497.0  0.4536139 10.6672173  0.7776685
 1497.0 1499.3  0.4534306 10.6725845  0.7775297
 1499.3 1501.5  0.4532389 10.6781969  0.7773846
 1501.5 1503.8  0.4530672 10.6832170  0.7772311
 1503.8 1506.0  0.4528931 10.6882963  0.7770635
 1506.0 1508.3  0.4527267 10.6931553  0.7769032
 1508.3 1510.6  0.4525527 10.6982346  0.7767357
 1510.6 1512.9  0.4523788 10.7033129  0.7765681
 1512.9 1515.2  0.4522048 10.7083921  0.7764005
 1515.2 1517.5  0.4520308 10.7134714  0.7762329
 1517.5 1519.8  0.4518568 10.7185507  0.7760653
 1519.8 1522.1  0.4516828 10.7236300  0.7758977
 1522.1 1524.4  0.4515088 10.7287092  0.7757302
 1524.4 1526.7  0.4513348 10.7337885  0.7755626
 1526.7 1529.1  0.4511609 10.7388668  0.7753950
 1529.1 1531.4  0.4509793 10.7441673  0.7752202
 1531.4 1533.7  0.4508053 10.7492466  0.7750525
 1533.7 1536.1  0.4506314 10.7543259  0.7748850
 1536.1 1538.5  0.4504498 10.7596254  0.7747101
 1538.5 1540.8  0.4502682 10.7649260  0.7745352
 1540.8 1543.2  0.4500943 10.7700052  0.7743676
 1543.2 1545.6  0.4499127 10.7753048  0.7741928
 1545.6 1548.0  0.4497311 10.7806044  0.7740179
 1548.0 1550.4  0.4495496 10.7859049  0.7738431
 1550.4 1552.8  0.4493709 10.7911091  0.7736645
 1552.8 1555.2  0.4492062 10.7958345  0.7734677
 1555.2 1557.6  0.4490415 10.8005600  0.7732709
 1557.6 1560.1  0.4488768 10.8052864  0.7730741
 1560.1 1562.5  0.4487053 10.8102093  0.7728691
 1562.5 1564.9  0.4485406 10.8149347  0.7726723
 1564.9 1567.4  0.4483759 10.8196602  0.7724755
 1567.4 1569.9  0.4482043 10.8245831  0.7722704
 1569.9 1572.3  0.4480328 10.8295059  0.7720655
 1572.3 1574.8  0.4478681 10.8342314  0.7718686
 1574.8 1577.3  0.4476966 10.8391542  0.7716636
 1577.3 1579.8  0.4475250 10.8440771  0.7714586
 1579.8 1582.3  0.4473535 10.8490000  0.7712536
 1582.3 1584.8  0.4471819 10.8539228  0.7710486
 1584.8 1587.3  0.4470104 10.8588448  0.7708436
 1587.3 1589.8  0.4468389 10.8637676  0.7706386
 1589.8 1592.4  0.4466673 10.8686905  0.7704335
 1592.4 1594.9  0.4464889 10.8738098  0.7702203
 1594.9 1597.4  0.4463173 10.8787327  0.7700154
 1597.4 1600.0  0.4461458 10.8836555  0.7698103
 1600.0 1602.6  0.4459674 10.8887749  0.7695971
 1602.6 1605.1  0.4458068 10.8932629  0.7693605
 1605.1 1607.7  0.4456524 10.8975782  0.7691331
 1607.7 1610.3  0.4454918 10.9020662  0.7688966
 1610.3 1612.9  0.4453312 10.9065552  0.7686600
 1612.9 1615.5  0.4451706 10.9110432  0.7684234
 1615.5 1618.1  0.4450099 10.9155312  0.7681869
 1618.1 1620.7  0.4448493 10.9200191  0.7679504
 1620.7 1623.4  0.4446887 10.9245071  0.7677138
 1623.4 1626.0  0.4445219 10.9291677  0.7674682
 1626.0 1628.7  0.4443613 10.9336557  0.7672316
 1628.7 1631.3  0.4441946 10.9383163  0.7669860
 1631.3 1634.0  0.4440340 10.9428043  0.7667494
 1634.0 1636.7  0.4438672 10.9474649  0.7665038
 1636.7 1639.3  0.4437004 10.9521255  0.7662581
 1639.3 1642.0  0.4435398 10.9566145  0.7660215
 1642.0 1644.7  0.4433730 10.9612751  0.7657759
 1644.7 1647.4  0.4432062 10.9659357  0.7655302
 1647.4 1650.2  0.4430394 10.9705963  0.7652846
 1650.2 1652.9  0.4428680 10.9753828  0.7650279
 1652.9 1655.6  0.4427220 10.9794102  0.7647558
 1655.6 1658.4  0.4425760 10.9834375  0.7644837
 1658.4 1661.1  0.4424245 10.9876137  0.7642016
 1661.1 1663.9  0.4422785 10.9916410  0.7639295
 1663.9 1666.7  0.4421271 10.9958172  0.7636474
 1666.7 1669.4  0.4419757 10.9999933  0.7633652
 1669.4 1672.2  0.4418296 11.0040207  0.7630932
 1672.2 1675.0  0.4416782 11.0081978  0.7628110
 1675.0 1677.9  0.4415268 11.0123739  0.7625289
 1677.9 1680.7  0.4413699 11.0166998  0.7622367
 1680.7 1683.5  0.4412185 11.0208759  0.7619545
 1683.5 1686.3  0.4410671 11.0250521  0.7616724
 1686.3 1689.2  0.4409156 11.0292292  0.7613902
 1689.2 1692.0  0.4407588 11.0335541  0.7610980
 1692.0 1694.9  0.4406074 11.0377312  0.7608159
 1694.9 1697.8  0.4404505 11.0420561  0.7605236
 1697.8 1700.7  0.4402937 11.0463820  0.7602314
 1700.7 1703.6  0.4401518 11.0503016  0.7599577
 1703.6 1706.5  0.4400569 11.0529470  0.7597420
 1706.5 1709.4  0.4399619 11.0555916  0.7595263
 1709.4 1712.3  0.4398670 11.0582361  0.7593106
 1712.3 1715.3  0.4397721 11.0608807  0.7590950
 1715.3 1718.2  0.4396738 11.0636168  0.7588718
 1718.2 1721.2  0.4395789 11.0662622  0.7586561
 1721.2 1724.1  0.4394807 11.0689974  0.7584330
 1724.1 1727.1  0.4393858 11.0716429  0.7582173
 1727.1 1730.1  0.4392876 11.0743790  0.7579942
 1730.1 1733.1  0.4391894 11.0771141  0.7577711
 1733.1 1736.1  0.4390912 11.0798502  0.7575480
 1736.1 1739.1  0.4389930 11.0825863  0.7573249
 1739.1 1742.2  0.4388947 11.0853224  0.7571018
 1742.2 1745.2  0.4387933 11.0881500  0.7568712
 1745.2 1748.3  0.4386951 11.0908861  0.7566481
 1748.3 1751.3  0.4385936 11.0937128  0.7564175
 1751.3 1754.4  0.4384954 11.0964489  0.7561944
 1754.4 1757.5  0.4383906 11.0993853  0.7559469
 1757.5 1760.6  0.4382635 11.1030617  0.7555853
 1760.6 1763.7  0.4381364 11.1067371  0.7552236
 1763.7 1766.8  0.4380092 11.1104136  0.7548618
 1766.8 1769.9  0.4378821 11.1140890  0.7545002
 1769.9 1773.0  0.4377550 11.1177654  0.7541385
 1773.0 1776.2  0.4376383 11.1212444  0.7537645
 1776.2 1779.4  0.4375183 11.1248293  0.7533779
 1779.4 1782.5  0.4373982 11.1284142  0.7529914
 1782.5 1785.7  0.4372819 11.1318865  0.7526170
 1785.7 1788.9  0.4371619 11.1354713  0.7522305
 1788.9 1792.1  0.4370524 11.1388693  0.7518315
 1792.1 1795.3  0.4369440 11.1422482  0.7514313
 1795.3 1798.6  0.4368357 11.1456270  0.7510310
 1798.6 1801.8  0.4367239 11.1491117  0.7506183
 1801.8 1805.1  0.4366156 11.1524906  0.7502180
 1805.1 1808.3  0.4365132 11.1558695  0.7497784
 1808.3 1811.6  0.4364145 11.1591396  0.7493505
 1811.6 1814.9  0.4363128 11.1625118  0.7489092
 1814.9 1818.2  0.4362110 11.1658840  0.7484679
 1818.2 1821.5  0.4361103 11.1692371  0.7480265
 1821.5 1824.8  0.4360253 11.1722975  0.7475828
 1824.8 1828.2  0.4359403 11.1753569  0.7471390
 1828.2 1831.5  0.4358527 11.1785088  0.7466819
 1831.5 1834.9  0.4357677 11.1815681  0.7462382
 1834.9 1838.2  0.4356802 11.1847210  0.7457811
 1838.2 1841.6  0.4356095 11.1875734  0.7453209
 1841.6 1845.0  0.4355371 11.1905069  0.7448463
 1845.0 1848.4  0.4354648 11.1934395  0.7443718
 1848.4 1851.9  0.4353924 11.1963730  0.7438972
 1851.9 1855.3  0.4353179 11.1993923  0.7434086
 1855.3 1858.7  0.4352598 11.2021875  0.7429019
 1858.7 1862.2  0.4352022 11.2049780  0.7423941
 1862.2 1865.7  0.4351429 11.2078514  0.7418714
 1865.7 1869.2  0.4350836 11.2107248  0.7413487
 1869.2 1872.7  0.4350254 11.2135811  0.7408257
 1872.7 1876.2  0.4349855 11.2161484  0.7402980
 1876.2 1879.7  0.4349456 11.2187166  0.7397702
 1879.7 1883.2  0.4349056 11.2212849  0.7392425
 1883.2 1886.8  0.4348657 11.2238522  0.7387147
 1886.8 1890.4  0.4348247 11.2264938  0.7381719
 1890.4 1893.9  0.4348021 11.2289162  0.7376083
 1893.9 1897.5  0.4347811 11.2312584  0.7370591
 1897.5 1901.1  0.4347596 11.2336674  0.7364943
 1901.1 1904.8  0.4347380 11.2360754  0.7359294
 1904.8 1908.4  0.4347159 11.2385521  0.7353489
 1908.4 1912.0  0.4347142 11.2407970  0.7347463
 1912.0 1915.7  0.4347137 11.2430325  0.7341416
 1915.7 1919.4  0.4347132 11.2453299  0.7335200
 1919.4 1923.1  0.4347127 11.2476282  0.7328984
 1923.1 1926.8  0.4347128 11.2499180  0.7322766
 1926.8 1930.5  0.4347349 11.2519169  0.7316466
 1930.5 1934.2  0.4347571 11.2539158  0.7310166
 1934.2 1938.0  0.4347792 11.2559137  0.7303867
 1938.0 1941.7  0.4348019 11.2579670  0.7297397
 1941.7 1945.5  0.4348240 11.2599659  0.7291097
 1945.5 1949.3  0.4348696 11.2617941  0.7284373
 1949.3 1953.1  0.4349171 11.2636032  0.7277627
 1953.1 1956.9  0.4349647 11.2654123  0.7270882
 1956.9 1960.8  0.4350122 11.2672205  0.7264135
 1960.8 1964.6  0.4350610 11.2690773  0.7257212
 1964.6 1968.5  0.4351338 11.2707024  0.7250023
 1968.5 1972.4  0.4352100 11.2723598  0.7242620
 1972.4 1976.3  0.4352862 11.2740173  0.7235216
 1976.3 1980.2  0.4353623 11.2756748  0.7227813
 1980.2 1984.1  0.4354395 11.2773199  0.7220405
 1984.1 1988.1  0.4355357 11.2787256  0.7212921
 1988.1 1992.0  0.4356343 11.2801685  0.7205245
 1992.0 1996.0  0.4357304 11.2815752  0.7197762
 1996.0 2000.0  0.4358290 11.2830172  0.7190086
 2000.0 2004.0  0.4359276 11.2844601  0.7182410
 2004.0 2008.0  0.4360476 11.2857533  0.7174273
 2008.0 2012.1  0.4361677 11.2870464  0.7166137
 2012.1 2016.1  0.4362907 11.2883720  0.7157797
 2016.1 2020.2  0.4364108 11.2896662  0.7149661
 2020.2 2024.3  0.4365343 11.2909832  0.7141319
 2024.3 2028.4  0.4366679 11.2921371  0.7132944
 2028.4 2032.5  0.4368016 11.2932901  0.7124571
 2032.5 2036.7  0.4369352 11.2944431  0.7116196
 2036.7 2040.8  0.4370721 11.2956247  0.7107618
 2040.8 2045.0  0.4372058 11.2967787  0.7099243
 2045.0 2049.2  0.4373509 11.2978668  0.7090458
 2049.2 2053.4  0.4374965 11.2989492  0.7081662
 2053.4 2057.6  0.4376420 11.3000326  0.7072865
 2057.6 2061.9  0.4377876 11.3011150  0.7064069
 2061.9 2066.1  0.4379366 11.3022242  0.7055064
 2066.1 2070.4  0.4380884 11.3032818  0.7045874
 2070.4 2074.7  0.4382439 11.3043652  0.7036456
 2074.7 2079.0  0.4383995 11.3054476  0.7027039
 2079.0 2083.3  0.4385550 11.3065300  0.7017621
 2083.3 2087.7  0.4387103 11.3076124  0.7008192
 2087.7 2092.1  0.4388657 11.3087215  0.6998397
 2092.1 2096.4  0.4390211 11.3098316  0.6988600
 2096.4 2100.8  0.4391730 11.3109150  0.6979028
 2100.8 2105.3  0.4393284 11.3120251  0.6969231
 2105.3 2109.7  0.4394864 11.3131618  0.6959219
 2109.7 2114.2  0.4396279 11.3143063  0.6949510
 2114.2 2118.6  0.4397728 11.3154764  0.6939580
 2118.6 2123.1  0.4399143 11.3166208  0.6929870
 2123.1 2127.7  0.4400591 11.3177910  0.6919940
 2127.7 2132.2  0.4402072 11.3189869  0.6909789
 2132.2 2136.8  0.4403350 11.3202734  0.6899769
 2136.8 2141.3  0.4404645 11.3215971  0.6889518
 2141.3 2145.9  0.4405912 11.3228922  0.6879491
 2145.9 2150.5  0.4407206 11.3242149  0.6869241
 2150.5 2155.2  0.4408501 11.3255386  0.6858991
 2155.2 2159.8  0.4409627 11.3271723  0.6847851
 2159.8 2164.5  0.4410705 11.3288031  0.6836869
 2164.5 2169.2  0.4411807 11.3304701  0.6825649
 2169.2 2173.9  0.4412909 11.3321362  0.6814430
 2173.9 2178.6  0.4414010 11.3338032  0.6803210
 2178.6 2183.4  0.4414660 11.3354864  0.6793442
 2183.4 2188.2  0.4415314 11.3372049  0.6783500
 2188.2 2193.0  0.4415968 11.3389244  0.6773556
 2193.0 2197.8  0.4416622 11.3406439  0.6763614
 2197.8 2202.6  0.4417275 11.3423634  0.6753671
 2202.6 2207.5  0.4417703 11.3444481  0.6742901
 2207.5 2212.4  0.4417943 11.3468914  0.6731192
 2212.4 2217.3  0.4418184 11.3493357  0.6719484
 2217.3 2222.2  0.4418425 11.3517790  0.6707776
 2222.2 2227.2  0.4418642 11.3542366  0.6696092
 2227.2 2232.1  0.4418289 11.3570814  0.6684771
 2232.1 2237.1  0.4417943 11.3598700  0.6673676
 2237.1 2242.2  0.4417590 11.3627148  0.6662356
 2242.2 2247.2  0.4417230 11.3656158  0.6650809
 2247.2 2252.3  0.4416849 11.3684816  0.6639503
 2252.3 2257.3  0.4415770 11.3719044  0.6628329
 2257.3 2262.4  0.4414711 11.3752613  0.6617374
 2262.4 2267.6  0.4413632 11.3786840  0.6606201
 2267.6 2272.7  0.4412532 11.3821745  0.6594808
 2272.7 2277.9  0.4411452 11.3855982  0.6583635
 2277.9 2283.1  0.4409480 11.3898354  0.6572244
 2283.1 2288.3  0.4407455 11.3941193  0.6560854
 2288.3 2293.6  0.4405430 11.3984022  0.6549464
 2293.6 2298.9  0.4403365 11.4027681  0.6537855
 2298.9 2304.1  0.4401301 11.4071341  0.6526246
 2304.1 2309.5  0.4398324 11.4121370  0.6515343
 2309.5 2314.8  0.4395213 11.4173479  0.6504030
 2314.8 2320.2  0.4392160 11.4224625  0.6492927
 2320.2 2325.6  0.4389049 11.4276724  0.6481614
 2325.6 2331.0  0.4385938 11.4328833  0.6470302
 2331.0 2336.4  0.4381621 11.4391193  0.6459147
 2336.4 2341.9  0.4377208 11.4454374  0.6448005
 2341.9 2347.4  0.4372712 11.4518728  0.6436657
 2347.4 2352.9  0.4368217 11.4583082  0.6425309
 2352.9 2358.5  0.4363722 11.4647427  0.6413962
 2358.5 2364.1  0.4357775 11.4724464  0.6402896
 2364.1 2369.7  0.4351803 11.4801712  0.6391840
 2369.7 2375.3  0.4345831 11.4878960  0.6380784
 2375.3 2381.0  0.4339859 11.4956207  0.6369727
 2381.0 2386.6  0.4333781 11.5034828  0.6358474
 2386.6 2392.3  0.4326862 11.5122395  0.6348255
 2392.3 2398.1  0.4319819 11.5211515  0.6337854
 2398.1 2403.8  0.4312652 11.5302210  0.6327271
 2403.8 2409.6  0.4305610 11.5391340  0.6316870
 2409.6 2415.5  0.4298443 11.5482025  0.6306286
 2415.5 2421.3  0.4290806 11.5586367  0.6296248
 2421.3 2427.2  0.4283273 11.5689812  0.6286432
 2427.2 2433.1  0.4275610 11.5795031  0.6276447
 2433.1 2439.0  0.4267947 11.5900259  0.6266462
 2439.0 2445.0  0.4260285 11.6005478  0.6256477
 2445.0 2451.0  0.4253361 11.6122131  0.6247619
 2451.0 2457.0  0.4246436 11.6238794  0.6238761
 2457.0 2463.1  0.4239512 11.6355448  0.6229903
 2463.1 2469.1  0.4232472 11.6474056  0.6220897
 2469.1 2475.2  0.4225582 11.6590843  0.6212066
 2475.2 2481.4  0.4220653 11.6717424  0.6204737
 2481.4 2487.6  0.4215643 11.6846085  0.6197287
 2487.6 2493.8  0.4210633 11.6974745  0.6189837
 2493.8 2500.0  0.4205623 11.7103405  0.6182387
 2500.0 2506.3  0.4200613 11.7232065  0.6174937
 2506.3 2512.6  0.4199049 11.7366791  0.6169552
 2512.6 2518.9  0.4197486 11.7501526  0.6164166
 2518.9 2525.3  0.4195922 11.7636242  0.6158781
 2525.3 2531.6  0.4194334 11.7773113  0.6153311
 2531.6 2538.1  0.4192770 11.7907839  0.6147925
 2538.1 2544.5  0.4195968 11.8052711  0.6144741
 2544.5 2551.0  0.4199427 11.8195734  0.6141759
 2551.0 2557.5  0.4202940 11.8340988  0.6138731
 2557.5 2564.1  0.4206454 11.8486242  0.6135703
 2564.1 2570.7  0.4210129 11.8633785  0.6132675
 2570.7 2577.3  0.4220812 11.8785019  0.6132765
 2577.3 2584.0  0.4231496 11.8936243  0.6132856
 2584.0 2590.7  0.4242341 11.9089766  0.6132947
 2590.7 2597.4  0.4253186 11.9243279  0.6133039
 2597.4 2604.2  0.4264522 11.9396458  0.6133344
 2604.2 2611.0  0.4283875 11.9546432  0.6137075
 2611.0 2617.8  0.4303228 11.9696417  0.6140805
 2617.8 2624.7  0.4322581 11.9846392  0.6144537
 2624.7 2631.6  0.4342218 11.9998569  0.6148322
 2631.6 2638.5  0.4361856 12.0150757  0.6152108
 2638.5 2645.5  0.4390906 12.0299940  0.6159485
 2645.5 2652.5  0.4420965 12.0451088  0.6167194
 2652.5 2659.6  0.4451023 12.0602245  0.6174903
 2659.6 2666.7  0.4481512 12.0755568  0.6182722
 2666.7 2673.8  0.4512000 12.0908880  0.6190541
 2673.8 2681.0  0.4551045 12.1051607  0.6201249
 2681.0 2688.2  0.4591023 12.1195860  0.6212237
 2688.2 2695.4  0.4631000 12.1340122  0.6223225
 2695.4 2702.7  0.4670978 12.1484385  0.6234213
 2702.7 2710.0  0.4711511 12.1630650  0.6245354
 2710.0 2717.4  0.4759423 12.1759796  0.6258413
 2717.4 2724.8  0.4808311 12.1889973  0.6271732
 2724.8 2732.2  0.4857200 12.2020149  0.6285053
 2732.2 2739.7  0.4906088 12.2150316  0.6298373
 2739.7 2747.3  0.4955638 12.2282257  0.6311873
 2747.3 2754.8  0.5011942 12.2391033  0.6326362
 2754.8 2762.4  0.5067753 12.2497377  0.6340692
 2762.4 2770.1  0.5124307 12.2605133  0.6355214
 2770.1 2777.8  0.5181608 12.2714310  0.6369926
 2777.8 2785.5  0.5238906 12.2823486  0.6384639
 2785.5 2793.3  0.5300704 12.2899151  0.6398862
 2793.3 2801.1  0.5363427 12.2974901  0.6413256
 2801.1 2809.0  0.5426149 12.3050642  0.6427650
 2809.0 2816.9  0.5489675 12.3127365  0.6442229
 2816.9 2824.9  0.5553201 12.3204079  0.6456807
 2824.9 2832.9  0.5621115 12.3237123  0.6469666
 2832.9 2840.9  0.5689074 12.3269606  0.6482500
 2840.9 2849.0  0.5757034 12.3302088  0.6495334
 2849.0 2857.1  0.5825844 12.3334970  0.6508329
 2857.1 2865.3  0.5894641 12.3367167  0.6521274
 2865.3 2873.6  0.5963228 12.3343821  0.6530355
 2873.6 2881.8  0.6032652 12.3320189  0.6539547
 2881.8 2890.2  0.6101239 12.3296843  0.6548629
 2890.2 2898.6  0.6171499 12.3272924  0.6557932
 2898.6 2907.0  0.6241760 12.3249006  0.6567235
 2907.0 2915.5  0.6311905 12.3156595  0.6571161
 2915.5 2924.0  0.6382881 12.3059616  0.6574863
 2924.0 2932.6  0.6453856 12.2962637  0.6578563
 2932.6 2941.2  0.6525667 12.2864513  0.6582308
 2941.2 2949.9  0.6597372 12.2764645  0.6585897
 2949.9 2958.6  0.6665465 12.2589264  0.6582927
 2958.6 2967.4  0.6733559 12.2413883  0.6579955
 2967.4 2976.2  0.6802433 12.2236481  0.6576949
 2976.2 2985.1  0.6871309 12.2059088  0.6573944
 2985.1 2994.0  0.6940923 12.1878777  0.6570834
 2994.0 3003.0  0.7006538 12.1620188  0.6561526
 3003.0 3012.0  0.7072891 12.1358681  0.6552114
 3012.0 3021.1  0.7139245 12.1097183  0.6542701
 3021.1 3030.3  0.7206336 12.0832767  0.6533184
 3030.3 3039.5  0.7273958 12.0563259  0.6523408
 3039.5 3048.8  0.7335511 12.0228338  0.6509058
 3048.8 3058.1  0.7397734 11.9889784  0.6494552
 3058.1 3067.5  0.7459956 11.9551229  0.6480047
 3067.5 3076.9  0.7522847 11.9209042  0.6465385
 3076.9 3086.4  0.7585737 11.8866844  0.6450723
 3086.4 3096.0  0.7643408 11.8452215  0.6432383
 3096.0 3105.6  0.7701622 11.8032484  0.6413812
 3105.6 3115.3  0.7759836 11.7612743  0.6395241
 3115.3 3125.0  0.7818657 11.7188644  0.6376476
 3125.0 3134.8  0.7877476 11.6764545  0.6357712
 3134.8 3144.7  0.7928280 11.6288185  0.6337568
 3144.7 3154.6  0.7979600 11.5806961  0.6317219
 3154.6 3164.6  0.8030923 11.5325727  0.6296869
 3164.6 3174.6  0.8082763 11.4839649  0.6276314
 3174.6 3184.7  0.8134603 11.4353561  0.6255759
 3184.7 3194.9  0.8178729 11.3816032  0.6235347
 3194.9 3205.1  0.8222950 11.3271236  0.6214748
 3205.1 3215.4  0.8267172 11.2726431  0.6194148
 3215.4 3225.8  0.8311826 11.2176304  0.6173347
 3225.8 3236.2  0.8356199 11.1617746  0.6152503
 3236.2 3246.8  0.8391981 11.1022434  0.6133583
 3246.8 3257.3  0.8428451 11.0415659  0.6114299
 3257.3 3268.0  0.8464577 10.9814606  0.6095196
 3268.0 3278.7  0.8501391 10.9202118  0.6075730
 3278.7 3289.5  0.8535125 10.8577824  0.6057189
 3289.5 3300.3  0.8563290 10.7925138  0.6040241
 3300.3 3311.3  0.8591456 10.7272453  0.6023292
 3311.3 3322.3  0.8620143 10.6607685  0.6006029
 3322.3 3333.3  0.8648830 10.5942917  0.5988767
 3333.3 3344.5  0.8671779 10.5254898  0.5973290
 3344.5 3355.7  0.8693245 10.4546671  0.5958123
 3355.7 3367.0  0.8714710 10.3838434  0.5942956
 3367.0 3378.4  0.8736368 10.3123875  0.5927654
 3378.4 3389.8  0.8755484 10.2451916  0.5913715
 3389.8 3401.4  0.8768166 10.1895008  0.5903302
 3401.4 3413.0  0.8781071 10.1328354  0.5892708
 3413.0 3424.7  0.8793976 10.0761690  0.5882113
 3424.7 3436.4  0.8806992 10.0190144  0.5871427
 3436.4 3448.3  0.8832927  9.8229437  0.5841883
 3448.3 3460.2  0.8859651  9.6197987  0.5811330
 3460.2 3472.2  0.8869963  9.5192118  0.5797467
 3472.2 3484.3  0.8877605  9.4350147  0.5786293
 3484.3 3496.5  0.8885309  9.3501158  0.5775026
 3496.5 3508.8  0.8893077  9.2645149  0.5763665
 3508.8 3521.1  0.8900909  9.1782131  0.5752212
 3521.1 3533.6  0.8908741  9.0919104  0.5740759
 3533.6 3546.1  0.8916700  9.0042048  0.5729119
 3546.1 3558.7  0.8924660  8.9165001  0.5717480
 3558.7 3571.4  0.8930280  8.8266973  0.5706825
 3571.4 3584.2  0.8934859  8.7355509  0.5696572
 3584.2 3597.1  0.8939474  8.6436863  0.5686238
 3597.1 3610.1  0.8944125  8.5511026  0.5675824
 3610.1 3623.2  0.8948812  8.4578028  0.5665330
 3623.2 3636.4  0.8953536  8.3637867  0.5654754
 3636.4 3649.6  0.8958294  8.2690516  0.5644098
 3649.6 3663.0  0.8963054  8.1743145  0.5633442
 3663.0 3676.5  0.8965942  8.0792074  0.5624068
 3676.5 3690.0  0.8968791  7.9834232  0.5614670
 3690.0 3703.7  0.8971640  7.8876381  0.5605271
 3703.7 3717.5  0.8974531  7.7904348  0.5595734
 3717.5 3731.3  0.8977444  7.6925211  0.5586126
 3731.3 3745.3  0.8980356  7.5946074  0.5576519
 3745.3 3759.4  0.8983310  7.4952755  0.5566772
 3759.4 3773.6  0.8985735  7.3983049  0.5557994
 3773.6 3787.9  0.8987899  7.3021913  0.5549677
 3787.9 3802.3  0.8990079  7.2054029  0.5541301
 3802.3 3816.8  0.8992273  7.1079354  0.5532867
 3816.8 3831.4  0.8994483  7.0097919  0.5524374
 3831.4 3846.2  0.8996708  6.9109726  0.5515823
 3846.2 3861.0  0.8998964  6.8107986  0.5507154
 3861.0 3876.0  0.9001244  6.7160926  0.5499628
 3876.0 3891.1  0.9003562  6.6220217  0.5492399
 3891.1 3906.2  0.9005896  6.5273228  0.5485122
 3906.2 3921.6  0.9008231  6.4326258  0.5477846
 3921.6 3937.0  0.9010611  6.3360453  0.5470424
 3937.0 3952.6  0.9012992  6.2394662  0.5463003
 3952.6 3968.3  0.9015468  6.1431122  0.5455713
 3968.3 3984.1  0.9018291  6.0535913  0.5449522
 3984.1 4000.0  0.9021132  5.9634995  0.5443292
 4000.0 4016.1  0.9023991  5.8728385  0.5437024
 4016.1 4032.3  0.9026885  5.7810359  0.5430675
 4032.3 4048.6  0.9029798  5.6886640  0.5424288
 4048.6 4065.0  0.9032729  5.5957212  0.5417861
 4065.0 4081.6  0.9036162  5.5112033  0.5412446
 4081.6 4098.4  0.9039683  5.4265037  0.5407065
 4098.4 4115.2  0.9043247  5.3407845  0.5401618
 4115.2 4132.2  0.9046811  5.2550635  0.5396172
 4132.2 4149.4  0.9050417  5.1683230  0.5390661
 4149.4 4166.7  0.9054065  5.0805635  0.5385085
 4166.7 4184.1  0.9058186  5.0018759  0.5380408
 4184.1 4201.7  0.9062347  4.9230819  0.5375736
 4201.7 4219.4  0.9066555  4.8433809  0.5371010
 4219.4 4237.3  0.9070787  4.7632289  0.5366259
 4237.3 4255.3  0.9075067  4.6821699  0.5361453
 4255.3 4273.5  0.9079432  4.6033382  0.5356852
 4273.5 4291.8  0.9083993  4.5301237  0.5352762
 4291.8 4310.3  0.9088578  4.4565086  0.5348650
 4310.3 4329.0  0.9093214  4.3820877  0.5344492
 4329.0 4347.8  0.9097900  4.3068619  0.5340290
 4347.8 4366.8  0.9102612  4.2312355  0.5336065
 4366.8 4386.0  0.9107334  4.1622300  0.5332366
 4386.0 4405.3  0.9112101  4.0934801  0.5328702
 4405.3 4424.8  0.9116892  4.0243740  0.5325020
 4424.8 4444.4  0.9121733  3.9545507  0.5321299
 4444.4 4464.3  0.9126599  3.8843691  0.5317560
 4464.3 4484.3  0.9131429  3.8185740  0.5314150
 4484.3 4504.5  0.9136238  3.7545972  0.5310876
 4504.5 4524.9  0.9141095  3.6899798  0.5307569
 4524.9 4545.5  0.9146000  3.6247234  0.5304229
 4545.5 4566.2  0.9150953  3.5588269  0.5300857
 4566.2 4587.2  0.9155815  3.4978845  0.5297834
 4587.2 4608.3  0.9160714  3.4375455  0.5294870
 4608.3 4629.6  0.9165637  3.3769205  0.5291892
 4629.6 4651.2  0.9170607  3.3157187  0.5288886
 4651.2 4672.9  0.9175639  3.2539897  0.5285860
 4672.9 4694.8  0.9180573  3.1976850  0.5283209
 4694.8 4717.0  0.9185552  3.1408606  0.5280533
 4717.0 4739.3  0.9190600  3.0832572  0.5277820
 4739.3 4761.9  0.9195670  3.0253952  0.5275096
 4761.9 4784.7  0.9200750  2.9696131  0.5272523
 4784.7 4807.7  0.9205821  2.9159303  0.5270100
 4807.7 4830.9  0.9210936  2.8617773  0.5267655
 4830.9 4854.4  0.9216097  2.8071542  0.5265190
 4854.4 4878.0  0.9221306  2.7527454  0.5262751
 4878.0 4902.0  0.9226458  2.7021224  0.5260558
 4902.0 4926.1  0.9231698  2.6506414  0.5258328
 4926.1 4950.5  0.9236959  2.5989459  0.5256089
 4950.5 4975.1  0.9242284  2.5466998  0.5253827
 4975.1 5000.0  0.9247572  2.4984865  0.5251818
 5000.0 5025.1  0.9252923  2.4496858  0.5249784
 5025.1 5050.5  0.9258318  2.4004924  0.5247734
 5050.5 5076.1  0.9263775  2.3507950  0.5245664
 5076.1 5102.0  0.9269207  2.3048885  0.5243815
 5102.0 5128.2  0.9274701  2.2584441  0.5241944
 5128.2 5154.6  0.9280260  2.2114613  0.5240051
 5154.6 5181.3  0.9285851  2.1648259  0.5238180
 5181.3 5208.3  0.9291455  2.1210420  0.5236464
 5208.3 5235.6  0.9297122  2.0767658  0.5234729
 5235.6 5263.2  0.9302852  2.0319972  0.5232975
 5263.2 5291.0  0.9308622  1.9886488  0.5231290
 5291.0 5319.1  0.9314408  1.9470876  0.5229691
 5319.1 5347.6  0.9320256  1.9050776  0.5228074
 5347.6 5376.3  0.9326187  1.8624697  0.5226434
 5376.3 5405.4  0.9332123  1.8232673  0.5224933
 5405.4 5434.8  0.9338139  1.7838608  0.5223426
 5434.8 5464.5  0.9344216  1.7440484  0.5221902
 5464.5 5494.5  0.9350340  1.7058772  0.5220433
 5494.5 5524.9  0.9356511  1.6694893  0.5219025
 5524.9 5555.6  0.9362763  1.6326163  0.5217597
 5555.6 5586.6  0.9369074  1.5961713  0.5216179
 5586.6 5618.0  0.9375426  1.5629551  0.5214853
 5618.0 5649.7  0.9381860  1.5293106  0.5213509
 5649.7 5681.8  0.9388357  1.4953443  0.5212152
 5681.8 5714.3  0.9394915  1.4650745  0.5210888
 5714.3 5747.1  0.9401555  1.4344666  0.5209610
 5747.1 5780.3  0.9408256  1.4035759  0.5208320
 5780.3 5814.0  0.9415022  1.3755922  0.5207102
 5814.0 5848.0  0.9421887  1.3475058  0.5205873
 5848.0 5882.4  0.9428814  1.3191695  0.5204633
 5882.4 5917.2  0.9435803  1.2933683  0.5203453
 5917.2 5952.4  0.9442872  1.2674460  0.5202264
 5952.4 5988.0  0.9450021  1.2413977  0.5201066
 5988.0 6024.1  0.9457230  1.2174239  0.5199915
 6024.1 6060.6  0.9464540  1.1931136  0.5198748
 6060.6 6097.6  0.9471924  1.1691341  0.5197582
 6097.6 6135.0  0.9479392  1.1463133  0.5196438
 6135.0 6172.8  0.9486941  1.1232460  0.5195283
 6172.8 6211.2  0.9494553  1.1009253  0.5194138
 6211.2 6250.0  0.9502274  1.0789140  0.5192991
 6250.0 6289.3  0.9510076  1.0566738  0.5191832
 6289.3 6329.1  0.9517946  1.0353992  0.5190686
 6329.1 6369.4  0.9525915  1.0138538  0.5189525
 6369.4 6410.3  0.9533966  0.9924484  0.5188357
 6410.3 6451.6  0.9542117  0.9711729  0.5187179
 6451.6 6493.5  0.9550346  0.9497070  0.5185990
 6493.5 6535.9  0.9558650  0.9283766  0.5184788
 6535.9 6578.9  0.9567054  0.9067917  0.5183570
 6578.9 6622.5  0.9575538  0.8849417  0.5182329
 6622.5 6666.7  0.9584122  0.8628067  0.5181067
 6666.7 6711.4  0.9592800  0.8402291  0.5179778
 6711.4 6756.8  0.9601534  0.8171665  0.5178460
 6756.8 6802.7  0.9610392  0.7936217  0.5177115
 6802.7 6849.3  0.9619280  0.7691233  0.5175722
 6849.3 6896.6  0.9628302  0.7442515  0.5174307
 6896.6 6944.4  0.9637359  0.7179807  0.5172823
 6944.4 6993.0  0.9646510  0.6914169  0.5171323
 6993.0 7042.3  0.9655702  0.6636592  0.5169752
 7042.3 7092.2  0.9665010  0.6354028  0.5168154
 7092.2 7142.9  0.9674295  0.6064095  0.5166496
 7142.9 7194.2  0.9683703  0.5768790  0.5164804
 7194.2 7246.4  0.9693048  0.5469375  0.5163055
 7246.4 7299.3  0.9702529  0.5164610  0.5161268
 7299.3 7352.9  0.9711902  0.4858956  0.5159417
 7352.9 7407.4  0.9721363  0.4549915  0.5157537
 7407.4 7462.7  0.9730688  0.4243195  0.5155584
 7462.7 7518.8  0.9740061  0.3934906  0.5153592
 7518.8 7575.8  0.9749271  0.3632142  0.5151535
 7575.8 7633.6  0.9758415  0.3332866  0.5149425
 7633.6 7692.3  0.9767426  0.3039625  0.5147258
 7692.3 7751.9  0.9776158  0.2759848  0.5145019
 7751.9 7812.5  0.9784837  0.2483906  0.5142729
 7812.5 7874.0  0.9792965  0.2235136  0.5140343
 7874.0 7936.5  0.9800874  0.1998871  0.5137896
 7936.5 8000.0  0.9808372  0.1784485  0.5135367
 8000.0 8064.5  0.9815145  0.1608111  0.5132735
 8064.5 8130.1  0.9821500  0.1454949  0.5130023
 8130.1 8196.7  0.9826936  0.1350465  0.5127191
 8196.7 8264.5  0.9831329  0.1301355  0.5124239
 8264.5 8333.3  0.9834896  0.1297374  0.5121170
 8333.3 8403.4  0.9836960  0.1372794  0.5117950
 8403.4 8474.6  0.9837231  0.1543851  0.5114545
 8474.6 8547.0  0.9836924  0.1747514  0.5111048
 8547.0 8620.7  0.9836612  0.1954614  0.5107491
 8620.7 8695.7  0.9836293  0.2165431  0.5103871
 8695.7 8771.9  0.9835970  0.2379966  0.5100187
 8771.9 8849.6  0.9835641  0.2597935  0.5096444
 8849.6 8928.6  0.9835306  0.2820191  0.5092627
 8928.6 9009.0  0.9834965  0.3046168  0.5088747
 9009.0 9090.9  0.9834618  0.3276151  0.5084798
 9090.9 9174.3  0.9834265  0.3510424  0.5080774
 9174.3 9259.3  0.9833905  0.3748986  0.5076678
 9259.3 9345.8  0.9833538  0.3992126  0.5072503
 9345.8 9434.0  0.9833164  0.4239557  0.5068254
 9434.0 9523.8  0.9832784  0.4491851  0.5063922
 9523.8 9615.4  0.9832397  0.4748720  0.5059510
 9615.4 9708.7  0.9832001  0.5010741  0.5055011
 9708.7 9803.9  0.9831598  0.5277622  0.5050429
 9803.9 9901.0  0.9831188  0.5549940  0.5045752
 9901.0 9911.0  0.9830769  0.5827690  0.5040982
