 1176.5 1177.9  0.3756000 24.4616146  0.9179499
 1177.9 1179.2  0.3753800 24.4805145  0.9179651
 1179.2 1180.6  0.3751758 24.4980640  0.9179792
 1180.6 1182.0  0.3749559 24.5169659  0.9179943
 1182.0 1183.4  0.3747360 24.5358677  0.9180095
 1183.4 1184.8  0.3745160 24.5547676  0.9180247
 1184.8 1186.2  0.3742961 24.5736694  0.9180399
 1186.2 1187.6  0.3740762 24.5925694  0.9180550
 1187.6 1189.1  0.3738563 24.6114712  0.9180702
 1189.1 1190.5  0.3736207 24.6317215  0.9180864
 1190.5 1191.9  0.3734007 24.6506233  0.9181016
 1191.9 1193.3  0.3731808 24.6695232  0.9181167
 1193.3 1194.7  0.3729609 24.6884251  0.9181319
 1194.7 1196.2  0.3727410 24.7073250  0.9181471
 1196.2 1197.6  0.3725053 24.7275753  0.9181634
 1197.6 1199.0  0.3722854 24.7464771  0.9181785
 1199.0 1200.5  0.3720655 24.7653770  0.9181937
 1200.5 1201.9  0.3718299 24.7856293  0.9182100
 1201.9 1203.4  0.3716099 24.8045292  0.9182251
 1203.4 1204.8  0.3713743 24.8247814  0.9182414
 1204.8 1206.3  0.3711544 24.8436813  0.9182565
 1206.3 1207.7  0.3709187 24.8639336  0.9182728
 1207.7 1209.2  0.3706988 24.8828316  0.9182879
 1209.2 1210.7  0.3704632 24.9030838  0.9183042
 1210.7 1212.1  0.3702276 24.9233341  0.9183205
 1212.1 1213.6  0.3700076 24.9422359  0.9183356
 1213.6 1215.1  0.3697720 24.9624863  0.9183519
 1215.1 1216.5  0.3695364 24.9827366  0.9183681
 1216.5 1218.0  0.3693165 25.0016384  0.9183833
 1218.0 1219.5  0.3690808 25.0218887  0.9183996
 1219.5 1221.0  0.3688452 25.0421410  0.9184158
 1221.0 1222.5  0.3686095 25.0623913  0.9184321
 1222.5 1224.0  0.3683739 25.0826416  0.9184483
 1224.0 1225.5  0.3681383 25.1028938  0.9184645
 1225.5 1227.0  0.3679026 25.1231441  0.9184808
 1227.0 1228.5  0.3676670 25.1433945  0.9184971
 1228.5 1230.0  0.3674314 25.1636467  0.9185133
 1230.0 1231.5  0.3671958 25.1838970  0.9185296
 1231.5 1233.0  0.3669601 25.2041473  0.9185458
 1233.0 1234.6  0.3667245 25.2243996  0.9185621
 1234.6 1236.1  0.3664732 25.2460003  0.9185794
 1236.1 1237.6  0.3662375 25.2662506  0.9185957
 1237.6 1239.2  0.3660019 25.2865009  0.9186119
 1239.2 1240.7  0.3657506 25.3081017  0.9186292
 1240.7 1242.2  0.3655149 25.3283539  0.9186455
 1242.2 1243.8  0.3652793 25.3486042  0.9186617
 1243.8 1245.3  0.3650279 25.3702068  0.9186791
 1245.3 1246.9  0.3647923 25.3904572  0.9186953
 1246.9 1248.4  0.3645410 25.4120579  0.9187127
 1248.4 1250.0  0.3643053 25.4323082  0.9187289
 1250.0 1251.6  0.3640540 25.4539089  0.9187462
 1251.6 1253.1  0.3638027 25.4755096  0.9187636
 1253.1 1254.7  0.3635670 25.4957619  0.9187799
 1254.7 1256.3  0.3633157 25.5173626  0.9187972
 1256.3 1257.9  0.3630643 25.5389633  0.9188145
 1257.9 1259.4  0.3628130 25.5605640  0.9188318
 1259.4 1261.0  0.3625773 25.5808163  0.9188481
 1261.0 1262.6  0.3623260 25.6024170  0.9188654
 1262.6 1264.2  0.3620747 25.6240177  0.9188828
 1264.2 1265.8  0.3618234 25.6456184  0.9189001
 1265.8 1267.4  0.3615720 25.6672192  0.9189174
 1267.4 1269.0  0.3613206 25.6888199  0.9189348
 1269.0 1270.6  0.3610693 25.7104206  0.9189521
 1270.6 1272.3  0.3608180 25.7320213  0.9189695
 1272.3 1273.9  0.3605509 25.7549744  0.9189879
 1273.9 1275.5  0.3602996 25.7765751  0.9190052
 1275.5 1277.1  0.3600482 25.7981758  0.9190226
 1277.1 1278.8  0.3597969 25.8197765  0.9190398
 1278.8 1280.4  0.3595299 25.8427277  0.9190583
 1280.4 1282.1  0.3592785 25.8643284  0.9190756
 1282.1 1283.7  0.3590115 25.8872795  0.9190940
 1283.7 1285.3  0.3587601 25.9088802  0.9191114
 1285.3 1287.0  0.3585088 25.9304829  0.9191287
 1287.0 1288.7  0.3582417 25.9534321  0.9191471
 1288.7 1290.3  0.3579747 25.9763832  0.9191656
 1290.3 1292.0  0.3577233 25.9979858  0.9191829
 1292.0 1293.7  0.3574563 26.0209351  0.9192013
 1293.7 1295.3  0.3571893 26.0438862  0.9192197
 1295.3 1297.0  0.3569379 26.0654888  0.9192371
 1297.0 1298.7  0.3566709 26.0884380  0.9192555
 1298.7 1300.4  0.3564038 26.1113892  0.9192739
 1300.4 1302.1  0.3561571 26.1326389  0.9192885
 1302.1 1303.8  0.3559765 26.1483593  0.9192907
 1303.8 1305.5  0.3557958 26.1640816  0.9192929
 1305.5 1307.2  0.3556152 26.1798019  0.9192951
 1307.2 1308.9  0.3554346 26.1955223  0.9192973
 1308.9 1310.6  0.3552539 26.2112446  0.9192994
 1310.6 1312.3  0.3550733 26.2269630  0.9193016
 1312.3 1314.1  0.3548927 26.2426853  0.9193038
 1314.1 1315.8  0.3547014 26.2593307  0.9193062
 1315.8 1317.5  0.3545208 26.2750511  0.9193084
 1317.5 1319.3  0.3543402 26.2907715  0.9193105
 1319.3 1321.0  0.3541489 26.3074188  0.9193128
 1321.0 1322.8  0.3539683 26.3231392  0.9193150
 1322.8 1324.5  0.3537770 26.3397846  0.9193174
 1324.5 1326.3  0.3535964 26.3555050  0.9193196
 1326.3 1328.0  0.3534051 26.3721504  0.9193219
 1328.0 1329.8  0.3532245 26.3878708  0.9193240
 1329.8 1331.6  0.3530332 26.4045162  0.9193264
 1331.6 1333.3  0.3528420 26.4211617  0.9193287
 1333.3 1335.1  0.3526613 26.4368839  0.9193309
 1335.1 1336.9  0.3524701 26.4535275  0.9193332
 1336.9 1338.7  0.3522788 26.4701748  0.9193355
 1338.7 1340.5  0.3520876 26.4868183  0.9193379
 1340.5 1342.3  0.3518963 26.5034657  0.9193402
 1342.3 1344.1  0.3517050 26.5201111  0.9193425
 1344.1 1345.9  0.3515138 26.5367565  0.9193448
 1345.9 1347.7  0.3513226 26.5534019  0.9193471
 1347.7 1349.5  0.3511313 26.5700474  0.9193494
 1349.5 1351.4  0.3509400 26.5866928  0.9193518
 1351.4 1353.2  0.3507506 26.6032639  0.9193487
 1353.2 1355.0  0.3505754 26.6186218  0.9193438
 1355.0 1356.9  0.3504002 26.6339836  0.9193389
 1356.9 1358.7  0.3502152 26.6501961  0.9193338
 1358.7 1360.5  0.3500400 26.6655560  0.9193289
 1360.5 1362.4  0.3498648 26.6809158  0.9193240
 1362.4 1364.3  0.3496798 26.6971302  0.9193189
 1364.3 1366.1  0.3494948 26.7133446  0.9193138
 1366.1 1368.0  0.3493196 26.7287025  0.9193089
 1368.0 1369.9  0.3491347 26.7449169  0.9193038
 1369.9 1371.7  0.3489497 26.7611313  0.9192986
 1371.7 1373.6  0.3487745 26.7764893  0.9192938
 1373.6 1375.5  0.3485895 26.7927036  0.9192886
 1375.5 1377.4  0.3484046 26.8089161  0.9192835
 1377.4 1379.3  0.3482196 26.8251305  0.9192784
 1379.3 1381.2  0.3480347 26.8413448  0.9192733
 1381.2 1383.1  0.3478497 26.8575573  0.9192681
 1383.1 1385.0  0.3476647 26.8737698  0.9192629
 1385.0 1387.0  0.3474798 26.8899841  0.9192578
 1387.0 1388.9  0.3472851 26.9070511  0.9192524
 1388.9 1390.8  0.3471001 26.9232635  0.9192473
 1390.8 1392.8  0.3469152 26.9394779  0.9192421
 1392.8 1394.7  0.3467205 26.9565449  0.9192367
 1394.7 1396.6  0.3465355 26.9727573  0.9192316
 1396.6 1398.6  0.3463506 26.9889717  0.9192265
 1398.6 1400.6  0.3461559 27.0060368  0.9192210
 1400.6 1402.5  0.3459662 27.0226898  0.9192135
 1402.5 1404.5  0.3457973 27.0375919  0.9192016
 1404.5 1406.5  0.3456195 27.0532780  0.9191891
 1406.5 1408.5  0.3454416 27.0689621  0.9191766
 1408.5 1410.4  0.3452638 27.0846481  0.9191641
 1410.4 1412.4  0.3450948 27.0995502  0.9191521
 1412.4 1414.4  0.3449170 27.1152363  0.9191396
 1414.4 1416.4  0.3447392 27.1309223  0.9191271
 1416.4 1418.4  0.3445613 27.1466084  0.9191146
 1418.4 1420.5  0.3443835 27.1622925  0.9191021
 1420.5 1422.5  0.3441968 27.1787624  0.9190889
 1422.5 1424.5  0.3440189 27.1944485  0.9190764
 1424.5 1426.5  0.3438411 27.2101345  0.9190639
 1426.5 1428.6  0.3436633 27.2258205  0.9190513
 1428.6 1430.6  0.3434765 27.2422905  0.9190382
 1430.6 1432.7  0.3432987 27.2579765  0.9190257
 1432.7 1434.7  0.3431120 27.2744465  0.9190125
 1434.7 1436.8  0.3429341 27.2901306  0.9190000
 1436.8 1438.8  0.3427474 27.3066025  0.9189869
 1438.8 1440.9  0.3425696 27.3222885  0.9189743
 1440.9 1443.0  0.3423828 27.3387585  0.9189612
 1443.0 1445.1  0.3421961 27.3552284  0.9189480
 1445.1 1447.2  0.3420094 27.3716965  0.9189349
 1447.2 1449.3  0.3418227 27.3881664  0.9189217
 1449.3 1451.4  0.3416359 27.4046383  0.9189086
 1451.4 1453.5  0.3414604 27.4201660  0.9188910
 1453.5 1455.6  0.3412905 27.4352245  0.9188712
 1455.6 1457.7  0.3411206 27.4502831  0.9188514
 1457.7 1459.9  0.3409508 27.4653416  0.9188316
 1459.9 1462.0  0.3407727 27.4811172  0.9188109
 1462.0 1464.1  0.3406029 27.4961758  0.9187911
 1464.1 1466.3  0.3404330 27.5112324  0.9187713
 1466.3 1468.4  0.3402550 27.5270081  0.9187506
 1468.4 1470.6  0.3400851 27.5420666  0.9187309
 1470.6 1472.8  0.3399071 27.5578423  0.9187101
 1472.8 1474.9  0.3397291 27.5736179  0.9186894
 1474.9 1477.1  0.3395592 27.5886765  0.9186696
 1477.1 1479.3  0.3393812 27.6044502  0.9186489
 1479.3 1481.5  0.3392032 27.6202259  0.9186282
 1481.5 1483.7  0.3390253 27.6360016  0.9186074
 1483.7 1485.9  0.3388473 27.6517773  0.9185867
 1485.9 1488.1  0.3386693 27.6675529  0.9185660
 1488.1 1490.3  0.3384913 27.6833267  0.9185452
 1490.3 1492.5  0.3383133 27.6991024  0.9185245
 1492.5 1494.8  0.3381354 27.7148781  0.9185038
 1494.8 1497.0  0.3379493 27.7313709  0.9184821
 1497.0 1499.3  0.3377713 27.7471466  0.9184614
 1499.3 1501.5  0.3375852 27.7636395  0.9184397
 1501.5 1503.8  0.3374187 27.7784252  0.9184148
 1503.8 1506.0  0.3372503 27.7934017  0.9183867
 1506.0 1508.3  0.3370892 27.8077259  0.9183599
 1508.3 1510.6  0.3369207 27.8227024  0.9183317
 1510.6 1512.9  0.3367523 27.8376789  0.9183037
 1512.9 1515.2  0.3365838 27.8526554  0.9182756
 1515.2 1517.5  0.3364154 27.8676319  0.9182475
 1517.5 1519.8  0.3362469 27.8826084  0.9182194
 1519.8 1522.1  0.3360785 27.8975849  0.9181913
 1522.1 1524.4  0.3359100 27.9125595  0.9181632
 1524.4 1526.7  0.3357416 27.9275360  0.9181351
 1526.7 1529.1  0.3355731 27.9425125  0.9181070
 1529.1 1531.4  0.3353974 27.9581394  0.9180777
 1531.4 1533.7  0.3352289 27.9731159  0.9180496
 1533.7 1536.1  0.3350605 27.9880924  0.9180216
 1536.1 1538.5  0.3348847 28.0037193  0.9179922
 1538.5 1540.8  0.3347089 28.0193481  0.9179629
 1540.8 1543.2  0.3345405 28.0343246  0.9179348
 1543.2 1545.6  0.3343647 28.0499516  0.9179055
 1545.6 1548.0  0.3341889 28.0655785  0.9178762
 1548.0 1550.4  0.3340132 28.0812054  0.9178469
 1550.4 1552.8  0.3338403 28.0965729  0.9178166
 1552.8 1555.2  0.3336823 28.1106377  0.9177815
 1555.2 1557.6  0.3335242 28.1247005  0.9177463
 1557.6 1560.1  0.3333661 28.1387653  0.9177111
 1560.1 1562.5  0.3332014 28.1534157  0.9176745
 1562.5 1564.9  0.3330434 28.1674805  0.9176393
 1564.9 1567.4  0.3328853 28.1815434  0.9176041
 1567.4 1569.9  0.3327206 28.1961937  0.9175675
 1569.9 1572.3  0.3325559 28.2108440  0.9175309
 1572.3 1574.8  0.3323979 28.2249088  0.9174957
 1574.8 1577.3  0.3322332 28.2395592  0.9174591
 1577.3 1579.8  0.3320686 28.2542095  0.9174225
 1579.8 1582.3  0.3319039 28.2688580  0.9173858
 1582.3 1584.8  0.3317392 28.2835083  0.9173492
 1584.8 1587.3  0.3315746 28.2981586  0.9173126
 1587.3 1589.8  0.3314099 28.3128090  0.9172759
 1589.8 1592.4  0.3312452 28.3274593  0.9172393
 1592.4 1594.9  0.3310740 28.3426952  0.9172012
 1594.9 1597.4  0.3309093 28.3573456  0.9171646
 1597.4 1600.0  0.3307447 28.3719959  0.9171279
 1600.0 1602.6  0.3305734 28.3872318  0.9170898
 1602.6 1605.1  0.3304212 28.4007740  0.9170457
 1605.1 1607.7  0.3302748 28.4137936  0.9170032
 1607.7 1610.3  0.3301225 28.4273357  0.9169590
 1610.3 1612.9  0.3299703 28.4408779  0.9169148
 1612.9 1615.5  0.3298181 28.4544182  0.9168707
 1615.5 1618.1  0.3296658 28.4679604  0.9168265
 1618.1 1620.7  0.3295136 28.4815006  0.9167823
 1620.7 1623.4  0.3293613 28.4950428  0.9167381
 1623.4 1626.0  0.3292032 28.5091057  0.9166923
 1626.0 1628.7  0.3290510 28.5226460  0.9166480
 1628.7 1631.3  0.3288929 28.5367088  0.9166022
 1631.3 1634.0  0.3287407 28.5502510  0.9165580
 1634.0 1636.7  0.3285826 28.5643120  0.9165121
 1636.7 1639.3  0.3284245 28.5783749  0.9164662
 1639.3 1642.0  0.3282722 28.5919151  0.9164221
 1642.0 1644.7  0.3281141 28.6059780  0.9163762
 1644.7 1647.4  0.3279560 28.6200409  0.9163303
 1647.4 1650.2  0.3277979 28.6341019  0.9162844
 1650.2 1652.9  0.3276355 28.6485519  0.9162363
 1652.9 1655.6  0.3274982 28.6608200  0.9161829
 1655.6 1658.4  0.3273610 28.6730881  0.9161296
 1658.4 1661.1  0.3272186 28.6858120  0.9160743
 1661.1 1663.9  0.3270813 28.6980782  0.9160209
 1663.9 1666.7  0.3269389 28.7108021  0.9159656
 1666.7 1669.4  0.3267965 28.7235241  0.9159102
 1669.4 1672.2  0.3266592 28.7357922  0.9158568
 1672.2 1675.0  0.3265169 28.7485142  0.9158015
 1675.0 1677.9  0.3263745 28.7612362  0.9157462
 1677.9 1680.7  0.3262270 28.7744122  0.9156889
 1680.7 1683.5  0.3260847 28.7871342  0.9156336
 1683.5 1686.3  0.3259423 28.7998581  0.9155782
 1686.3 1689.2  0.3257999 28.8125801  0.9155229
 1689.2 1692.0  0.3256525 28.8257561  0.9154655
 1692.0 1694.9  0.3255101 28.8384781  0.9154102
 1694.9 1697.8  0.3253626 28.8516560  0.9153529
 1697.8 1700.7  0.3252152 28.8648319  0.9152955
 1700.7 1703.6  0.3250817 28.8767738  0.9152415
 1703.6 1706.5  0.3249924 28.8848305  0.9151974
 1706.5 1709.4  0.3249031 28.8928890  0.9151533
 1709.4 1712.3  0.3248138 28.9009457  0.9151093
 1712.3 1715.3  0.3247244 28.9090042  0.9150652
 1715.3 1718.2  0.3246320 28.9173393  0.9150197
 1718.2 1721.2  0.3245426 28.9253960  0.9149756
 1721.2 1724.1  0.3244502 28.9337311  0.9149300
 1724.1 1727.1  0.3243609 28.9417896  0.9148860
 1727.1 1730.1  0.3242685 28.9501247  0.9148405
 1730.1 1733.1  0.3241761 28.9584599  0.9147949
 1733.1 1736.1  0.3240837 28.9667950  0.9147493
 1736.1 1739.1  0.3239912 28.9751301  0.9147037
 1739.1 1742.2  0.3238988 28.9834652  0.9146581
 1742.2 1745.2  0.3238033 28.9920788  0.9146110
 1745.2 1748.3  0.3237109 29.0004139  0.9145655
 1748.3 1751.3  0.3236154 29.0090275  0.9145184
 1751.3 1754.4  0.3235230 29.0173626  0.9144728
 1754.4 1757.5  0.3234242 29.0262966  0.9144219
 1757.5 1760.6  0.3233033 29.0373898  0.9143448
 1760.6 1763.7  0.3231824 29.0484848  0.9142677
 1763.7 1766.8  0.3230616 29.0595798  0.9141906
 1766.8 1769.9  0.3229407 29.0706749  0.9141136
 1769.9 1773.0  0.3228198 29.0817680  0.9140365
 1773.0 1776.2  0.3227077 29.0921764  0.9139552
 1776.2 1779.4  0.3225924 29.1028957  0.9138710
 1779.4 1782.5  0.3224770 29.1136150  0.9137869
 1782.5 1785.7  0.3223653 29.1239986  0.9137054
 1785.7 1788.9  0.3222499 29.1347179  0.9136212
 1788.9 1792.1  0.3221433 29.1447639  0.9135328
 1792.1 1795.3  0.3220377 29.1547394  0.9134439
 1795.3 1798.6  0.3219320 29.1647167  0.9133549
 1798.6 1801.8  0.3218231 29.1750050  0.9132632
 1801.8 1805.1  0.3217174 29.1849804  0.9131743
 1805.1 1808.3  0.3216155 29.1947918  0.9130746
 1808.3 1811.6  0.3215172 29.2042751  0.9129775
 1811.6 1814.9  0.3214158 29.2140560  0.9128772
 1814.9 1818.2  0.3213144 29.2238369  0.9127770
 1818.2 1821.5  0.3212138 29.2335491  0.9126766
 1821.5 1824.8  0.3211264 29.2422180  0.9125737
 1824.8 1828.2  0.3210390 29.2508869  0.9124708
 1828.2 1831.5  0.3209490 29.2598171  0.9123647
 1831.5 1834.9  0.3208616 29.2684860  0.9122617
 1834.9 1838.2  0.3207715 29.2774162  0.9121556
 1838.2 1841.6  0.3206954 29.2852554  0.9120466
 1841.6 1845.0  0.3206173 29.2933064  0.9119341
 1845.0 1848.4  0.3205392 29.3013573  0.9118216
 1848.4 1851.9  0.3204611 29.3094082  0.9117091
 1851.9 1855.3  0.3203807 29.3176956  0.9115933
 1855.3 1858.7  0.3203130 29.3250542  0.9114705
 1858.7 1862.2  0.3202457 29.3323917  0.9113474
 1862.2 1865.7  0.3201764 29.3399467  0.9112207
 1865.7 1869.2  0.3201070 29.3474998  0.9110940
 1869.2 1872.7  0.3200386 29.3549862  0.9109671
 1872.7 1876.2  0.3199848 29.3613567  0.9108363
 1876.2 1879.7  0.3199309 29.3677254  0.9107056
 1879.7 1883.2  0.3198771 29.3740959  0.9105749
 1883.2 1886.8  0.3198232 29.3804665  0.9104441
 1886.8 1890.4  0.3197679 29.3870182  0.9103097
 1890.4 1893.9  0.3197264 29.3925838  0.9101672
 1893.9 1897.5  0.3196868 29.3979397  0.9100282
 1897.5 1901.1  0.3196461 29.4034481  0.9098852
 1901.1 1904.8  0.3196055 29.4089565  0.9097422
 1904.8 1908.4  0.3195637 29.4146175  0.9095953
 1908.4 1912.0  0.3195371 29.4192047  0.9094396
 1912.0 1915.7  0.3195113 29.4237404  0.9092831
 1915.7 1919.4  0.3194848 29.4284000  0.9091223
 1919.4 1923.1  0.3194583 29.4330616  0.9089615
 1923.1 1926.8  0.3194323 29.4376869  0.9088006
 1926.8 1930.5  0.3194231 29.4410706  0.9086342
 1930.5 1934.2  0.3194140 29.4444542  0.9084678
 1934.2 1938.0  0.3194048 29.4478378  0.9083014
 1938.0 1941.7  0.3193953 29.4513130  0.9081305
 1941.7 1945.5  0.3193862 29.4546967  0.9079641
 1945.5 1949.3  0.3193933 29.4570332  0.9077830
 1949.3 1953.1  0.3194019 29.4592724  0.9076011
 1953.1 1956.9  0.3194104 29.4615116  0.9074192
 1956.9 1960.8  0.3194190 29.4637508  0.9072373
 1960.8 1964.6  0.3194278 29.4660492  0.9070506
 1964.6 1968.5  0.3194539 29.4671612  0.9068531
 1968.5 1972.4  0.3194817 29.4682388  0.9066494
 1972.4 1976.3  0.3195096 29.4693165  0.9064458
 1976.3 1980.2  0.3195374 29.4703922  0.9062422
 1980.2 1984.1  0.3195660 29.4714127  0.9060383
 1984.1 1988.1  0.3196090 29.4713879  0.9058290
 1988.1 1992.0  0.3196530 29.4713612  0.9056143
 1992.0 1996.0  0.3196960 29.4713364  0.9054050
 1996.0 2000.0  0.3197401 29.4713116  0.9051903
 2000.0 2004.0  0.3197841 29.4712849  0.9049757
 2004.0 2008.0  0.3198431 29.4703255  0.9047449
 2008.0 2012.1  0.3199021 29.4693642  0.9045140
 2012.1 2016.1  0.3199626 29.4683800  0.9042774
 2016.1 2020.2  0.3200216 29.4674206  0.9040466
 2020.2 2024.3  0.3200825 29.4664040  0.9038098
 2024.3 2028.4  0.3201516 29.4647694  0.9035693
 2028.4 2032.5  0.3202207 29.4631329  0.9033289
 2032.5 2036.7  0.3202899 29.4614983  0.9030885
 2036.7 2040.8  0.3203607 29.4598217  0.9028422
 2040.8 2045.0  0.3204298 29.4581871  0.9026017
 2045.0 2049.2  0.3205070 29.4560966  0.9023471
 2049.2 2053.4  0.3205845 29.4539852  0.9020921
 2053.4 2057.6  0.3206620 29.4518738  0.9018371
 2057.6 2061.9  0.3207394 29.4497623  0.9015821
 2061.9 2066.1  0.3208188 29.4475994  0.9013211
 2066.1 2070.4  0.3209007 29.4452820  0.9010525
 2070.4 2074.7  0.3209847 29.4429035  0.9007773
 2074.7 2079.0  0.3210687 29.4405270  0.9005021
 2079.0 2083.3  0.3211527 29.4381485  0.9002268
 2083.3 2087.7  0.3212366 29.4357815  0.8999512
 2087.7 2092.1  0.3213207 29.4335022  0.8996630
 2092.1 2096.4  0.3214049 29.4312210  0.8993749
 2096.4 2100.8  0.3214871 29.4289951  0.8990933
 2100.8 2105.3  0.3215712 29.4267159  0.8988052
 2105.3 2109.7  0.3216566 29.4244194  0.8985106
 2109.7 2114.2  0.3217324 29.4226704  0.8982237
 2114.2 2118.6  0.3218099 29.4208813  0.8979303
 2118.6 2123.1  0.3218856 29.4191322  0.8976433
 2123.1 2127.7  0.3219631 29.4173431  0.8973499
 2127.7 2132.2  0.3220423 29.4155140  0.8970500
 2132.2 2136.8  0.3221087 29.4145184  0.8967529
 2136.8 2141.3  0.3221757 29.4135590  0.8964490
 2141.3 2145.9  0.3222414 29.4126205  0.8961517
 2145.9 2150.5  0.3223084 29.4116611  0.8958477
 2150.5 2155.2  0.3223755 29.4107037  0.8955438
 2155.2 2159.8  0.3224297 29.4109669  0.8952130
 2159.8 2164.5  0.3224811 29.4113693  0.8948868
 2164.5 2169.2  0.3225336 29.4117813  0.8945535
 2169.2 2173.9  0.3225861 29.4121933  0.8942202
 2173.9 2178.6  0.3226386 29.4126034  0.8938870
 2178.6 2183.4  0.3226635 29.4144268  0.8935968
 2183.4 2188.2  0.3226883 29.4163189  0.8933014
 2188.2 2193.0  0.3227132 29.4182110  0.8930061
 2193.0 2197.8  0.3227380 29.4201031  0.8927107
 2197.8 2202.6  0.3227628 29.4219952  0.8924153
 2202.6 2207.5  0.3227707 29.4253941  0.8920956
 2207.5 2212.4  0.3227640 29.4301643  0.8917483
 2212.4 2217.3  0.3227574 29.4349346  0.8914011
 2217.3 2222.2  0.3227507 29.4397049  0.8910537
 2222.2 2227.2  0.3227425 29.4445782  0.8907072
 2227.2 2232.1  0.3226959 29.4520321  0.8903725
 2232.1 2237.1  0.3226503 29.4593391  0.8900444
 2237.1 2242.2  0.3226038 29.4667931  0.8897096
 2242.2 2247.2  0.3225564 29.4743958  0.8893682
 2247.2 2252.3  0.3225079 29.4819813  0.8890339
 2252.3 2257.3  0.3224119 29.4929085  0.8887053
 2257.3 2262.4  0.3223177 29.5036221  0.8883831
 2262.4 2267.6  0.3222216 29.5145473  0.8880545
 2267.6 2272.7  0.3221236 29.5256901  0.8877194
 2272.7 2277.9  0.3220276 29.5366173  0.8873907
 2277.9 2283.1  0.3218695 29.5520382  0.8870582
 2283.1 2288.3  0.3217078 29.5677223  0.8867257
 2288.3 2293.6  0.3215461 29.5834045  0.8863933
 2293.6 2298.9  0.3213813 29.5993900  0.8860545
 2298.9 2304.1  0.3212165 29.6153755  0.8857157
 2304.1 2309.5  0.3209900 29.6355076  0.8854008
 2309.5 2314.8  0.3207534 29.6565037  0.8850741
 2314.8 2320.2  0.3205212 29.6771107  0.8847535
 2320.2 2325.6  0.3202847 29.6981068  0.8844268
 2325.6 2331.0  0.3200481 29.7191048  0.8841001
 2331.0 2336.4  0.3197283 29.7459869  0.8837822
 2336.4 2341.9  0.3194019 29.7733421  0.8834650
 2341.9 2347.4  0.3190694 29.8012028  0.8831420
 2347.4 2352.9  0.3187369 29.8290653  0.8828189
 2352.9 2358.5  0.3184044 29.8569260  0.8824959
 2358.5 2364.1  0.3179713 29.8919353  0.8821868
 2364.1 2369.7  0.3175364 29.9270649  0.8818781
 2369.7 2375.3  0.3171015 29.9621925  0.8815694
 2375.3 2381.0  0.3166666 29.9973221  0.8812608
 2381.0 2386.6  0.3162240 30.0330791  0.8809466
 2386.6 2392.3  0.3157205 30.0732555  0.8806692
 2392.3 2398.1  0.3152080 30.1141510  0.8803870
 2398.1 2403.8  0.3146865 30.1557617  0.8800998
 2403.8 2409.6  0.3141741 30.1966553  0.8798175
 2409.6 2415.5  0.3136525 30.2382679  0.8795303
 2415.5 2421.3  0.3130868 30.2841206  0.8792692
 2421.3 2427.2  0.3125280 30.3294506  0.8790147
 2427.2 2433.1  0.3119597 30.3755608  0.8787559
 2433.1 2439.0  0.3113913 30.4216709  0.8784971
 2439.0 2445.0  0.3108229 30.4677811  0.8782382
 2445.0 2451.0  0.3102836 30.5138493  0.8780259
 2451.0 2457.0  0.3097442 30.5599174  0.8778135
 2457.0 2463.1  0.3092049 30.6059837  0.8776012
 2463.1 2469.1  0.3086565 30.6528206  0.8773853
 2469.1 2475.2  0.3081191 30.6988049  0.8771741
 2475.2 2481.4  0.3076843 30.7405453  0.8770236
 2481.4 2487.6  0.3072423 30.7829704  0.8768706
 2487.6 2493.8  0.3068004 30.8253956  0.8767176
 2493.8 2500.0  0.3063584 30.8678207  0.8765646
 2500.0 2506.3  0.3059165 30.9102459  0.8764117
 2506.3 2512.6  0.3056687 30.9429607  0.8763390
 2512.6 2518.9  0.3054209 30.9756756  0.8762664
 2518.9 2525.3  0.3051731 31.0083904  0.8761937
 2525.3 2531.6  0.3049213 31.0416241  0.8761199
 2531.6 2538.1  0.3046735 31.0743389  0.8760472
 2538.1 2544.5  0.3046923 31.0940342  0.8760663
 2544.5 2551.0  0.3047284 31.1125164  0.8760911
 2551.0 2557.5  0.3047652 31.1312885  0.8761163
 2557.5 2564.1  0.3048019 31.1500607  0.8761416
 2564.1 2570.7  0.3048455 31.1687908  0.8761691
 2570.7 2577.3  0.3052948 31.1660652  0.8763192
 2577.3 2584.0  0.3057442 31.1633377  0.8764692
 2584.0 2590.7  0.3062003 31.1605701  0.8766215
 2590.7 2597.4  0.3066565 31.1578026  0.8767739
 2597.4 2604.2  0.3071419 31.1534100  0.8769342
 2604.2 2611.0  0.3081021 31.1229801  0.8772248
 2611.0 2617.8  0.3090623 31.0925503  0.8775154
 2617.8 2624.7  0.3100225 31.0621204  0.8778059
 2624.7 2631.6  0.3109969 31.0312443  0.8781008
 2631.6 2638.5  0.3119712 31.0003662  0.8783957
 2638.5 2645.5  0.3135186 30.9392338  0.8788313
 2645.5 2652.5  0.3151242 30.8753242  0.8792819
 2652.5 2659.6  0.3167299 30.8114166  0.8797325
 2659.6 2666.7  0.3183585 30.7465935  0.8801896
 2666.7 2673.8  0.3199870 30.6817722  0.8806467
 2673.8 2681.0  0.3221855 30.5881882  0.8812156
 2681.0 2688.2  0.3244404 30.4920006  0.8817976
 2688.2 2695.4  0.3266953 30.3958111  0.8823795
 2695.4 2702.7  0.3289502 30.2996235  0.8829614
 2702.7 2710.0  0.3312364 30.2020988  0.8835514
 2710.0 2717.4  0.3340802 30.0786457  0.8842162
 2717.4 2724.8  0.3369871 29.9523792  0.8848935
 2724.8 2732.2  0.3398941 29.8261070  0.8855707
 2732.2 2739.7  0.3428011 29.6998386  0.8862479
 2739.7 2747.3  0.3457473 29.5718632  0.8869342
 2747.3 2754.8  0.3492826 29.4192467  0.8876624
 2754.8 2762.4  0.3527936 29.2677097  0.8883823
 2762.4 2770.1  0.3563513 29.1141548  0.8891118
 2770.1 2777.8  0.3599560 28.9585724  0.8898508
 2777.8 2785.5  0.3635606 28.8029938  0.8905899
 2785.5 2793.3  0.3676962 28.6283493  0.8913122
 2793.3 2801.1  0.3718999 28.4509201  0.8920435
 2801.1 2809.0  0.3761037 28.2734909  0.8927747
 2809.0 2816.9  0.3803612 28.0937920  0.8935153
 2816.9 2824.9  0.3846188 27.9140911  0.8942559
 2824.9 2832.9  0.3895180 27.7145443  0.8949376
 2832.9 2840.9  0.3944247 27.5147762  0.8956184
 2840.9 2849.0  0.3993315 27.3150082  0.8962992
 2849.0 2857.1  0.4042996 27.1127396  0.8969886
 2857.1 2865.3  0.4092723 26.9104118  0.8976760
 2865.3 2873.6  0.4146771 26.7007713  0.8982158
 2873.6 2881.8  0.4201478 26.4885712  0.8987623
 2881.8 2890.2  0.4255526 26.2789307  0.8993022
 2890.2 2898.6  0.4310892 26.0641785  0.8998553
 2898.6 2907.0  0.4366259 25.8494186  0.9004083
 2907.0 2915.5  0.4427520 25.6256924  0.9007629
 2915.5 2924.0  0.4489810 25.3988457  0.9011118
 2924.0 2932.6  0.4552099 25.1719971  0.9014606
 2932.6 2941.2  0.4615122 24.9424801  0.9018136
 2941.2 2949.9  0.4678217 24.7130604  0.9021606
 2949.9 2958.6  0.4745179 24.4849472  0.9022588
 2958.6 2967.4  0.4812142 24.2568283  0.9023570
 2967.4 2976.2  0.4879873 24.0260983  0.9024565
 2976.2 2985.1  0.4947605 23.7953606  0.9025558
 2985.1 2994.0  0.5016144 23.5620365  0.9026536
 2994.0 3003.0  0.5087916 23.3320484  0.9025170
 3003.0 3012.0  0.5160494 23.0994740  0.9023789
 3012.0 3021.1  0.5233073 22.8668976  0.9022406
 3021.1 3030.3  0.5306458 22.6317368  0.9021009
 3030.3 3039.5  0.5380640 22.3944225  0.9019536
 3039.5 3048.8  0.5454526 22.1698151  0.9016265
 3048.8 3058.1  0.5529216 21.9427643  0.9012957
 3058.1 3067.5  0.5603906 21.7157135  0.9009650
 3067.5 3076.9  0.5679398 21.4862251  0.9006307
 3076.9 3086.4  0.5754890 21.2567348  0.9002964
 3086.4 3096.0  0.5830180 21.0385838  0.8998204
 3096.0 3105.6  0.5906253 20.8182812  0.8993378
 3105.6 3115.3  0.5982326 20.5979805  0.8988552
 3115.3 3125.0  0.6059189 20.3753872  0.8983676
 3125.0 3134.8  0.6136053 20.1527939  0.8978800
 3134.8 3144.7  0.6207813 19.9543514  0.8973279
 3144.7 3154.6  0.6280304 19.7538853  0.8967701
 3154.6 3164.6  0.6352798 19.5534153  0.8962123
 3164.6 3174.6  0.6426021 19.3509235  0.8956489
 3174.6 3184.7  0.6499246 19.1484299  0.8950855
 3184.7 3194.9  0.6566275 18.9715080  0.8945169
 3194.9 3205.1  0.6633680 18.7939796  0.8939426
 3205.1 3215.4  0.6701086 18.6164455  0.8933684
 3215.4 3225.8  0.6769151 18.4371796  0.8927885
 3225.8 3236.2  0.6837142 18.2587624  0.8922077
 3236.2 3246.8  0.6896282 18.1114922  0.8916851
 3246.8 3257.3  0.6956562 17.9613857  0.8911523
 3257.3 3268.0  0.7016272 17.8126965  0.8906245
 3268.0 3278.7  0.7077119 17.6611767  0.8900868
 3278.7 3289.5  0.7134504 17.5210190  0.8895782
 3289.5 3300.3  0.7185816 17.4012547  0.8891208
 3300.3 3311.3  0.7237127 17.2814903  0.8886633
 3311.3 3322.3  0.7289389 17.1595078  0.8881974
 3322.3 3333.3  0.7341651 17.0375252  0.8877315
 3333.3 3344.5  0.7387212 16.9361095  0.8873214
 3344.5 3355.7  0.7431383 16.8396645  0.8869222
 3355.7 3367.0  0.7475553 16.7432194  0.8865231
 3367.0 3378.4  0.7520118 16.6459122  0.8861204
 3378.4 3389.8  0.7560388 16.5588741  0.8857551
 3389.8 3401.4  0.7589626 16.4980240  0.8854861
 3401.4 3413.0  0.7619376 16.4361076  0.8852125
 3413.0 3424.7  0.7649126 16.3741913  0.8849388
 3424.7 3436.4  0.7679132 16.3117409  0.8846628
 3436.4 3448.3  0.7755036 16.1579018  0.8839166
 3448.3 3460.2  0.7833468 15.9989862  0.8831451
 3460.2 3472.2  0.7867163 15.9273090  0.8827954
 3472.2 3484.3  0.7893623 15.8696890  0.8825137
 3484.3 3496.5  0.7920304 15.8115892  0.8822296
 3496.5 3508.8  0.7947205 15.7530098  0.8819432
 3508.8 3521.1  0.7974326 15.6939487  0.8816544
 3521.1 3533.6  0.8001448 15.6348886  0.8813657
 3533.6 3546.1  0.8029010 15.5748682  0.8810722
 3546.1 3558.7  0.8056573 15.5148487  0.8807787
 3558.7 3571.4  0.8079913 15.4580860  0.8805100
 3571.4 3584.2  0.8101431 15.4025602  0.8802513
 3584.2 3597.1  0.8123118 15.3465977  0.8799906
 3597.1 3610.1  0.8144976 15.2901974  0.8797278
 3610.1 3623.2  0.8167003 15.2333612  0.8794630
 3623.2 3636.4  0.8189198 15.1760874  0.8791962
 3636.4 3649.6  0.8211564 15.1183767  0.8789274
 3649.6 3663.0  0.8233929 15.0606642  0.8786585
 3663.0 3676.5  0.8252690 15.0050964  0.8784253
 3676.5 3690.0  0.8271468 14.9492064  0.8781916
 3690.0 3703.7  0.8290246 14.8933172  0.8779579
 3703.7 3717.5  0.8309302 14.8365993  0.8777208
 3717.5 3731.3  0.8328497 14.7794676  0.8774819
 3731.3 3745.3  0.8347693 14.7223358  0.8772430
 3745.3 3759.4  0.8367167 14.6643763  0.8770007
 3759.4 3773.6  0.8385537 14.6078215  0.8767889
 3773.6 3787.9  0.8403412 14.5517807  0.8765916
 3787.9 3802.3  0.8421412 14.4953470  0.8763930
 3802.3 3816.8  0.8439538 14.4385166  0.8761930
 3816.8 3831.4  0.8457791 14.3812923  0.8759917
 3831.4 3846.2  0.8476169 14.3236742  0.8757889
 3846.2 3861.0  0.8494800 14.2652655  0.8755834
 3861.0 3876.0  0.8513031 14.2088261  0.8754153
 3876.0 3891.1  0.8531370 14.1523123  0.8752581
 3891.1 3906.2  0.8549830 14.0954218  0.8750998
 3906.2 3921.6  0.8568291 14.0385323  0.8749415
 3921.6 3937.0  0.8587118 13.9805107  0.8747801
 3937.0 3952.6  0.8605946 13.9224911  0.8746186
 3952.6 3968.3  0.8624923 13.8642206  0.8744625
 3968.3 3984.1  0.8643540 13.8081179  0.8743426
 3984.1 4000.0  0.8662275 13.7516575  0.8742219
 4000.0 4016.1  0.8681129 13.6948404  0.8741004
 4016.1 4032.3  0.8700221 13.6373081  0.8739775
 4032.3 4048.6  0.8719431 13.5794182  0.8738537
 4048.6 4065.0  0.8738759 13.5211706  0.8737292
 4065.0 4081.6  0.8757212 13.4657412  0.8736364
 4081.6 4098.4  0.8775796 13.4099340  0.8735456
 4098.4 4115.2  0.8794603 13.3534555  0.8734537
 4115.2 4132.2  0.8813411 13.2969751  0.8733618
 4132.2 4149.4  0.8832443 13.2398233  0.8732687
 4149.4 4166.7  0.8851698 13.1820002  0.8731746
 4166.7 4184.1  0.8869668 13.1270971  0.8731069
 4184.1 4201.7  0.8887692 13.0719948  0.8730398
 4201.7 4219.4  0.8905923 13.0162582  0.8729720
 4219.4 4237.3  0.8924257 12.9602070  0.8729037
 4237.3 4255.3  0.8942798 12.9035215  0.8728347
 4255.3 4273.5  0.8960956 12.8473215  0.8727714
 4273.5 4291.8  0.8978136 12.7924423  0.8727224
 4291.8 4310.3  0.8995410 12.7372637  0.8726732
 4310.3 4329.0  0.9012873 12.6814804  0.8726234
 4329.0 4347.8  0.9030525 12.6250935  0.8725730
 4347.8 4366.8  0.9048271 12.5684071  0.8725224
 4366.8 4386.0  0.9064575 12.5130033  0.8724847
 4386.0 4405.3  0.9080836 12.4572659  0.8724483
 4405.3 4424.8  0.9097182 12.4012394  0.8724117
 4424.8 4444.4  0.9113696 12.3446321  0.8723747
 4444.4 4464.3  0.9130296 12.2877340  0.8723375
 4464.3 4484.3  0.9145837 12.2312346  0.8723079
 4484.3 4504.5  0.9160941 12.1749506  0.8722814
 4504.5 4524.9  0.9176196 12.1181030  0.8722546
 4524.9 4545.5  0.9191602 12.0606947  0.8722274
 4545.5 4566.2  0.9207159 12.0027218  0.8722001
 4566.2 4587.2  0.9221516 11.9457188  0.8721799
 4587.2 4608.3  0.9235719 11.8882427  0.8721616
 4608.3 4629.6  0.9249991 11.8304939  0.8721431
 4629.6 4651.2  0.9264398 11.7721958  0.8721245
 4651.2 4672.9  0.9278927 11.7131605  0.8721061
 4672.9 4694.8  0.9292145 11.6552687  0.8720949
 4694.8 4717.0  0.9305486 11.5968428  0.8720837
 4717.0 4739.3  0.9319009 11.5376167  0.8720722
 4739.3 4761.9  0.9332593 11.4781237  0.8720608
 4761.9 4784.7  0.9345672 11.4185820  0.8720525
 4784.7 4807.7  0.9358244 11.3591957  0.8720472
 4807.7 4830.9  0.9370925 11.2992878  0.8720418
 4830.9 4854.4  0.9383717 11.2388611  0.8720364
 4854.4 4878.0  0.9396455 11.1779118  0.8720318
 4878.0 4902.0  0.9408286 11.1178389  0.8720312
 4902.0 4926.1  0.9420317 11.0567474  0.8720306
 4926.1 4950.5  0.9432399 10.9954014  0.8720300
 4950.5 4975.1  0.9444609 10.9333210  0.8720294
 4975.1 5000.0  0.9455859 10.8721075  0.8720322
 5000.0 5025.1  0.9467247 10.8101463  0.8720350
 5025.1 5050.5  0.9478726 10.7476883  0.8720379
 5050.5 5076.1  0.9490323 10.6845121  0.8720409
 5076.1 5102.0  0.9501027 10.6222620  0.8720459
 5102.0 5128.2  0.9511857 10.5592823  0.8720510
 5128.2 5154.6  0.9522812 10.4955730  0.8720561
 5154.6 5181.3  0.9533687 10.4316454  0.8720614
 5181.3 5208.3  0.9543898 10.3682747  0.8720672
 5208.3 5235.6  0.9554224 10.3041906  0.8720731
 5235.6 5263.2  0.9564665 10.2393932  0.8720790
 5263.2 5291.0  0.9574781 10.1746950  0.8720846
 5291.0 5319.1  0.9584488 10.1104202  0.8720896
 5319.1 5347.6  0.9594300 10.0454502  0.8720948
 5347.6 5376.3  0.9604251  9.9795551  0.8721000
 5376.3 5405.4  0.9613432  9.9149494  0.8721027
 5405.4 5434.8  0.9622664  9.8496046  0.8721052
 5434.8 5464.5  0.9631992  9.7835865  0.8721077
 5464.5 5494.5  0.9640957  9.7179642  0.8721079
 5494.5 5524.9  0.9649528  9.6528120  0.8721058
 5524.9 5555.6  0.9658214  9.5867910  0.8721036
 5555.6 5586.6  0.9666810  9.5205650  0.8721002
 5586.6 5618.0  0.9674700  9.4557152  0.8720915
 5618.0 5649.7  0.9682692  9.3900290  0.8720827
 5649.7 5681.8  0.9690761  9.3237152  0.8720738
 5681.8 5714.3  0.9698026  9.2589769  0.8720579
 5714.3 5747.1  0.9705372  9.1934538  0.8720416
 5747.1 5780.3  0.9712787  9.1273251  0.8720253
 5780.3 5814.0  0.9719572  9.0623264  0.8720032
 5814.0 5848.0  0.9726390  8.9965353  0.8719802
 5848.0 5882.4  0.9733267  8.9301586  0.8719569
 5882.4 5917.2  0.9739596  8.8646994  0.8719286
 5917.2 5952.4  0.9745958  8.7985840  0.8718995
 5952.4 5988.0  0.9752356  8.7318125  0.8718699
 5988.0 6024.1  0.9758305  8.6656942  0.8718357
 6024.1 6060.6  0.9764336  8.5986471  0.8718011
 6060.6 6097.6  0.9770302  8.5312195  0.8717650
 6097.6 6135.0  0.9776021  8.4637632  0.8717257
 6135.0 6172.8  0.9781801  8.3955784  0.8716860
 6172.8 6211.2  0.9787422  8.3272724  0.8716440
 6211.2 6250.0  0.9792985  8.2582893  0.8716001
 6250.0 6289.3  0.9798606  8.1885881  0.8715557
 6289.3 6329.1  0.9804017  8.1187801  0.8715082
 6329.1 6369.4  0.9809497  8.0480833  0.8714601
 6369.4 6410.3  0.9814952  7.9767737  0.8714105
 6410.3 6451.6  0.9820385  7.9047041  0.8713590
 6451.6 6493.5  0.9825867  7.8319421  0.8713069
 6493.5 6535.9  0.9831319  7.7584734  0.8712527
 6535.9 6578.9  0.9836835  7.6841273  0.8711978
 6578.9 6622.5  0.9842412  7.6088290  0.8711416
 6622.5 6666.7  0.9848057  7.5325294  0.8710842
 6666.7 6711.4  0.9853804  7.4551511  0.8710258
 6711.4 6756.8  0.9859654  7.3768516  0.8709665
 6756.8 6802.7  0.9865618  7.2972803  0.8709063
 6802.7 6849.3  0.9871781  7.2165728  0.8708454
 6849.3 6896.6  0.9878038  7.1346359  0.8707836
 6896.6 6944.4  0.9884586  7.0510788  0.8707209
 6944.4 6993.0  0.9891207  6.9666338  0.8706576
 6993.0 7042.3  0.9898071  6.8805747  0.8705926
 7042.3 7092.2  0.9905052  6.7932501  0.8705266
 7092.2 7142.9  0.9912166  6.7049141  0.8704582
 7142.9 7194.2  0.9919404  6.6151733  0.8703884
 7194.2 7246.4  0.9926694  6.5246911  0.8703152
 7246.4 7299.3  0.9934106  6.4326754  0.8702403
 7299.3 7352.9  0.9941487  6.3400917  0.8701600
 7352.9 7407.4  0.9948943  6.2463908  0.8700781
 7407.4 7462.7  0.9956279  6.1521573  0.8699889
 7462.7 7518.8  0.9963636  6.0568895  0.8698965
 7518.8 7575.8  0.9970802  5.9614325  0.8697964
 7575.8 7633.6  0.9977845  5.8653626  0.8696900
 7633.6 7692.3  0.9984695  5.7690716  0.8695763
 7692.3 7751.9  0.9991146  5.6731820  0.8694512
 7751.9 7812.5  0.9997347  5.5766749  0.8693199
 7812.5 7874.0  0.9998986  5.4818091  0.8691702
 7874.0 7936.5  1.0000000  5.3871660  0.8690103
 7936.5 8000.0  1.0000000  5.2935748  0.8688352
 8000.0 8064.5  1.0000000  5.2026110  0.8686370
 8064.5 8130.1  1.0000000  5.1127901  0.8684232
 8130.1 8196.7  1.0000000  5.0265026  0.8681813
 8196.7 8264.5  1.0000000  4.9444942  0.8679085
 8264.5 8333.3  1.0000000  4.8655205  0.8676091
 8333.3 8403.4  1.0000000  4.7931571  0.8672677
 8403.4 8474.6  1.0000000  4.7286196  0.8668755
 8474.6 8547.0  1.0000000  4.6659908  0.8664631
 8547.0 8620.7  1.0000000  4.6023054  0.8660437
 8620.7 8695.7  1.0000000  4.5374770  0.8656168
 8695.7 8771.9  1.0000000  4.4715047  0.8651824
 8771.9 8849.6  1.0000000  4.4044771  0.8647410
 8849.6 8928.6  1.0000000  4.3361311  0.8642910
 8928.6 9009.0  1.0000000  4.2666407  0.8638334
 9009.0 9090.9  1.0000000  4.1959181  0.8633676
 9090.9 9174.3  1.0000000  4.1238766  0.8628932
 9174.3 9259.3  1.0000000  4.0505161  0.8624102
 9259.3 9345.8  1.0000000  3.9757478  0.8619178
 9345.8 9434.0  1.0000000  3.8996601  0.8614168
 9434.0 9523.8  1.0000000  3.8220770  0.8609059
 9523.8 9615.4  1.0000000  3.7430868  0.8603857
 9615.4 9708.7  1.0000000  3.6625123  0.8598551
 9708.7 9803.9  1.0000000  3.5804434  0.8593147
 9803.9 9901.0  1.0000000  3.4967027  0.8587633
 9901.0 9911.0  1.0000000  3.4112916  0.8582008
