 1176.5 1177.9  0.0293879  0.3701642  0.0109192
 1177.9 1179.2  0.0292987  0.3697335  0.0109014
 1179.2 1180.6  0.0292157  0.3693334  0.0108850
 1180.6 1182.0  0.0291264  0.3689027  0.0108673
 1182.0 1183.4  0.0290372  0.3684719  0.0108496
 1183.4 1184.8  0.0289479  0.3680411  0.0108318
 1184.8 1186.2  0.0288586  0.3676103  0.0108141
 1186.2 1187.6  0.0287693  0.3671795  0.0107964
 1187.6 1189.1  0.0286800  0.3667488  0.0107787
 1189.1 1190.5  0.0285843  0.3662872  0.0107597
 1190.5 1191.9  0.0284950  0.3658564  0.0107420
 1191.9 1193.3  0.0284057  0.3654256  0.0107243
 1193.3 1194.7  0.0283164  0.3649948  0.0107066
 1194.7 1196.2  0.0282271  0.3645641  0.0106888
 1196.2 1197.6  0.0281315  0.3641025  0.0106699
 1197.6 1199.0  0.0280422  0.3636717  0.0106521
 1199.0 1200.5  0.0279529  0.3632409  0.0106344
 1200.5 1201.9  0.0278572  0.3627794  0.0106154
 1201.9 1203.4  0.0277679  0.3623486  0.0105977
 1203.4 1204.8  0.0276722  0.3618870  0.0105787
 1204.8 1206.3  0.0275829  0.3614562  0.0105610
 1206.3 1207.7  0.0274873  0.3609947  0.0105421
 1207.7 1209.2  0.0273980  0.3605639  0.0105243
 1209.2 1210.7  0.0273023  0.3601024  0.0105054
 1210.7 1212.1  0.0272066  0.3596408  0.0104864
 1212.1 1213.6  0.0271173  0.3592100  0.0104687
 1213.6 1215.1  0.0270217  0.3587485  0.0104497
 1215.1 1216.5  0.0269260  0.3582869  0.0104307
 1216.5 1218.0  0.0268367  0.3578562  0.0104130
 1218.0 1219.5  0.0267410  0.3573946  0.0103940
 1219.5 1221.0  0.0266454  0.3569330  0.0103750
 1221.0 1222.5  0.0265497  0.3564715  0.0103560
 1222.5 1224.0  0.0264540  0.3560099  0.0103370
 1224.0 1225.5  0.0263584  0.3555484  0.0103181
 1225.5 1227.0  0.0262627  0.3550868  0.0102991
 1227.0 1228.5  0.0261670  0.3546253  0.0102801
 1228.5 1230.0  0.0260713  0.3541637  0.0102611
 1230.0 1231.5  0.0259757  0.3537022  0.0102421
 1231.5 1233.0  0.0258800  0.3532406  0.0102232
 1233.0 1234.6  0.0257843  0.3527791  0.0102042
 1234.6 1236.1  0.0256823  0.3522867  0.0101839
 1236.1 1237.6  0.0255866  0.3518252  0.0101649
 1237.6 1239.2  0.0254909  0.3513636  0.0101460
 1239.2 1240.7  0.0253889  0.3508713  0.0101257
 1240.7 1242.2  0.0252932  0.3504098  0.0101067
 1242.2 1243.8  0.0251975  0.3499482  0.0100877
 1243.8 1245.3  0.0250955  0.3494559  0.0100675
 1245.3 1246.9  0.0249998  0.3489943  0.0100485
 1246.9 1248.4  0.0248978  0.3485020  0.0100283
 1248.4 1250.0  0.0248021  0.3480404  0.0100093
 1250.0 1251.6  0.0247000  0.3475481  0.0099890
 1251.6 1253.1  0.0245980  0.3470558  0.0099688
 1253.1 1254.7  0.0245023  0.3465942  0.0099498
 1254.7 1256.3  0.0244003  0.3461019  0.0099296
 1256.3 1257.9  0.0242982  0.3456096  0.0099093
 1257.9 1259.4  0.0241962  0.3451173  0.0098891
 1259.4 1261.0  0.0241005  0.3446557  0.0098701
 1261.0 1262.6  0.0239985  0.3441634  0.0098498
 1262.6 1264.2  0.0238964  0.3436711  0.0098296
 1264.2 1265.8  0.0237944  0.3431787  0.0098093
 1265.8 1267.4  0.0236923  0.3426864  0.0097891
 1267.4 1269.0  0.0235903  0.3421941  0.0097688
 1269.0 1270.6  0.0234882  0.3417018  0.0097486
 1270.6 1272.3  0.0233862  0.3412095  0.0097284
 1272.3 1273.9  0.0232777  0.3406864  0.0097068
 1273.9 1275.5  0.0231757  0.3401940  0.0096866
 1275.5 1277.1  0.0230736  0.3397017  0.0096663
 1277.1 1278.8  0.0229716  0.3392094  0.0096461
 1278.8 1280.4  0.0228632  0.3386863  0.0096246
 1280.4 1282.1  0.0227611  0.3381940  0.0096043
 1282.1 1283.7  0.0226527  0.3376709  0.0095828
 1283.7 1285.3  0.0225506  0.3371786  0.0095626
 1285.3 1287.0  0.0224486  0.3366862  0.0095423
 1287.0 1288.7  0.0223402  0.3361631  0.0095208
 1288.7 1290.3  0.0222317  0.3356400  0.0094993
 1290.3 1292.0  0.0221297  0.3351477  0.0094791
 1292.0 1293.7  0.0220212  0.3346246  0.0094575
 1293.7 1295.3  0.0219128  0.3341016  0.0094360
 1295.3 1297.0  0.0218108  0.3336092  0.0094158
 1297.0 1298.7  0.0217023  0.3330861  0.0093943
 1298.7 1300.4  0.0215939  0.3325630  0.0093728
 1300.4 1302.1  0.0214931  0.3320723  0.0093526
 1302.1 1303.8  0.0214171  0.3316869  0.0093371
 1303.8 1305.5  0.0213410  0.3313014  0.0093215
 1305.5 1307.2  0.0212650  0.3309160  0.0093059
 1307.2 1308.9  0.0211889  0.3305305  0.0092904
 1308.9 1310.6  0.0211129  0.3301450  0.0092748
 1310.6 1312.3  0.0210368  0.3297596  0.0092592
 1312.3 1314.1  0.0209608  0.3293741  0.0092437
 1314.1 1315.8  0.0208803  0.3289660  0.0092272
 1315.8 1317.5  0.0208042  0.3285805  0.0092116
 1317.5 1319.3  0.0207282  0.3281951  0.0091960
 1319.3 1321.0  0.0206476  0.3277870  0.0091796
 1321.0 1322.8  0.0205716  0.3274015  0.0091640
 1322.8 1324.5  0.0204911  0.3269934  0.0091475
 1324.5 1326.3  0.0204150  0.3266079  0.0091319
 1326.3 1328.0  0.0203345  0.3261998  0.0091154
 1328.0 1329.8  0.0202584  0.3258143  0.0090999
 1329.8 1331.6  0.0201779  0.3254062  0.0090834
 1331.6 1333.3  0.0200974  0.3249981  0.0090669
 1333.3 1335.1  0.0200214  0.3246126  0.0090513
 1335.1 1336.9  0.0199408  0.3242045  0.0090349
 1336.9 1338.7  0.0198603  0.3237964  0.0090184
 1338.7 1340.5  0.0197798  0.3233882  0.0090019
 1340.5 1342.3  0.0196993  0.3229801  0.0089854
 1342.3 1344.1  0.0196187  0.3225720  0.0089689
 1344.1 1345.9  0.0195382  0.3221639  0.0089524
 1345.9 1347.7  0.0194577  0.3217557  0.0089359
 1347.7 1349.5  0.0193772  0.3213476  0.0089195
 1349.5 1351.4  0.0192967  0.3209395  0.0089030
 1351.4 1353.2  0.0192160  0.3205174  0.0088862
 1353.2 1355.0  0.0191411  0.3201205  0.0088704
 1355.0 1356.9  0.0190662  0.3197236  0.0088547
 1356.9 1358.7  0.0189871  0.3193046  0.0088381
 1358.7 1360.5  0.0189122  0.3189077  0.0088223
 1360.5 1362.4  0.0188372  0.3185108  0.0088066
 1362.4 1364.3  0.0187581  0.3180918  0.0087900
 1364.3 1366.1  0.0186790  0.3176728  0.0087734
 1366.1 1368.0  0.0186041  0.3172759  0.0087576
 1368.0 1369.9  0.0185250  0.3168570  0.0087410
 1369.9 1371.7  0.0184459  0.3164380  0.0087244
 1371.7 1373.6  0.0183710  0.3160411  0.0087087
 1373.6 1375.5  0.0182919  0.3156221  0.0086920
 1375.5 1377.4  0.0182128  0.3152032  0.0086754
 1377.4 1379.3  0.0181337  0.3147842  0.0086588
 1379.3 1381.2  0.0180547  0.3143652  0.0086422
 1381.2 1383.1  0.0179756  0.3139463  0.0086256
 1383.1 1385.0  0.0178965  0.3135273  0.0086090
 1385.0 1387.0  0.0178174  0.3131083  0.0085924
 1387.0 1388.9  0.0177341  0.3126673  0.0085749
 1388.9 1390.8  0.0176550  0.3122483  0.0085583
 1390.8 1392.8  0.0175760  0.3118294  0.0085416
 1392.8 1394.7  0.0174927  0.3113884  0.0085242
 1394.7 1396.6  0.0174136  0.3109694  0.0085075
 1396.6 1398.6  0.0173345  0.3105505  0.0084909
 1398.6 1400.6  0.0172513  0.3101094  0.0084734
 1400.6 1402.5  0.0171700  0.3096719  0.0084562
 1402.5 1404.5  0.0170972  0.3092642  0.0084404
 1404.5 1406.5  0.0170206  0.3088349  0.0084238
 1406.5 1408.5  0.0169440  0.3084056  0.0084072
 1408.5 1410.4  0.0168673  0.3079764  0.0083905
 1410.4 1412.4  0.0167946  0.3075686  0.0083748
 1412.4 1414.4  0.0167179  0.3071393  0.0083581
 1414.4 1416.4  0.0166413  0.3067101  0.0083415
 1416.4 1418.4  0.0165647  0.3062808  0.0083249
 1418.4 1420.5  0.0164881  0.3058515  0.0083083
 1420.5 1422.5  0.0164076  0.3054008  0.0082908
 1422.5 1424.5  0.0163310  0.3049716  0.0082742
 1424.5 1426.5  0.0162544  0.3045423  0.0082576
 1426.5 1428.6  0.0161777  0.3041131  0.0082409
 1428.6 1430.6  0.0160973  0.3036623  0.0082235
 1430.6 1432.7  0.0160207  0.3032331  0.0082069
 1432.7 1434.7  0.0159402  0.3027824  0.0081894
 1434.7 1436.8  0.0158636  0.3023531  0.0081728
 1436.8 1438.8  0.0157831  0.3019024  0.0081553
 1438.8 1440.9  0.0157065  0.3014731  0.0081387
 1440.9 1443.0  0.0156260  0.3010224  0.0081212
 1443.0 1445.1  0.0155456  0.3005717  0.0081038
 1445.1 1447.2  0.0154651  0.3001210  0.0080863
 1447.2 1449.3  0.0153847  0.2996702  0.0080689
 1449.3 1451.4  0.0153042  0.2992195  0.0080514
 1451.4 1453.5  0.0152287  0.2987766  0.0080346
 1453.5 1455.6  0.0151557  0.2983376  0.0080181
 1455.6 1457.7  0.0150827  0.2978986  0.0080016
 1457.7 1459.9  0.0150097  0.2974596  0.0079852
 1459.9 1462.0  0.0149332  0.2969997  0.0079679
 1462.0 1464.1  0.0148601  0.2965607  0.0079514
 1464.1 1466.3  0.0147871  0.2961217  0.0079349
 1466.3 1468.4  0.0147106  0.2956618  0.0079176
 1468.4 1470.6  0.0146376  0.2952228  0.0079012
 1470.6 1472.8  0.0145611  0.2947629  0.0078839
 1472.8 1474.9  0.0144846  0.2943029  0.0078666
 1474.9 1477.1  0.0144116  0.2938640  0.0078501
 1477.1 1479.3  0.0143351  0.2934040  0.0078329
 1479.3 1481.5  0.0142586  0.2929441  0.0078156
 1481.5 1483.7  0.0141821  0.2924842  0.0077983
 1483.7 1485.9  0.0141056  0.2920243  0.0077811
 1485.9 1488.1  0.0140291  0.2915644  0.0077638
 1488.1 1490.3  0.0139526  0.2911045  0.0077465
 1490.3 1492.5  0.0138761  0.2906446  0.0077292
 1492.5 1494.8  0.0137996  0.2901847  0.0077120
 1494.8 1497.0  0.0137196  0.2897038  0.0076939
 1497.0 1499.3  0.0136431  0.2892440  0.0076766
 1499.3 1501.5  0.0135631  0.2887631  0.0076586
 1501.5 1503.8  0.0134923  0.2883112  0.0076421
 1503.8 1506.0  0.0134211  0.2878426  0.0076251
 1506.0 1508.3  0.0133529  0.2873944  0.0076089
 1508.3 1510.6  0.0132817  0.2869258  0.0075920
 1510.6 1512.9  0.0132105  0.2864572  0.0075751
 1512.9 1515.2  0.0131392  0.2859886  0.0075582
 1515.2 1517.5  0.0130680  0.2855200  0.0075412
 1517.5 1519.8  0.0129967  0.2850514  0.0075243
 1519.8 1522.1  0.0129255  0.2845828  0.0075074
 1522.1 1524.4  0.0128542  0.2841142  0.0074904
 1524.4 1526.7  0.0127830  0.2836456  0.0074735
 1526.7 1529.1  0.0127117  0.2831770  0.0074566
 1529.1 1531.4  0.0126374  0.2826880  0.0074389
 1531.4 1533.7  0.0125662  0.2822194  0.0074220
 1533.7 1536.1  0.0124949  0.2817508  0.0074051
 1536.1 1538.5  0.0124206  0.2812619  0.0073874
 1538.5 1540.8  0.0123462  0.2807729  0.0073697
 1540.8 1543.2  0.0122750  0.2803043  0.0073528
 1543.2 1545.6  0.0122006  0.2798153  0.0073351
 1545.6 1548.0  0.0121263  0.2793263  0.0073175
 1548.0 1550.4  0.0120520  0.2788374  0.0072998
 1550.4 1552.8  0.0119792  0.2783504  0.0072824
 1552.8 1555.2  0.0119147  0.2778737  0.0072660
 1555.2 1557.6  0.0118501  0.2773970  0.0072496
 1557.6 1560.1  0.0117855  0.2769202  0.0072331
 1560.1 1562.5  0.0117183  0.2764236  0.0072161
 1562.5 1564.9  0.0116537  0.2759469  0.0071996
 1564.9 1567.4  0.0115892  0.2754701  0.0071832
 1567.4 1569.9  0.0115219  0.2749735  0.0071662
 1569.9 1572.3  0.0114546  0.2744769  0.0071491
 1572.3 1574.8  0.0113901  0.2740002  0.0071327
 1574.8 1577.3  0.0113228  0.2735036  0.0071156
 1577.3 1579.8  0.0112556  0.2730069  0.0070985
 1579.8 1582.3  0.0111883  0.2725103  0.0070814
 1582.3 1584.8  0.0111211  0.2720138  0.0070643
 1584.8 1587.3  0.0110538  0.2715172  0.0070472
 1587.3 1589.8  0.0109866  0.2710205  0.0070301
 1589.8 1592.4  0.0109193  0.2705239  0.0070130
 1592.4 1594.9  0.0108494  0.2700075  0.0069953
 1594.9 1597.4  0.0107821  0.2695109  0.0069782
 1597.4 1600.0  0.0107148  0.2690143  0.0069611
 1600.0 1602.6  0.0106449  0.2684978  0.0069433
 1602.6 1605.1  0.0105858  0.2679945  0.0069269
 1605.1 1607.7  0.0105290  0.2675105  0.0069112
 1607.7 1610.3  0.0104700  0.2670071  0.0068948
 1610.3 1612.9  0.0104109  0.2665038  0.0068784
 1612.9 1615.5  0.0103519  0.2660004  0.0068620
 1615.5 1618.1  0.0102928  0.2654971  0.0068456
 1618.1 1620.7  0.0102337  0.2649938  0.0068293
 1620.7 1623.4  0.0101747  0.2644904  0.0068129
 1623.4 1626.0  0.0101133  0.2639677  0.0067959
 1626.0 1628.7  0.0100543  0.2634644  0.0067795
 1628.7 1631.3  0.0099930  0.2629417  0.0067625
 1631.3 1634.0  0.0099339  0.2624383  0.0067461
 1634.0 1636.7  0.0098726  0.2619156  0.0067291
 1636.7 1639.3  0.0098112  0.2613929  0.0067121
 1639.3 1642.0  0.0097522  0.2608895  0.0066957
 1642.0 1644.7  0.0096908  0.2603669  0.0066787
 1644.7 1647.4  0.0096295  0.2598442  0.0066617
 1647.4 1650.2  0.0095682  0.2593214  0.0066447
 1650.2 1652.9  0.0095053  0.2587804  0.0066271
 1652.9 1655.6  0.0094544  0.2582721  0.0066115
 1655.6 1658.4  0.0094035  0.2577639  0.0065958
 1658.4 1661.1  0.0093507  0.2572367  0.0065795
 1661.1 1663.9  0.0092998  0.2567284  0.0065639
 1663.9 1666.7  0.0092470  0.2562013  0.0065476
 1666.7 1669.4  0.0091942  0.2556742  0.0065314
 1669.4 1672.2  0.0091433  0.2551659  0.0065157
 1672.2 1675.0  0.0090905  0.2546388  0.0064995
 1675.0 1677.9  0.0090377  0.2541117  0.0064832
 1677.9 1680.7  0.0089830  0.2535658  0.0064664
 1680.7 1683.5  0.0089302  0.2530386  0.0064501
 1683.5 1686.3  0.0088774  0.2525115  0.0064339
 1686.3 1689.2  0.0088246  0.2519844  0.0064176
 1689.2 1692.0  0.0087699  0.2514385  0.0064008
 1692.0 1694.9  0.0087171  0.2509114  0.0063845
 1694.9 1697.8  0.0086625  0.2503654  0.0063677
 1697.8 1700.7  0.0086078  0.2498194  0.0063509
 1700.7 1703.6  0.0085584  0.2493170  0.0063355
 1703.6 1706.5  0.0085259  0.2489511  0.0063246
 1706.5 1709.4  0.0084933  0.2485851  0.0063137
 1709.4 1712.3  0.0084607  0.2482192  0.0063028
 1712.3 1715.3  0.0084281  0.2478533  0.0062919
 1715.3 1718.2  0.0083944  0.2474748  0.0062806
 1718.2 1721.2  0.0083619  0.2471089  0.0062697
 1721.2 1724.1  0.0083282  0.2467304  0.0062585
 1724.1 1727.1  0.0082956  0.2463645  0.0062476
 1727.1 1730.1  0.0082619  0.2459859  0.0062363
 1730.1 1733.1  0.0082282  0.2456074  0.0062251
 1733.1 1736.1  0.0081945  0.2452289  0.0062138
 1736.1 1739.1  0.0081608  0.2448504  0.0062025
 1739.1 1742.2  0.0081271  0.2444718  0.0061913
 1742.2 1745.2  0.0080923  0.2440807  0.0061796
 1745.2 1748.3  0.0080586  0.2437022  0.0061683
 1748.3 1751.3  0.0080237  0.2433110  0.0061567
 1751.3 1754.4  0.0079900  0.2429325  0.0061454
 1754.4 1757.5  0.0079540  0.2425198  0.0061332
 1757.5 1760.6  0.0079095  0.2419619  0.0061171
 1760.6 1763.7  0.0078650  0.2414039  0.0061009
 1763.7 1766.8  0.0078205  0.2408460  0.0060848
 1766.8 1769.9  0.0077760  0.2402880  0.0060687
 1769.9 1773.0  0.0077315  0.2397301  0.0060525
 1773.0 1776.2  0.0076896  0.2391784  0.0060367
 1776.2 1779.4  0.0076464  0.2386091  0.0060204
 1779.4 1782.5  0.0076032  0.2380398  0.0060041
 1782.5 1785.7  0.0075614  0.2374883  0.0059883
 1785.7 1788.9  0.0075182  0.2369190  0.0059719
 1788.9 1792.1  0.0074773  0.2363558  0.0059559
 1792.1 1795.3  0.0074366  0.2357934  0.0059400
 1795.3 1798.6  0.0073959  0.2352309  0.0059240
 1798.6 1801.8  0.0073540  0.2346508  0.0059076
 1801.8 1805.1  0.0073133  0.2340883  0.0058916
 1805.1 1808.3  0.0072726  0.2334985  0.0058750
 1808.3 1811.6  0.0072332  0.2329259  0.0058589
 1811.6 1814.9  0.0071925  0.2323354  0.0058423
 1814.9 1818.2  0.0071519  0.2317449  0.0058257
 1818.2 1821.5  0.0071114  0.2311560  0.0058091
 1821.5 1824.8  0.0070743  0.2305911  0.0057934
 1824.8 1828.2  0.0070372  0.2300262  0.0057776
 1828.2 1831.5  0.0069989  0.2294443  0.0057613
 1831.5 1834.9  0.0069618  0.2288794  0.0057455
 1834.9 1838.2  0.0069235  0.2282974  0.0057293
 1838.2 1841.6  0.0068885  0.2277405  0.0057138
 1841.6 1845.0  0.0068525  0.2271670  0.0056978
 1845.0 1848.4  0.0068165  0.2265934  0.0056819
 1848.4 1851.9  0.0067804  0.2260199  0.0056659
 1851.9 1855.3  0.0067434  0.2254295  0.0056495
 1855.3 1858.7  0.0067084  0.2248485  0.0056334
 1858.7 1862.2  0.0066734  0.2242673  0.0056173
 1862.2 1865.7  0.0066374  0.2236691  0.0056007
 1865.7 1869.2  0.0066014  0.2230708  0.0055841
 1869.2 1872.7  0.0065656  0.2224741  0.0055676
 1872.7 1876.2  0.0065326  0.2219024  0.0055518
 1876.2 1879.7  0.0064995  0.2213308  0.0055359
 1879.7 1883.2  0.0064665  0.2207592  0.0055201
 1883.2 1886.8  0.0064335  0.2201876  0.0055043
 1886.8 1890.4  0.0063995  0.2195996  0.0054880
 1890.4 1893.9  0.0063672  0.2190216  0.0054720
 1893.9 1897.5  0.0063359  0.2184601  0.0054564
 1897.5 1901.1  0.0063037  0.2178826  0.0054404
 1901.1 1904.8  0.0062715  0.2173050  0.0054244
 1904.8 1908.4  0.0062384  0.2167115  0.0054080
 1908.4 1912.0  0.0062069  0.2161296  0.0053918
 1912.0 1915.7  0.0061754  0.2155474  0.0053756
 1915.7 1919.4  0.0061430  0.2149490  0.0053590
 1919.4 1923.1  0.0061106  0.2143507  0.0053424
 1923.1 1926.8  0.0060783  0.2137531  0.0053258
 1926.8 1930.5  0.0060481  0.2131827  0.0053098
 1930.5 1934.2  0.0060180  0.2126123  0.0052939
 1934.2 1938.0  0.0059879  0.2120419  0.0052779
 1938.0 1941.7  0.0059569  0.2114561  0.0052615
 1941.7 1945.5  0.0059267  0.2108857  0.0052456
 1945.5 1949.3  0.0058968  0.2103118  0.0052294
 1949.3 1953.1  0.0058670  0.2097388  0.0052133
 1953.1 1956.9  0.0058371  0.2091659  0.0051971
 1956.9 1960.8  0.0058073  0.2085929  0.0051809
 1960.8 1964.6  0.0057767  0.2080048  0.0051644
 1964.6 1968.5  0.0057470  0.2074308  0.0051480
 1968.5 1972.4  0.0057166  0.2068415  0.0051311
 1972.4 1976.3  0.0056862  0.2062522  0.0051143
 1976.3 1980.2  0.0056558  0.2056630  0.0050975
 1980.2 1984.1  0.0056255  0.2050752  0.0050807
 1984.1 1988.1  0.0055968  0.2045150  0.0050645
 1988.1 1992.0  0.0055673  0.2039405  0.0050479
 1992.0 1996.0  0.0055386  0.2033803  0.0050317
 1996.0 2000.0  0.0055091  0.2028057  0.0050151
 2000.0 2004.0  0.0054796  0.2022312  0.0049985
 2004.0 2008.0  0.0054503  0.2016577  0.0049817
 2008.0 2012.1  0.0054210  0.2010843  0.0049649
 2012.1 2016.1  0.0053910  0.2004965  0.0049477
 2016.1 2020.2  0.0053617  0.1999230  0.0049309
 2020.2 2024.3  0.0053317  0.1993367  0.0049137
 2024.3 2028.4  0.0053033  0.1987788  0.0048972
 2028.4 2032.5  0.0052749  0.1982209  0.0048806
 2032.5 2036.7  0.0052465  0.1976629  0.0048641
 2036.7 2040.8  0.0052174  0.1970914  0.0048471
 2040.8 2045.0  0.0051890  0.1965335  0.0048306
 2045.0 2049.2  0.0051607  0.1959776  0.0048139
 2049.2 2053.4  0.0051324  0.1954224  0.0047973
 2053.4 2057.6  0.0051041  0.1948673  0.0047806
 2057.6 2061.9  0.0050758  0.1943121  0.0047640
 2061.9 2066.1  0.0050469  0.1937437  0.0047469
 2066.1 2070.4  0.0050188  0.1931925  0.0047301
 2070.4 2074.7  0.0049900  0.1926284  0.0047129
 2074.7 2079.0  0.0049613  0.1920642  0.0046958
 2079.0 2083.3  0.0049325  0.1914999  0.0046786
 2083.3 2087.7  0.0049039  0.1909370  0.0046614
 2087.7 2092.1  0.0048753  0.1903789  0.0046442
 2092.1 2096.4  0.0048467  0.1898208  0.0046270
 2096.4 2100.8  0.0048188  0.1892754  0.0046102
 2100.8 2105.3  0.0047902  0.1887173  0.0045930
 2105.3 2109.7  0.0047610  0.1881487  0.0045755
 2109.7 2114.2  0.0047339  0.1876218  0.0045590
 2114.2 2118.6  0.0047061  0.1870829  0.0045422
 2118.6 2123.1  0.0046790  0.1865560  0.0045257
 2123.1 2127.7  0.0046512  0.1860171  0.0045088
 2127.7 2132.2  0.0046229  0.1854663  0.0044916
 2132.2 2136.8  0.0045958  0.1849460  0.0044751
 2136.8 2141.3  0.0045681  0.1844155  0.0044583
 2141.3 2145.9  0.0045411  0.1838966  0.0044418
 2145.9 2150.5  0.0045134  0.1833661  0.0044250
 2150.5 2155.2  0.0044858  0.1828356  0.0044081
 2155.2 2159.8  0.0044566  0.1822833  0.0043904
 2159.8 2164.5  0.0044280  0.1817416  0.0043729
 2164.5 2169.2  0.0043987  0.1811881  0.0043551
 2169.2 2173.9  0.0043694  0.1806347  0.0043373
 2173.9 2178.6  0.0043401  0.1800812  0.0043195
 2178.6 2183.4  0.0043152  0.1796188  0.0043044
 2183.4 2188.2  0.0042899  0.1791487  0.0042890
 2188.2 2193.0  0.0042646  0.1786785  0.0042736
 2193.0 2197.8  0.0042393  0.1782084  0.0042582
 2197.8 2202.6  0.0042140  0.1777382  0.0042428
 2202.6 2207.5  0.0041869  0.1772422  0.0042265
 2207.5 2212.4  0.0041577  0.1767137  0.0042089
 2212.4 2217.3  0.0041285  0.1761851  0.0041913
 2217.3 2222.2  0.0040992  0.1756565  0.0041738
 2222.2 2227.2  0.0040701  0.1751299  0.0041562
 2227.2 2232.1  0.0040422  0.1746399  0.0041397
 2232.1 2237.1  0.0040148  0.1741597  0.0041234
 2237.1 2242.2  0.0039869  0.1736697  0.0041068
 2242.2 2247.2  0.0039585  0.1731699  0.0040899
 2247.2 2252.3  0.0039306  0.1726813  0.0040734
 2252.3 2257.3  0.0039032  0.1722185  0.0040574
 2257.3 2262.4  0.0038764  0.1717647  0.0040418
 2262.4 2267.6  0.0038490  0.1713019  0.0040258
 2267.6 2272.7  0.0038211  0.1708300  0.0040096
 2272.7 2277.9  0.0037937  0.1703671  0.0039936
 2277.9 2283.1  0.0037657  0.1699149  0.0039777
 2283.1 2288.3  0.0037378  0.1694639  0.0039619
 2288.3 2293.6  0.0037098  0.1690129  0.0039460
 2293.6 2298.9  0.0036813  0.1685532  0.0039298
 2298.9 2304.1  0.0036527  0.1680936  0.0039136
 2304.1 2309.5  0.0036256  0.1676805  0.0038988
 2309.5 2314.8  0.0035975  0.1672523  0.0038834
 2314.8 2320.2  0.0035699  0.1668320  0.0038682
 2320.2 2325.6  0.0035417  0.1664038  0.0038528
 2325.6 2331.0  0.0035136  0.1659756  0.0038374
 2331.0 2336.4  0.0034852  0.1655716  0.0038225
 2336.4 2341.9  0.0034568  0.1651694  0.0038077
 2341.9 2347.4  0.0034279  0.1647598  0.0037925
 2347.4 2352.9  0.0033990  0.1643502  0.0037774
 2352.9 2358.5  0.0033701  0.1639407  0.0037623
 2358.5 2364.1  0.0033410  0.1635581  0.0037478
 2364.1 2369.7  0.0033118  0.1631762  0.0037333
 2369.7 2375.3  0.0032826  0.1627943  0.0037189
 2375.3 2381.0  0.0032535  0.1624124  0.0037044
 2381.0 2386.6  0.0032238  0.1620237  0.0036897
 2386.6 2392.3  0.0031956  0.1616696  0.0036765
 2392.3 2398.1  0.0031668  0.1613093  0.0036630
 2398.1 2403.8  0.0031376  0.1609426  0.0036493
 2403.8 2409.6  0.0031089  0.1605822  0.0036358
 2409.6 2415.5  0.0030796  0.1602155  0.0036221
 2415.5 2421.3  0.0030503  0.1598292  0.0036090
 2421.3 2427.2  0.0030215  0.1594485  0.0035962
 2427.2 2433.1  0.0029921  0.1590613  0.0035831
 2433.1 2439.0  0.0029628  0.1586740  0.0035701
 2439.0 2445.0  0.0029335  0.1582868  0.0035570
 2445.0 2451.0  0.0029053  0.1578478  0.0035449
 2451.0 2457.0  0.0028771  0.1574088  0.0035328
 2457.0 2463.1  0.0028489  0.1569698  0.0035206
 2463.1 2469.1  0.0028202  0.1565235  0.0035083
 2469.1 2475.2  0.0027921  0.1560830  0.0034962
 2475.2 2481.4  0.0027657  0.1555491  0.0034852
 2481.4 2487.6  0.0027389  0.1550063  0.0034739
 2487.6 2493.8  0.0027121  0.1544636  0.0034627
 2493.8 2500.0  0.0026853  0.1539208  0.0034514
 2500.0 2506.3  0.0026585  0.1533781  0.0034402
 2506.3 2512.6  0.0026348  0.1527020  0.0034303
 2512.6 2518.9  0.0026111  0.1520259  0.0034204
 2518.9 2525.3  0.0025874  0.1513498  0.0034105
 2525.3 2531.6  0.0025633  0.1506630  0.0034004
 2531.6 2538.1  0.0025396  0.1499869  0.0033905
 2538.1 2544.5  0.0025186  0.1490989  0.0033816
 2544.5 2551.0  0.0024982  0.1482124  0.0033728
 2551.0 2557.5  0.0024774  0.1473119  0.0033639
 2557.5 2564.1  0.0024567  0.1464114  0.0033550
 2564.1 2570.7  0.0024357  0.1454930  0.0033460
 2570.7 2577.3  0.0024195  0.1443081  0.0033384
 2577.3 2584.0  0.0024034  0.1431232  0.0033309
 2584.0 2590.7  0.0023870  0.1419203  0.0033233
 2590.7 2597.4  0.0023706  0.1407174  0.0033156
 2597.4 2604.2  0.0023546  0.1394984  0.0033081
 2604.2 2611.0  0.0023446  0.1380033  0.0033022
 2611.0 2617.8  0.0023346  0.1365082  0.0032964
 2617.8 2624.7  0.0023247  0.1350131  0.0032906
 2624.7 2631.6  0.0023145  0.1334960  0.0032847
 2631.6 2638.5  0.0023044  0.1319789  0.0032787
 2638.5 2645.5  0.0023006  0.1301291  0.0032743
 2645.5 2652.5  0.0022971  0.1282316  0.0032699
 2652.5 2659.6  0.0022937  0.1263341  0.0032655
 2659.6 2666.7  0.0022902  0.1244095  0.0032611
 2666.7 2673.8  0.0022866  0.1224849  0.0032566
 2673.8 2681.0  0.0022895  0.1202994  0.0032534
 2681.0 2688.2  0.0022927  0.1180715  0.0032501
 2688.2 2695.4  0.0022959  0.1158435  0.0032469
 2695.4 2702.7  0.0022990  0.1136156  0.0032437
 2702.7 2710.0  0.0023023  0.1113566  0.0032404
 2710.0 2717.4  0.0023114  0.1089170  0.0032380
 2717.4 2724.8  0.0023210  0.1064361  0.0032356
 2724.8 2732.2  0.0023306  0.1039551  0.0032331
 2732.2 2739.7  0.0023401  0.1014742  0.0032307
 2739.7 2747.3  0.0023498  0.0989598  0.0032282
 2747.3 2754.8  0.0023652  0.0963222  0.0032260
 2754.8 2762.4  0.0023806  0.0937157  0.0032238
 2762.4 2770.1  0.0023962  0.0910745  0.0032216
 2770.1 2777.8  0.0024121  0.0883984  0.0032194
 2777.8 2785.5  0.0024279  0.0857224  0.0032172
 2785.5 2793.3  0.0024487  0.0830640  0.0032146
 2793.3 2801.1  0.0024699  0.0803715  0.0032120
 2801.1 2809.0  0.0024911  0.0776790  0.0032095
 2809.0 2816.9  0.0025126  0.0749521  0.0032068
 2816.9 2824.9  0.0025341  0.0722252  0.0032042
 2824.9 2832.9  0.0025607  0.0695780  0.0032005
 2832.9 2840.9  0.0025874  0.0669324  0.0031968
 2840.9 2849.0  0.0026140  0.0642867  0.0031931
 2849.0 2857.1  0.0026410  0.0616080  0.0031894
 2857.1 2865.3  0.0026681  0.0589335  0.0031856
 2865.3 2873.6  0.0026984  0.0565737  0.0031801
 2873.6 2881.8  0.0027292  0.0541851  0.0031746
 2881.8 2890.2  0.0027596  0.0518253  0.0031690
 2890.2 2898.6  0.0027907  0.0494080  0.0031634
 2898.6 2907.0  0.0028218  0.0469906  0.0031578
 2907.0 2915.5  0.0028565  0.0449565  0.0031494
 2915.5 2924.0  0.0028917  0.0429176  0.0031407
 2924.0 2932.6  0.0029269  0.0408787  0.0031321
 2932.6 2941.2  0.0029626  0.0388157  0.0031233
 2941.2 2949.9  0.0029983  0.0367658  0.0031145
 2949.9 2958.6  0.0030357  0.0352416  0.0031027
 2958.6 2967.4  0.0030732  0.0337174  0.0030908
 2967.4 2976.2  0.0031111  0.0321757  0.0030789
 2976.2 2985.1  0.0031490  0.0306340  0.0030669
 2985.1 2994.0  0.0031873  0.0290804  0.0030547
 2994.0 3003.0  0.0032265  0.0280194  0.0030396
 3003.0 3012.0  0.0032661  0.0269466  0.0030243
 3012.0 3021.1  0.0033056  0.0258737  0.0030091
 3021.1 3030.3  0.0033457  0.0247889  0.0029936
 3030.3 3039.5  0.0033861  0.0237064  0.0029779
 3039.5 3048.8  0.0034248  0.0230447  0.0029603
 3048.8 3058.1  0.0034640  0.0223759  0.0029425
 3058.1 3067.5  0.0035031  0.0217070  0.0029248
 3067.5 3076.9  0.0035427  0.0210310  0.0029068
 3076.9 3086.4  0.0035823  0.0203549  0.0028888
 3086.4 3096.0  0.0036194  0.0199943  0.0028690
 3096.0 3105.6  0.0036569  0.0196335  0.0028491
 3105.6 3115.3  0.0036944  0.0192726  0.0028291
 3115.3 3125.0  0.0037322  0.0189079  0.0028089
 3125.0 3134.8  0.0037701  0.0185433  0.0027887
 3134.8 3144.7  0.0038021  0.0183924  0.0027682
 3144.7 3154.6  0.0038345  0.0182400  0.0027475
 3154.6 3164.6  0.0038668  0.0180876  0.0027268
 3164.6 3174.6  0.0038995  0.0179337  0.0027059
 3174.6 3184.7  0.0039322  0.0177798  0.0026849
 3184.7 3194.9  0.0039576  0.0177054  0.0026643
 3194.9 3205.1  0.0039829  0.0176336  0.0026434
 3205.1 3215.4  0.0040081  0.0175618  0.0026226
 3215.4 3225.8  0.0040337  0.0174893  0.0026015
 3225.8 3236.2  0.0040587  0.0174139  0.0025804
 3236.2 3246.8  0.0040746  0.0173118  0.0025605
 3246.8 3257.3  0.0040908  0.0172078  0.0025402
 3257.3 3268.0  0.0041068  0.0171047  0.0025201
 3268.0 3278.7  0.0041231  0.0169996  0.0024996
 3278.7 3289.5  0.0041359  0.0168710  0.0024797
 3289.5 3300.3  0.0041421  0.0166960  0.0024606
 3300.3 3311.3  0.0041483  0.0165211  0.0024416
 3311.3 3322.3  0.0041546  0.0163429  0.0024222
 3322.3 3333.3  0.0041609  0.0161647  0.0024028
 3333.3 3344.5  0.0041603  0.0159501  0.0023844
 3344.5 3355.7  0.0041575  0.0157195  0.0023661
 3355.7 3367.0  0.0041547  0.0154889  0.0023478
 3367.0 3378.4  0.0041519  0.0152562  0.0023294
 3378.4 3389.8  0.0041479  0.0150344  0.0023123
 3389.8 3401.4  0.0041412  0.0148429  0.0022991
 3401.4 3413.0  0.0041343  0.0146480  0.0022856
 3413.0 3424.7  0.0041275  0.0144532  0.0022721
 3424.7 3436.4  0.0041206  0.0142566  0.0022585
 3436.4 3448.3  0.0040748  0.0136548  0.0022173
 3448.3 3460.2  0.0040273  0.0130319  0.0021747
 3460.2 3472.2  0.0039998  0.0127777  0.0021546
 3472.2 3484.3  0.0039753  0.0125833  0.0021381
 3484.3 3496.5  0.0039507  0.0123873  0.0021215
 3496.5 3508.8  0.0039259  0.0121897  0.0021048
 3508.8 3521.1  0.0039009  0.0119905  0.0020879
 3521.1 3533.6  0.0038759  0.0117912  0.0020711
 3533.6 3546.1  0.0038505  0.0115887  0.0020539
 3546.1 3558.7  0.0038250  0.0113863  0.0020368
 3558.7 3571.4  0.0037958  0.0112458  0.0020202
 3571.4 3584.2  0.0037646  0.0111329  0.0020039
 3584.2 3597.1  0.0037332  0.0110191  0.0019875
 3597.1 3610.1  0.0037016  0.0109045  0.0019709
 3610.1 3623.2  0.0036697  0.0107889  0.0019542
 3623.2 3636.4  0.0036376  0.0106725  0.0019373
 3636.4 3649.6  0.0036052  0.0105552  0.0019204
 3649.6 3663.0  0.0035729  0.0104379  0.0019034
 3663.0 3676.5  0.0035398  0.0103715  0.0018874
 3676.5 3690.0  0.0035065  0.0103063  0.0018713
 3690.0 3703.7  0.0034731  0.0102411  0.0018552
 3703.7 3717.5  0.0034393  0.0101750  0.0018389
 3717.5 3731.3  0.0034052  0.0101083  0.0018224
 3731.3 3745.3  0.0033712  0.0100417  0.0018060
 3745.3 3759.4  0.0033366  0.0099741  0.0017893
 3759.4 3773.6  0.0033052  0.0099077  0.0017735
 3773.6 3787.9  0.0032753  0.0098417  0.0017580
 3787.9 3802.3  0.0032451  0.0097752  0.0017425
 3802.3 3816.8  0.0032148  0.0097083  0.0017268
 3816.8 3831.4  0.0031842  0.0096409  0.0017110
 3831.4 3846.2  0.0031534  0.0095731  0.0016951
 3846.2 3861.0  0.0031222  0.0095043  0.0016790
 3861.0 3876.0  0.0030971  0.0094163  0.0016641
 3876.0 3891.1  0.0030737  0.0093204  0.0016494
 3891.1 3906.2  0.0030501  0.0092238  0.0016346
 3906.2 3921.6  0.0030266  0.0091273  0.0016198
 3921.6 3937.0  0.0030026  0.0090288  0.0016047
 3937.0 3952.6  0.0029786  0.0089303  0.0015896
 3952.6 3968.3  0.0029555  0.0088277  0.0015746
 3968.3 3984.1  0.0029388  0.0087097  0.0015608
 3984.1 4000.0  0.0029221  0.0085909  0.0015469
 4000.0 4016.1  0.0029051  0.0084714  0.0015329
 4016.1 4032.3  0.0028880  0.0083504  0.0015187
 4032.3 4048.6  0.0028708  0.0082286  0.0015044
 4048.6 4065.0  0.0028535  0.0081061  0.0014900
 4065.0 4081.6  0.0028416  0.0079849  0.0014769
 4081.6 4098.4  0.0028301  0.0078624  0.0014636
 4098.4 4115.2  0.0028185  0.0077384  0.0014503
 4115.2 4132.2  0.0028068  0.0076144  0.0014369
 4132.2 4149.4  0.0027950  0.0074889  0.0014234
 4149.4 4166.7  0.0027831  0.0073619  0.0014097
 4166.7 4184.1  0.0027756  0.0072457  0.0013971
 4184.1 4201.7  0.0027682  0.0071292  0.0013846
 4201.7 4219.4  0.0027607  0.0070113  0.0013719
 4219.4 4237.3  0.0027532  0.0068928  0.0013591
 4237.3 4255.3  0.0027456  0.0067729  0.0013462
 4255.3 4273.5  0.0027389  0.0066560  0.0013335
 4273.5 4291.8  0.0027345  0.0065463  0.0013215
 4291.8 4310.3  0.0027300  0.0064360  0.0013095
 4310.3 4329.0  0.0027255  0.0063245  0.0012973
 4329.0 4347.8  0.0027209  0.0062118  0.0012850
 4347.8 4366.8  0.0027163  0.0060986  0.0012726
 4366.8 4386.0  0.0027136  0.0059941  0.0012611
 4386.0 4405.3  0.0027111  0.0058899  0.0012495
 4405.3 4424.8  0.0027086  0.0057851  0.0012379
 4424.8 4444.4  0.0027061  0.0056792  0.0012261
 4444.4 4464.3  0.0027035  0.0055728  0.0012143
 4464.3 4484.3  0.0027021  0.0054722  0.0012029
 4484.3 4504.5  0.0027010  0.0053741  0.0011918
 4504.5 4524.9  0.0027000  0.0052749  0.0011806
 4524.9 4545.5  0.0026989  0.0051748  0.0011693
 4545.5 4566.2  0.0026978  0.0050737  0.0011578
 4566.2 4587.2  0.0026979  0.0049793  0.0011470
 4587.2 4608.3  0.0026982  0.0048856  0.0011362
 4608.3 4629.6  0.0026986  0.0047915  0.0011253
 4629.6 4651.2  0.0026990  0.0046965  0.0011144
 4651.2 4672.9  0.0026994  0.0046006  0.0011033
 4672.9 4694.8  0.0027011  0.0045122  0.0010929
 4694.8 4717.0  0.0027028  0.0044229  0.0010824
 4717.0 4739.3  0.0027046  0.0043325  0.0010717
 4739.3 4761.9  0.0027064  0.0042416  0.0010610
 4761.9 4784.7  0.0027088  0.0041535  0.0010506
 4784.7 4807.7  0.0027120  0.0040683  0.0010403
 4807.7 4830.9  0.0027152  0.0039823  0.0010300
 4830.9 4854.4  0.0027184  0.0038955  0.0010196
 4854.4 4878.0  0.0027219  0.0038090  0.0010091
 4878.0 4902.0  0.0027265  0.0037278  0.0009992
 4902.0 4926.1  0.0027312  0.0036452  0.0009891
 4926.1 4950.5  0.0027360  0.0035622  0.0009790
 4950.5 4975.1  0.0027408  0.0034784  0.0009687
 4975.1 5000.0  0.0027471  0.0034004  0.0009589
 5000.0 5025.1  0.0027535  0.0033214  0.0009490
 5025.1 5050.5  0.0027599  0.0032417  0.0009390
 5050.5 5076.1  0.0027664  0.0031612  0.0009289
 5076.1 5102.0  0.0027744  0.0030863  0.0009193
 5102.0 5128.2  0.0027826  0.0030105  0.0009097
 5128.2 5154.6  0.0027908  0.0029339  0.0008999
 5154.6 5181.3  0.0027994  0.0028577  0.0008901
 5181.3 5208.3  0.0028096  0.0027858  0.0008807
 5208.3 5235.6  0.0028199  0.0027131  0.0008711
 5235.6 5263.2  0.0028302  0.0026396  0.0008615
 5263.2 5291.0  0.0028416  0.0025682  0.0008520
 5291.0 5319.1  0.0028542  0.0024997  0.0008427
 5319.1 5347.6  0.0028668  0.0024304  0.0008334
 5347.6 5376.3  0.0028796  0.0023601  0.0008239
 5376.3 5405.4  0.0028946  0.0022953  0.0008149
 5405.4 5434.8  0.0029100  0.0022302  0.0008059
 5434.8 5464.5  0.0029256  0.0021644  0.0007967
 5464.5 5494.5  0.0029426  0.0021014  0.0007878
 5494.5 5524.9  0.0029611  0.0020413  0.0007791
 5524.9 5555.6  0.0029799  0.0019805  0.0007703
 5555.6 5586.6  0.0029994  0.0019203  0.0007615
 5586.6 5618.0  0.0030216  0.0018658  0.0007532
 5618.0 5649.7  0.0030441  0.0018105  0.0007448
 5649.7 5681.8  0.0030668  0.0017547  0.0007364
 5681.8 5714.3  0.0030928  0.0017054  0.0007284
 5714.3 5747.1  0.0031191  0.0016555  0.0007204
 5747.1 5780.3  0.0031457  0.0016052  0.0007123
 5780.3 5814.0  0.0031750  0.0015599  0.0007047
 5814.0 5848.0  0.0032050  0.0015146  0.0006969
 5848.0 5882.4  0.0032352  0.0014688  0.0006892
 5882.4 5917.2  0.0032679  0.0014274  0.0006817
 5917.2 5952.4  0.0033012  0.0013859  0.0006743
 5952.4 5988.0  0.0033349  0.0013442  0.0006667
 5988.0 6024.1  0.0033708  0.0013062  0.0006594
 6024.1 6060.6  0.0034072  0.0012676  0.0006521
 6060.6 6097.6  0.0034444  0.0012296  0.0006447
 6097.6 6135.0  0.0034833  0.0011937  0.0006376
 6135.0 6172.8  0.0035226  0.0011575  0.0006303
 6172.8 6211.2  0.0035631  0.0011225  0.0006231
 6211.2 6250.0  0.0036047  0.0010882  0.0006160
 6250.0 6289.3  0.0036468  0.0010536  0.0006087
 6289.3 6329.1  0.0036904  0.0010207  0.0006015
 6329.1 6369.4  0.0037345  0.0009873  0.0005943
 6369.4 6410.3  0.0037796  0.0009543  0.0005870
 6410.3 6451.6  0.0038257  0.0009215  0.0005797
 6451.6 6493.5  0.0038723  0.0008885  0.0005723
 6493.5 6535.9  0.0039200  0.0008557  0.0005649
 6535.9 6578.9  0.0039683  0.0008226  0.0005575
 6578.9 6622.5  0.0040175  0.0007891  0.0005499
 6622.5 6666.7  0.0040674  0.0007552  0.0005423
 6666.7 6711.4  0.0041180  0.0007206  0.0005345
 6711.4 6756.8  0.0041691  0.0006852  0.0005266
 6756.8 6802.7  0.0042209  0.0006491  0.0005186
 6802.7 6849.3  0.0042731  0.0006115  0.0005104
 6849.3 6896.6  0.0043261  0.0005733  0.0005020
 6896.6 6944.4  0.0043795  0.0005327  0.0004935
 6944.4 6993.0  0.0044334  0.0004917  0.0004848
 6993.0 7042.3  0.0044880  0.0004488  0.0004759
 7042.3 7092.2  0.0045434  0.0004051  0.0004668
 7092.2 7142.9  0.0045997  0.0003603  0.0004576
 7142.9 7194.2  0.0046570  0.0003147  0.0004483
 7194.2 7246.4  0.0047154  0.0002685  0.0004389
 7246.4 7299.3  0.0047749  0.0002215  0.0004294
 7299.3 7352.9  0.0048362  0.0001746  0.0004198
 7352.9 7407.4  0.0048985  0.0001272  0.0004101
 7407.4 7462.7  0.0049633  0.0000805  0.0004004
 7462.7 7518.8  0.0050296  0.0000431  0.0003907
 7518.8 7575.8  0.0050985  0.0000393  0.0003811
 7575.8 7633.6  0.0051698  0.0000566  0.0003716
 7633.6 7692.3  0.0052437  0.0001000  0.0003622
 7692.3 7751.9  0.0053215  0.0001407  0.0003530
 7751.9 7812.5  0.0054016  0.0001805  0.0003438
 7812.5 7874.0  0.0054876  0.0002150  0.0003352
 7874.0 7936.5  0.0055771  0.0002471  0.0003269
 7936.5 8000.0  0.0056717  0.0002748  0.0003190
 8000.0 8064.5  0.0057735  0.0002953  0.0003118
 8064.5 8130.1  0.0058805  0.0003112  0.0003051
 8130.1 8196.7  0.0059964  0.0003179  0.0002994
 8196.7 8264.5  0.0061217  0.0003141  0.0002949
 8264.5 8333.3  0.0062556  0.0003016  0.0002913
 8333.3 8403.4  0.0064022  0.0002742  0.0002894
 8403.4 8474.6  0.0065643  0.0002289  0.0002894
 8474.6 8547.0  0.0067330  0.0001773  0.0002900
 8547.0 8620.7  0.0069045  0.0001248  0.0002907
 8620.7 8695.7  0.0070791  0.0000713  0.0002913
 8695.7 8771.9  0.0072568  0.0000170  0.0002920
 8771.9 8849.6  0.0074373 -0.0000383  0.0002927
 8849.6 8928.6  0.0076214 -0.0000946  0.0002934
 8928.6 9009.0  0.0078085 -0.0001519  0.0002941
 9009.0 9090.9  0.0079990 -0.0002102  0.0002948
 9090.9 9174.3  0.0081930 -0.0002696  0.0002956
 9174.3 9259.3  0.0083906 -0.0003300  0.0002963
 9259.3 9345.8  0.0085919 -0.0003916  0.0002971
 9345.8 9434.0  0.0087969 -0.0004544  0.0002979
 9434.0 9523.8  0.0090058 -0.0005183  0.0002987
 9523.8 9615.4  0.0092185 -0.0005834  0.0002995
 9615.4 9708.7  0.0094355 -0.0006498  0.0003003
 9708.7 9803.9  0.0096566 -0.0007175  0.0003011
 9803.9 9901.0  0.0098821 -0.0007865  0.0003020
 9901.0 9911.0  0.0101121 -0.0008569  0.0003029
