 1176.5 1177.9  0.4659529 15.8976908  0.8490078
 1177.9 1179.2  0.4657193 15.9084835  0.8490101
 1179.2 1180.6  0.4655024 15.9185047  0.8490123
 1180.6 1182.0  0.4652687 15.9292984  0.8490145
 1182.0 1183.4  0.4650351 15.9400911  0.8490168
 1183.4 1184.8  0.4648014 15.9508839  0.8490192
 1184.8 1186.2  0.4645678 15.9616766  0.8490214
 1186.2 1187.6  0.4643342 15.9724693  0.8490238
 1187.6 1189.1  0.4641005 15.9832621  0.8490261
 1189.1 1190.5  0.4638502 15.9948254  0.8490285
 1190.5 1191.9  0.4636165 16.0056190  0.8490309
 1191.9 1193.3  0.4633829 16.0164108  0.8490331
 1193.3 1194.7  0.4631492 16.0272045  0.8490354
 1194.7 1196.2  0.4629156 16.0379963  0.8490378
 1196.2 1197.6  0.4626653 16.0495605  0.8490402
 1197.6 1199.0  0.4624317 16.0603542  0.8490425
 1199.0 1200.5  0.4621980 16.0711460  0.8490448
 1200.5 1201.9  0.4619477 16.0827103  0.8490473
 1201.9 1203.4  0.4617141 16.0935040  0.8490496
 1203.4 1204.8  0.4614637 16.1050663  0.8490521
 1204.8 1206.3  0.4612301 16.1158600  0.8490544
 1206.3 1207.7  0.4609798 16.1274242  0.8490568
 1207.7 1209.2  0.4607461 16.1382160  0.8490592
 1209.2 1210.7  0.4604958 16.1497784  0.8490616
 1210.7 1212.1  0.4602455 16.1613426  0.8490641
 1212.1 1213.6  0.4600118 16.1721363  0.8490664
 1213.6 1215.1  0.4597615 16.1837006  0.8490689
 1215.1 1216.5  0.4595112 16.1952629  0.8490713
 1216.5 1218.0  0.4592775 16.2060566  0.8490736
 1218.0 1219.5  0.4590272 16.2176208  0.8490761
 1219.5 1221.0  0.4587769 16.2291832  0.8490786
 1221.0 1222.5  0.4585266 16.2407475  0.8490810
 1222.5 1224.0  0.4582762 16.2523117  0.8490835
 1224.0 1225.5  0.4580259 16.2638741  0.8490860
 1225.5 1227.0  0.4577756 16.2754383  0.8490884
 1227.0 1228.5  0.4575253 16.2870026  0.8490909
 1228.5 1230.0  0.4572749 16.2985668  0.8490934
 1230.0 1231.5  0.4570246 16.3101292  0.8490959
 1231.5 1233.0  0.4567743 16.3216934  0.8490983
 1233.0 1234.6  0.4565240 16.3332577  0.8491008
 1234.6 1236.1  0.4562569 16.3455925  0.8491035
 1236.1 1237.6  0.4560066 16.3571548  0.8491059
 1237.6 1239.2  0.4557563 16.3687191  0.8491084
 1239.2 1240.7  0.4554893 16.3810539  0.8491110
 1240.7 1242.2  0.4552389 16.3926163  0.8491135
 1242.2 1243.8  0.4549886 16.4041805  0.8491160
 1243.8 1245.3  0.4547216 16.4165154  0.8491186
 1245.3 1246.9  0.4544713 16.4280796  0.8491210
 1246.9 1248.4  0.4542043 16.4404144  0.8491237
 1248.4 1250.0  0.4539539 16.4519787  0.8491262
 1250.0 1251.6  0.4536869 16.4643135  0.8491288
 1251.6 1253.1  0.4534199 16.4766464  0.8491314
 1253.1 1254.7  0.4531696 16.4882107  0.8491339
 1254.7 1256.3  0.4529026 16.5005455  0.8491365
 1256.3 1257.9  0.4526355 16.5128803  0.8491392
 1257.9 1259.4  0.4523685 16.5252151  0.8491418
 1259.4 1261.0  0.4521182 16.5367794  0.8491443
 1261.0 1262.6  0.4518512 16.5491123  0.8491469
 1262.6 1264.2  0.4515842 16.5614471  0.8491495
 1264.2 1265.8  0.4513172 16.5737820  0.8491521
 1265.8 1267.4  0.4510501 16.5861168  0.8491548
 1267.4 1269.0  0.4507831 16.5984516  0.8491575
 1269.0 1270.6  0.4505161 16.6107864  0.8491601
 1270.6 1272.3  0.4502491 16.6231213  0.8491627
 1272.3 1273.9  0.4499654 16.6362267  0.8491655
 1273.9 1275.5  0.4496984 16.6485615  0.8491681
 1275.5 1277.1  0.4494314 16.6608963  0.8491707
 1277.1 1278.8  0.4491644 16.6732292  0.8491734
 1278.8 1280.4  0.4488806 16.6863365  0.8491762
 1280.4 1282.1  0.4486136 16.6986713  0.8491789
 1282.1 1283.7  0.4483299 16.7117767  0.8491817
 1283.7 1285.3  0.4480629 16.7241096  0.8491843
 1285.3 1287.0  0.4477959 16.7364464  0.8491869
 1287.0 1288.7  0.4475122 16.7495499  0.8491897
 1288.7 1290.3  0.4472285 16.7626553  0.8491925
 1290.3 1292.0  0.4469615 16.7749920  0.8491951
 1292.0 1293.7  0.4466778 16.7880974  0.8491979
 1293.7 1295.3  0.4463941 16.8012009  0.8492007
 1295.3 1297.0  0.4461270 16.8135376  0.8492033
 1297.0 1298.7  0.4458433 16.8266430  0.8492061
 1298.7 1300.4  0.4455597 16.8397465  0.8492090
 1300.4 1302.1  0.4452979 16.8518982  0.8492061
 1302.1 1303.8  0.4451076 16.8609447  0.8491852
 1303.8 1305.5  0.4449174 16.8699932  0.8491642
 1305.5 1307.2  0.4447271 16.8790398  0.8491432
 1307.2 1308.9  0.4445368 16.8880863  0.8491222
 1308.9 1310.6  0.4443465 16.8971348  0.8491012
 1310.6 1312.3  0.4441563 16.9061813  0.8490802
 1312.3 1314.1  0.4439660 16.9152298  0.8490592
 1314.1 1315.8  0.4437645 16.9248085  0.8490370
 1315.8 1317.5  0.4435742 16.9338551  0.8490160
 1317.5 1319.3  0.4433840 16.9429016  0.8489950
 1319.3 1321.0  0.4431825 16.9524822  0.8489728
 1321.0 1322.8  0.4429922 16.9615288  0.8489518
 1322.8 1324.5  0.4427907 16.9711094  0.8489296
 1324.5 1326.3  0.4426005 16.9801559  0.8489086
 1326.3 1328.0  0.4423990 16.9897346  0.8488864
 1328.0 1329.8  0.4422087 16.9987831  0.8488654
 1329.8 1331.6  0.4420072 17.0083618  0.8488432
 1331.6 1333.3  0.4418058 17.0179405  0.8488209
 1333.3 1335.1  0.4416155 17.0269890  0.8487999
 1335.1 1336.9  0.4414140 17.0365677  0.8487777
 1336.9 1338.7  0.4412125 17.0461464  0.8487555
 1338.7 1340.5  0.4410111 17.0557270  0.8487333
 1340.5 1342.3  0.4408096 17.0653057  0.8487111
 1342.3 1344.1  0.4406081 17.0748863  0.8486888
 1344.1 1345.9  0.4404067 17.0844650  0.8486666
 1345.9 1347.7  0.4402052 17.0940437  0.8486444
 1347.7 1349.5  0.4400037 17.1036224  0.8486221
 1349.5 1351.4  0.4398023 17.1132030  0.8486000
 1351.4 1353.2  0.4396032 17.1227608  0.8485656
 1353.2 1355.0  0.4394192 17.1316280  0.8485293
 1355.0 1356.9  0.4392353 17.1404953  0.8484931
 1356.9 1358.7  0.4390411 17.1498566  0.8484548
 1358.7 1360.5  0.4388571 17.1587238  0.8484186
 1360.5 1362.4  0.4386731 17.1675911  0.8483824
 1362.4 1364.3  0.4384789 17.1769505  0.8483441
 1364.3 1366.1  0.4382848 17.1863117  0.8483058
 1366.1 1368.0  0.4381008 17.1951790  0.8482696
 1368.0 1369.9  0.4379066 17.2045383  0.8482313
 1369.9 1371.7  0.4377124 17.2138996  0.8481930
 1371.7 1373.6  0.4375284 17.2227669  0.8481568
 1373.6 1375.5  0.4373342 17.2321262  0.8481185
 1375.5 1377.4  0.4371400 17.2414856  0.8480803
 1377.4 1379.3  0.4369459 17.2508469  0.8480420
 1379.3 1381.2  0.4367517 17.2602062  0.8480037
 1381.2 1383.1  0.4365575 17.2695656  0.8479655
 1383.1 1385.0  0.4363633 17.2789268  0.8479273
 1385.0 1387.0  0.4361691 17.2882862  0.8478890
 1387.0 1388.9  0.4359647 17.2981396  0.8478487
 1388.9 1390.8  0.4357705 17.3075008  0.8478104
 1390.8 1392.8  0.4355763 17.3168602  0.8477722
 1392.8 1394.7  0.4353719 17.3267136  0.8477319
 1394.7 1396.6  0.4351777 17.3360729  0.8476937
 1396.6 1398.6  0.4349835 17.3454323  0.8476554
 1398.6 1400.6  0.4347791 17.3552856  0.8476151
 1400.6 1402.5  0.4345801 17.3649025  0.8475706
 1402.5 1404.5  0.4344029 17.3735161  0.8475190
 1404.5 1406.5  0.4342164 17.3825836  0.8474646
 1406.5 1408.5  0.4340298 17.3916492  0.8474102
 1408.5 1410.4  0.4338433 17.4007168  0.8473558
 1410.4 1412.4  0.4336661 17.4093304  0.8473042
 1412.4 1414.4  0.4334796 17.4183979  0.8472498
 1414.4 1416.4  0.4332931 17.4274654  0.8471954
 1416.4 1418.4  0.4331066 17.4365311  0.8471411
 1418.4 1420.5  0.4329201 17.4455986  0.8470867
 1420.5 1422.5  0.4327243 17.4551182  0.8470296
 1422.5 1424.5  0.4325377 17.4641857  0.8469752
 1424.5 1426.5  0.4323512 17.4732533  0.8469208
 1426.5 1428.6  0.4321647 17.4823189  0.8468665
 1428.6 1430.6  0.4319689 17.4918404  0.8468094
 1430.6 1432.7  0.4317824 17.5009060  0.8467550
 1432.7 1434.7  0.4315865 17.5104275  0.8466979
 1434.7 1436.8  0.4314000 17.5194931  0.8466436
 1436.8 1438.8  0.4312042 17.5290146  0.8465865
 1438.8 1440.9  0.4310177 17.5380821  0.8465321
 1440.9 1443.0  0.4308218 17.5476017  0.8464750
 1443.0 1445.1  0.4306260 17.5571213  0.8464179
 1445.1 1447.2  0.4304302 17.5666409  0.8463608
 1447.2 1449.3  0.4302343 17.5761623  0.8463037
 1449.3 1451.4  0.4300385 17.5856819  0.8462466
 1451.4 1453.5  0.4298542 17.5946522  0.8461806
 1453.5 1455.6  0.4296757 17.6033459  0.8461102
 1455.6 1457.7  0.4294971 17.6120396  0.8460398
 1457.7 1459.9  0.4293186 17.6207352  0.8459694
 1459.9 1462.0  0.4291315 17.6298428  0.8458956
 1462.0 1464.1  0.4289530 17.6385365  0.8458251
 1464.1 1466.3  0.4287745 17.6472301  0.8457547
 1466.3 1468.4  0.4285874 17.6563396  0.8456810
 1468.4 1470.6  0.4284089 17.6650333  0.8456105
 1470.6 1472.8  0.4282219 17.6741409  0.8455368
 1472.8 1474.9  0.4280348 17.6832504  0.8454630
 1474.9 1477.1  0.4278563 17.6919441  0.8453925
 1477.1 1479.3  0.4276693 17.7010517  0.8453187
 1479.3 1481.5  0.4274822 17.7101612  0.8452450
 1481.5 1483.7  0.4272952 17.7192688  0.8451712
 1483.7 1485.9  0.4271082 17.7283764  0.8450974
 1485.9 1488.1  0.4269211 17.7374859  0.8450236
 1488.1 1490.3  0.4267341 17.7465935  0.8449498
 1490.3 1492.5  0.4265471 17.7557011  0.8448761
 1492.5 1494.8  0.4263600 17.7648087  0.8448023
 1494.8 1497.0  0.4261645 17.7743320  0.8447252
 1497.0 1499.3  0.4259774 17.7834396  0.8446514
 1499.3 1501.5  0.4257819 17.7929630  0.8445743
 1501.5 1503.8  0.4256063 17.8014755  0.8444919
 1503.8 1506.0  0.4254282 17.8100853  0.8444017
 1506.0 1508.3  0.4252579 17.8183193  0.8443153
 1508.3 1510.6  0.4250798 17.8269291  0.8442250
 1510.6 1512.9  0.4249018 17.8355370  0.8441347
 1512.9 1515.2  0.4247237 17.8441467  0.8440444
 1515.2 1517.5  0.4245457 17.8527565  0.8439542
 1517.5 1519.8  0.4243676 17.8613644  0.8438639
 1519.8 1522.1  0.4241896 17.8699741  0.8437737
 1522.1 1524.4  0.4240115 17.8785839  0.8436834
 1524.4 1526.7  0.4238335 17.8871937  0.8435931
 1526.7 1529.1  0.4236554 17.8958015  0.8435028
 1529.1 1531.4  0.4234696 17.9047852  0.8434086
 1531.4 1533.7  0.4232915 17.9133949  0.8433183
 1533.7 1536.1  0.4231135 17.9220028  0.8432281
 1536.1 1538.5  0.4229277 17.9309864  0.8431339
 1538.5 1540.8  0.4227419 17.9399700  0.8430397
 1540.8 1543.2  0.4225638 17.9485798  0.8429494
 1543.2 1545.6  0.4223780 17.9575634  0.8428552
 1545.6 1548.0  0.4221922 17.9665470  0.8427610
 1548.0 1550.4  0.4220064 17.9755306  0.8426668
 1550.4 1552.8  0.4218234 17.9843521  0.8425705
 1552.8 1555.2  0.4216545 17.9923687  0.8424641
 1555.2 1557.6  0.4214855 18.0003834  0.8423576
 1557.6 1560.1  0.4213166 18.0084000  0.8422511
 1560.1 1562.5  0.4211406 18.0167484  0.8421401
 1562.5 1564.9  0.4209717 18.0247650  0.8420336
 1564.9 1567.4  0.4208027 18.0327797  0.8419272
 1567.4 1569.9  0.4206267 18.0411282  0.8418162
 1569.9 1572.3  0.4204507 18.0494785  0.8417053
 1572.3 1574.8  0.4202818 18.0574932  0.8415988
 1574.8 1577.3  0.4201058 18.0658436  0.8414879
 1577.3 1579.8  0.4199298 18.0741920  0.8413770
 1579.8 1582.3  0.4197538 18.0825424  0.8412660
 1582.3 1584.8  0.4195778 18.0908909  0.8411551
 1584.8 1587.3  0.4194018 18.0992413  0.8410441
 1587.3 1589.8  0.4192258 18.1075897  0.8409332
 1589.8 1592.4  0.4190498 18.1159401  0.8408223
 1592.4 1594.9  0.4188668 18.1246223  0.8407069
 1594.9 1597.4  0.4186908 18.1329727  0.8405960
 1597.4 1600.0  0.4185148 18.1413212  0.8404851
 1600.0 1602.6  0.4183318 18.1500053  0.8403697
 1602.6 1605.1  0.4181666 18.1576290  0.8402414
 1605.1 1607.7  0.4180078 18.1649609  0.8401181
 1607.7 1610.3  0.4178426 18.1725845  0.8399899
 1610.3 1612.9  0.4176775 18.1802101  0.8398616
 1612.9 1615.5  0.4175123 18.1878338  0.8397334
 1615.5 1618.1  0.4173471 18.1954575  0.8396052
 1618.1 1620.7  0.4171819 18.2030830  0.8394769
 1620.7 1623.4  0.4170168 18.2107067  0.8393487
 1623.4 1626.0  0.4168453 18.2186241  0.8392155
 1626.0 1628.7  0.4166801 18.2262478  0.8390872
 1628.7 1631.3  0.4165086 18.2341652  0.8389540
 1631.3 1634.0  0.4163434 18.2417908  0.8388258
 1634.0 1636.7  0.4161718 18.2497082  0.8386926
 1636.7 1639.3  0.4160003 18.2576256  0.8385594
 1639.3 1642.0  0.4158351 18.2652493  0.8384312
 1642.0 1644.7  0.4156636 18.2731667  0.8382980
 1644.7 1647.4  0.4154921 18.2810841  0.8381648
 1647.4 1650.2  0.4153206 18.2890034  0.8380316
 1650.2 1652.9  0.4151442 18.2971325  0.8378924
 1652.9 1655.6  0.4149932 18.3039665  0.8377438
 1655.6 1658.4  0.4148422 18.3108006  0.8375952
 1658.4 1661.1  0.4146857 18.3178883  0.8374411
 1661.1 1663.9  0.4145347 18.3247223  0.8372926
 1663.9 1666.7  0.4143781 18.3318100  0.8371385
 1666.7 1669.4  0.4142215 18.3388958  0.8369845
 1669.4 1672.2  0.4140705 18.3457298  0.8368359
 1672.2 1675.0  0.4139139 18.3528175  0.8366818
 1675.0 1677.9  0.4137574 18.3599052  0.8365277
 1677.9 1680.7  0.4135952 18.3672447  0.8363681
 1680.7 1683.5  0.4134386 18.3743305  0.8362141
 1683.5 1686.3  0.4132820 18.3814182  0.8360600
 1686.3 1689.2  0.4131254 18.3885059  0.8359060
 1689.2 1692.0  0.4129633 18.3958454  0.8357463
 1692.0 1694.9  0.4128067 18.4029331  0.8355923
 1694.9 1697.8  0.4126445 18.4102726  0.8354327
 1697.8 1700.7  0.4124823 18.4176140  0.8352731
 1700.7 1703.6  0.4123354 18.4242592  0.8351234
 1703.6 1706.5  0.4122365 18.4287281  0.8350045
 1706.5 1709.4  0.4121377 18.4331970  0.8348857
 1709.4 1712.3  0.4120387 18.4376659  0.8347668
 1712.3 1715.3  0.4119399 18.4421349  0.8346480
 1715.3 1718.2  0.4118376 18.4467583  0.8345250
 1718.2 1721.2  0.4117387 18.4512272  0.8344061
 1721.2 1724.1  0.4116364 18.4558506  0.8342832
 1724.1 1727.1  0.4115375 18.4603195  0.8341643
 1727.1 1730.1  0.4114352 18.4649410  0.8340414
 1730.1 1733.1  0.4113329 18.4695644  0.8339184
 1733.1 1736.1  0.4112306 18.4741879  0.8337954
 1736.1 1739.1  0.4111283 18.4788094  0.8336725
 1739.1 1742.2  0.4110260 18.4834328  0.8335495
 1742.2 1745.2  0.4109203 18.4882107  0.8334224
 1745.2 1748.3  0.4108180 18.4928322  0.8332995
 1748.3 1751.3  0.4107123 18.4976101  0.8331724
 1751.3 1754.4  0.4106100 18.5022335  0.8330495
 1754.4 1757.5  0.4105006 18.5071888  0.8329127
 1757.5 1760.6  0.4103666 18.5133457  0.8327110
 1760.6 1763.7  0.4102326 18.5195026  0.8325093
 1763.7 1766.8  0.4100986 18.5256596  0.8323076
 1766.8 1769.9  0.4099645 18.5318184  0.8321059
 1769.9 1773.0  0.4098305 18.5379753  0.8319042
 1773.0 1776.2  0.4097065 18.5437679  0.8316942
 1776.2 1779.4  0.4095788 18.5497341  0.8314773
 1779.4 1782.5  0.4094511 18.5557003  0.8312603
 1782.5 1785.7  0.4093274 18.5614815  0.8310501
 1785.7 1788.9  0.4091998 18.5674477  0.8308331
 1788.9 1792.1  0.4090822 18.5730629  0.8306078
 1792.1 1795.3  0.4089658 18.5786419  0.8303816
 1795.3 1798.6  0.4088493 18.5842209  0.8301554
 1798.6 1801.8  0.4087292 18.5899734  0.8299221
 1801.8 1805.1  0.4086127 18.5955524  0.8296958
 1805.1 1808.3  0.4085011 18.6010780  0.8294457
 1808.3 1811.6  0.4083933 18.6064205  0.8292020
 1811.6 1814.9  0.4082823 18.6119308  0.8289508
 1814.9 1818.2  0.4081711 18.6174393  0.8286995
 1818.2 1821.5  0.4080611 18.6229153  0.8284481
 1821.5 1824.8  0.4079663 18.6278496  0.8281935
 1824.8 1828.2  0.4078716 18.6327839  0.8279390
 1828.2 1831.5  0.4077740 18.6378670  0.8276767
 1831.5 1834.9  0.4076793 18.6428013  0.8274221
 1834.9 1838.2  0.4075817 18.6478863  0.8271599
 1838.2 1841.6  0.4075005 18.6524124  0.8268939
 1841.6 1845.0  0.4074172 18.6570644  0.8266194
 1845.0 1848.4  0.4073340 18.6617146  0.8263450
 1848.4 1851.9  0.4072508 18.6663666  0.8260705
 1851.9 1855.3  0.4071651 18.6711540  0.8257880
 1855.3 1858.7  0.4070950 18.6754951  0.8254926
 1858.7 1862.2  0.4070253 18.6798267  0.8251965
 1862.2 1865.7  0.4069535 18.6842842  0.8248917
 1865.7 1869.2  0.4068817 18.6887436  0.8245869
 1869.2 1872.7  0.4068110 18.6931686  0.8242818
 1872.7 1876.2  0.4067579 18.6970444  0.8239715
 1876.2 1879.7  0.4067048 18.7009182  0.8236611
 1879.7 1883.2  0.4066517 18.7047939  0.8233508
 1883.2 1886.8  0.4065986 18.7086678  0.8230404
 1886.8 1890.4  0.4065439 18.7126541  0.8227212
 1890.4 1893.9  0.4065066 18.7161827  0.8223870
 1893.9 1897.5  0.4064714 18.7195892  0.8220613
 1897.5 1901.1  0.4064351 18.7230911  0.8217262
 1901.1 1904.8  0.4063988 18.7265949  0.8213912
 1904.8 1908.4  0.4063615 18.7301941  0.8210468
 1908.4 1912.0  0.4063434 18.7333069  0.8206863
 1912.0 1915.7  0.4063264 18.7363968  0.8203244
 1915.7 1919.4  0.4063089 18.7395725  0.8199524
 1919.4 1923.1  0.4062914 18.7427483  0.8195804
 1923.1 1926.8  0.4062745 18.7459087  0.8192083
 1926.8 1930.5  0.4062786 18.7484875  0.8188279
 1930.5 1934.2  0.4062828 18.7510662  0.8184475
 1934.2 1938.0  0.4062869 18.7536449  0.8180671
 1938.0 1941.7  0.4062911 18.7562943  0.8176764
 1941.7 1945.5  0.4062953 18.7588730  0.8172961
 1945.5 1949.3  0.4063208 18.7610264  0.8168867
 1949.3 1953.1  0.4063482 18.7631378  0.8164757
 1953.1 1956.9  0.4063756 18.7652493  0.8160647
 1956.9 1960.8  0.4064030 18.7673607  0.8156537
 1960.8 1964.6  0.4064312 18.7695274  0.8152319
 1964.6 1968.5  0.4064817 18.7711811  0.8147904
 1968.5 1972.4  0.4065350 18.7728539  0.8143355
 1972.4 1976.3  0.4065882 18.7745266  0.8138805
 1976.3 1980.2  0.4066414 18.7761993  0.8134256
 1980.2 1984.1  0.4066956 18.7778454  0.8129702
 1984.1 1988.1  0.4067681 18.7790165  0.8125069
 1988.1 1992.0  0.4068423 18.7802181  0.8120317
 1992.0 1996.0  0.4069147 18.7813873  0.8115684
 1996.0 2000.0  0.4069890 18.7825890  0.8110932
 2000.0 2004.0  0.4070633 18.7837887  0.8106179
 2004.0 2008.0  0.4071574 18.7846184  0.8101109
 2008.0 2012.1  0.4072515 18.7854500  0.8096038
 2012.1 2016.1  0.4073479 18.7863007  0.8090841
 2016.1 2020.2  0.4074421 18.7871304  0.8085771
 2020.2 2024.3  0.4075390 18.7879677  0.8080571
 2024.3 2028.4  0.4076462 18.7885094  0.8075324
 2028.4 2032.5  0.4077534 18.7890530  0.8070076
 2032.5 2036.7  0.4078606 18.7895947  0.8064829
 2036.7 2040.8  0.4079705 18.7901516  0.8059453
 2040.8 2045.0  0.4080777 18.7906933  0.8054206
 2045.0 2049.2  0.4081957 18.7910728  0.8048676
 2049.2 2053.4  0.4083141 18.7914429  0.8043138
 2053.4 2057.6  0.4084326 18.7918129  0.8037601
 2057.6 2061.9  0.4085510 18.7921848  0.8032063
 2061.9 2066.1  0.4086723 18.7925625  0.8026394
 2066.1 2070.4  0.4087969 18.7928753  0.8020586
 2070.4 2074.7  0.4089246 18.7931938  0.8014634
 2074.7 2079.0  0.4090523 18.7935123  0.8008682
 2079.0 2083.3  0.4091801 18.7938328  0.8002730
 2083.3 2087.7  0.4093076 18.7941551  0.7996769
 2087.7 2092.1  0.4094358 18.7945461  0.7990558
 2092.1 2096.4  0.4095640 18.7949390  0.7984346
 2096.4 2100.8  0.4096892 18.7953224  0.7978277
 2100.8 2105.3  0.4098175 18.7957134  0.7972065
 2105.3 2109.7  0.4099478 18.7961273  0.7965715
 2109.7 2114.2  0.4100646 18.7967167  0.7959543
 2114.2 2118.6  0.4101842 18.7973213  0.7953230
 2118.6 2123.1  0.4103010 18.7979107  0.7947057
 2123.1 2127.7  0.4104206 18.7985153  0.7940745
 2127.7 2132.2  0.4105428 18.7991314  0.7934292
 2132.2 2136.8  0.4106478 18.8000755  0.7927910
 2136.8 2141.3  0.4107541 18.8010674  0.7921381
 2141.3 2145.9  0.4108582 18.8020363  0.7914994
 2145.9 2150.5  0.4109645 18.8030262  0.7908465
 2150.5 2155.2  0.4110708 18.8040180  0.7901936
 2155.2 2159.8  0.4111620 18.8056469  0.7894831
 2159.8 2164.5  0.4112491 18.8073139  0.7887827
 2164.5 2169.2  0.4113381 18.8090191  0.7880670
 2169.2 2173.9  0.4114272 18.8107224  0.7873514
 2173.9 2178.6  0.4115162 18.8124256  0.7866358
 2178.6 2183.4  0.4115666 18.8145351  0.7860123
 2183.4 2188.2  0.4116172 18.8167000  0.7853777
 2188.2 2193.0  0.4116678 18.8188648  0.7847431
 2193.0 2197.8  0.4117184 18.8210278  0.7841085
 2197.8 2202.6  0.4117690 18.8231926  0.7834738
 2202.6 2207.5  0.4117990 18.8261185  0.7827864
 2207.5 2212.4  0.4118119 18.8297634  0.7820390
 2212.4 2217.3  0.4118247 18.8334064  0.7812917
 2217.3 2222.2  0.4118375 18.8370514  0.7805443
 2222.2 2227.2  0.4118483 18.8407383  0.7797986
 2227.2 2232.1  0.4118088 18.8454933  0.7790765
 2232.1 2237.1  0.4117700 18.8501549  0.7783687
 2237.1 2242.2  0.4117304 18.8549099  0.7776465
 2242.2 2247.2  0.4116901 18.8597603  0.7769099
 2247.2 2252.3  0.4116480 18.8645706  0.7761888
 2252.3 2257.3  0.4115439 18.8708172  0.7754770
 2257.3 2262.4  0.4114419 18.8769417  0.7747792
 2262.4 2267.6  0.4113378 18.8831882  0.7740675
 2267.6 2272.7  0.4112317 18.8895569  0.7733417
 2272.7 2277.9  0.4111276 18.8958035  0.7726300
 2277.9 2283.1  0.4109437 18.9040375  0.7719060
 2283.1 2288.3  0.4107549 18.9123859  0.7711821
 2288.3 2293.6  0.4105662 18.9207325  0.7704583
 2293.6 2298.9  0.4103739 18.9292412  0.7697206
 2298.9 2304.1  0.4101815 18.9377499  0.7689828
 2304.1 2309.5  0.4099080 18.9479752  0.7682921
 2309.5 2314.8  0.4096223 18.9586334  0.7675756
 2314.8 2320.2  0.4093419 18.9690952  0.7668724
 2320.2 2325.6  0.4090562 18.9797516  0.7661559
 2325.6 2331.0  0.4087705 18.9904099  0.7654393
 2331.0 2336.4  0.4083768 19.0036221  0.7647359
 2336.4 2341.9  0.4079745 19.0170383  0.7640336
 2341.9 2347.4  0.4075648 19.0307045  0.7633182
 2347.4 2352.9  0.4071550 19.0443687  0.7626028
 2352.9 2358.5  0.4067453 19.0580349  0.7618874
 2358.5 2364.1  0.4062052 19.0748138  0.7611943
 2364.1 2369.7  0.4056629 19.0916462  0.7605019
 2369.7 2375.3  0.4051206 19.1084766  0.7598094
 2375.3 2381.0  0.4045784 19.1253090  0.7591170
 2381.0 2386.6  0.4040264 19.1424408  0.7584122
 2386.6 2392.3  0.4033969 19.1615658  0.7577786
 2392.3 2398.1  0.4027562 19.1810322  0.7571337
 2398.1 2403.8  0.4021043 19.2008419  0.7564774
 2403.8 2409.6  0.4014636 19.2203083  0.7558325
 2409.6 2415.5  0.4008116 19.2401161  0.7551762
 2415.5 2421.3  0.4001102 19.2622604  0.7545636
 2421.3 2427.2  0.3994178 19.2841721  0.7539651
 2427.2 2433.1  0.3987135 19.3064613  0.7533564
 2433.1 2439.0  0.3980092 19.3287506  0.7527477
 2439.0 2445.0  0.3973049 19.3510399  0.7521390
 2445.0 2451.0  0.3966528 19.3742180  0.7516144
 2451.0 2457.0  0.3960007 19.3973961  0.7510898
 2457.0 2463.1  0.3953486 19.4205761  0.7505652
 2463.1 2469.1  0.3946857 19.4441414  0.7500318
 2469.1 2475.2  0.3940364 19.4673042  0.7495093
 2475.2 2481.4  0.3935420 19.4899864  0.7490982
 2481.4 2487.6  0.3930395 19.5130405  0.7486805
 2487.6 2493.8  0.3925369 19.5360947  0.7482626
 2493.8 2500.0  0.3920344 19.5591488  0.7478449
 2500.0 2506.3  0.3915319 19.5822029  0.7474271
 2506.3 2512.6  0.3913103 19.6028595  0.7471602
 2512.6 2518.9  0.3910887 19.6235161  0.7468932
 2518.9 2525.3  0.3908671 19.6441727  0.7466263
 2525.3 2531.6  0.3906420 19.6651573  0.7463552
 2531.6 2538.1  0.3904204 19.6858158  0.7460882
 2538.1 2544.5  0.3905862 19.7034340  0.7459882
 2544.5 2551.0  0.3907749 19.7205448  0.7459011
 2551.0 2557.5  0.3909666 19.7379208  0.7458126
 2557.5 2564.1  0.3911583 19.7552986  0.7457241
 2564.1 2570.7  0.3913619 19.7728500  0.7456378
 2570.7 2577.3  0.3921438 19.7843513  0.7457815
 2577.3 2584.0  0.3929257 19.7958527  0.7459251
 2584.0 2590.7  0.3937194 19.8075275  0.7460710
 2590.7 2597.4  0.3945132 19.8192024  0.7462168
 2597.4 2604.2  0.3953480 19.8303699  0.7463781
 2604.2 2611.0  0.3968506 19.8335781  0.7467881
 2611.0 2617.8  0.3983532 19.8367863  0.7471983
 2617.8 2624.7  0.3998558 19.8399944  0.7476084
 2624.7 2631.6  0.4013805 19.8432484  0.7480245
 2631.6 2638.5  0.4029052 19.8465042  0.7484407
 2638.5 2645.5  0.4052204 19.8405647  0.7491220
 2645.5 2652.5  0.4076185 19.8339672  0.7498298
 2652.5 2659.6  0.4100165 19.8273678  0.7505376
 2659.6 2666.7  0.4124489 19.8206730  0.7512555
 2666.7 2673.8  0.4148812 19.8139801  0.7519734
 2673.8 2681.0  0.4180540 19.7978992  0.7529038
 2681.0 2688.2  0.4213046 19.7811718  0.7538568
 2688.2 2695.4  0.4245552 19.7644444  0.7548099
 2695.4 2702.7  0.4278058 19.7477169  0.7557629
 2702.7 2710.0  0.4311016 19.7307549  0.7567291
 2710.0 2717.4  0.4350648 19.7046909  0.7578377
 2717.4 2724.8  0.4391112 19.6778736  0.7589677
 2724.8 2732.2  0.4431578 19.6510544  0.7600977
 2732.2 2739.7  0.4472042 19.6242371  0.7612276
 2739.7 2747.3  0.4513053 19.5970573  0.7623729
 2747.3 2754.8  0.4560515 19.5606308  0.7635957
 2754.8 2762.4  0.4607592 19.5243225  0.7648050
 2762.4 2770.1  0.4655295 19.4875317  0.7660304
 2770.1 2777.8  0.4703628 19.4502563  0.7672719
 2777.8 2785.5  0.4751959 19.4129791  0.7685134
 2785.5 2793.3  0.4805197 19.3672333  0.7697234
 2793.3 2801.1  0.4859259 19.3206615  0.7709484
 2801.1 2809.0  0.4913321 19.2740898  0.7721732
 2809.0 2816.9  0.4968076 19.2269230  0.7734138
 2816.9 2824.9  0.5022830 19.1797543  0.7746544
 2824.9 2832.9  0.5082904 19.1230049  0.7757795
 2832.9 2840.9  0.5143036 19.0661411  0.7769030
 2840.9 2849.0  0.5203167 19.0092773  0.7780265
 2849.0 2857.1  0.5264052 18.9517021  0.7791640
 2857.1 2865.3  0.5324948 18.8940506  0.7802979
 2865.3 2873.6  0.5387620 18.8295307  0.7811544
 2873.6 2881.8  0.5451057 18.7642250  0.7820213
 2881.8 2890.2  0.5513729 18.6997051  0.7828778
 2890.2 2898.6  0.5577928 18.6336117  0.7837551
 2898.6 2907.0  0.5642130 18.5675182  0.7846325
 2907.0 2915.5  0.5708836 18.4929543  0.7851301
 2915.5 2924.0  0.5776464 18.4170742  0.7856144
 2924.0 2932.6  0.5844091 18.3411922  0.7860988
 2932.6 2941.2  0.5912515 18.2644196  0.7865888
 2941.2 2949.9  0.5980909 18.1875286  0.7870676
 2949.9 2958.6  0.6048909 18.1047363  0.7870753
 2958.6 2967.4  0.6116912 18.0219402  0.7870830
 2967.4 2976.2  0.6185693 17.9381981  0.7870908
 2976.2 2985.1  0.6254476 17.8544521  0.7870986
 2985.1 2994.0  0.6324030 17.7696934  0.7871014
 2994.0 3003.0  0.6392655 17.6796818  0.7866594
 3003.0 3012.0  0.6462052 17.5886574  0.7862123
 3012.0 3021.1  0.6531449 17.4976311  0.7857652
 3021.1 3030.3  0.6601618 17.4055939  0.7853132
 3030.3 3039.5  0.6672432 17.3125134  0.7848449
 3039.5 3048.8  0.6739555 17.2183990  0.7840404
 3048.8 3058.1  0.6807408 17.1232624  0.7832272
 3058.1 3067.5  0.6875261 17.0281258  0.7824140
 3067.5 3076.9  0.6943842 16.9319687  0.7815920
 3076.9 3086.4  0.7012424 16.8358097  0.7807701
 3086.4 3096.0  0.7077772 16.7381210  0.7796798
 3096.0 3105.6  0.7143767 16.6393967  0.7785752
 3105.6 3115.3  0.7209761 16.5406723  0.7774706
 3115.3 3125.0  0.7276442 16.4409218  0.7763546
 3125.0 3134.8  0.7343123 16.3411713  0.7752386
 3134.8 3144.7  0.7402787 16.2458286  0.7740084
 3144.7 3154.6  0.7463059 16.1495152  0.7727657
 3154.6 3164.6  0.7523333 16.0531979  0.7715229
 3164.6 3174.6  0.7584215 15.9559107  0.7702677
 3174.6 3184.7  0.7645096 15.8586235  0.7690124
 3184.7 3194.9  0.7698589 15.7667646  0.7677531
 3194.9 3205.1  0.7752278 15.6742630  0.7664816
 3205.1 3215.4  0.7805970 15.5817585  0.7652102
 3215.4 3225.8  0.7860185 15.4883509  0.7639263
 3225.8 3236.2  0.7914172 15.3947458  0.7626398
 3236.2 3246.8  0.7959092 15.3096924  0.7614723
 3246.8 3257.3  0.8004875 15.2230015  0.7602823
 3257.3 3268.0  0.8050226 15.1371288  0.7591036
 3268.0 3278.7  0.8096441 15.0496206  0.7579024
 3278.7 3289.5  0.8139288 14.9653225  0.7567604
 3289.5 3300.3  0.8176105 14.8863649  0.7557206
 3300.3 3311.3  0.8212922 14.8074074  0.7546807
 3311.3 3322.3  0.8250421 14.7269888  0.7536216
 3322.3 3333.3  0.8287920 14.6465693  0.7525625
 3333.3 3344.5  0.8319092 14.5716038  0.7516174
 3344.5 3355.7  0.8348736 14.4970827  0.7506928
 3355.7 3367.0  0.8378379 14.4225607  0.7497683
 3367.0 3378.4  0.8408287 14.3473740  0.7488354
 3378.4 3389.8  0.8434984 14.2780962  0.7479866
 3389.8 3401.4  0.8453503 14.2242899  0.7473549
 3401.4 3413.0  0.8472346 14.1695404  0.7467120
 3413.0 3424.7  0.8491190 14.1147890  0.7460691
 3424.7 3436.4  0.8510196 14.0595675  0.7454208
 3436.4 3448.3  0.8553554 13.8866720  0.7436382
 3448.3 3460.2  0.8598306 13.7076674  0.7417946
 3460.2 3472.2  0.8616884 13.6197290  0.7409587
 3472.2 3484.3  0.8631219 13.5463543  0.7402850
 3484.3 3496.5  0.8645674 13.4723682  0.7396057
 3496.5 3508.8  0.8660248 13.3977709  0.7389209
 3508.8 3521.1  0.8674942 13.3225622  0.7382303
 3521.1 3533.6  0.8689635 13.2473526  0.7375398
 3533.6 3546.1  0.8704568 13.1709213  0.7368380
 3546.1 3558.7  0.8719500 13.0944891  0.7361363
 3558.7 3571.4  0.8731613 13.0154610  0.7354949
 3571.4 3584.2  0.8742493 12.9349070  0.7348781
 3584.2 3597.1  0.8753459 12.8537178  0.7342564
 3597.1 3610.1  0.8764511 12.7718945  0.7336299
 3610.1 3623.2  0.8775648 12.6894379  0.7329985
 3623.2 3636.4  0.8786871 12.6063471  0.7323624
 3636.4 3649.6  0.8798180 12.5226221  0.7317213
 3649.6 3663.0  0.8809488 12.4388952  0.7310802
 3663.0 3676.5  0.8818480 12.3522024  0.7305217
 3676.5 3690.0  0.8827460 12.2648096  0.7299620
 3690.0 3703.7  0.8836442 12.1774168  0.7294022
 3703.7 3717.5  0.8845556 12.0887299  0.7288342
 3717.5 3731.3  0.8854736 11.9993954  0.7282619
 3731.3 3745.3  0.8863917 11.9100599  0.7276897
 3745.3 3759.4  0.8873230 11.8194304  0.7271092
 3759.4 3773.6  0.8881820 11.7284279  0.7265944
 3773.6 3787.9  0.8890073 11.6369152  0.7261111
 3787.9 3802.3  0.8898383 11.5447607  0.7256245
 3802.3 3816.8  0.8906752 11.4519596  0.7251344
 3816.8 3831.4  0.8915178 11.3585157  0.7246410
 3831.4 3846.2  0.8923663 11.2644272  0.7241441
 3846.2 3861.0  0.8932264 11.1690493  0.7236404
 3861.0 3876.0  0.8940667 11.0754871  0.7232157
 3876.0 3891.1  0.8949113 10.9812965  0.7228128
 3891.1 3906.2  0.8957616 10.8864784  0.7224073
 3906.2 3921.6  0.8966119 10.7916613  0.7220017
 3921.6 3937.0  0.8974790 10.6949577  0.7215881
 3937.0 3952.6  0.8983462 10.5982571  0.7211745
 3952.6 3968.3  0.8992234 10.5010090  0.7207713
 3968.3 3984.1  0.9001004 10.4067106  0.7204445
 3984.1 4000.0  0.9009830 10.3118114  0.7201157
 4000.0 4016.1  0.9018711 10.2163124  0.7197848
 4016.1 4032.3  0.9027704 10.1196117  0.7194497
 4032.3 4048.6  0.9036753 10.0223103  0.7191126
 4048.6 4065.0  0.9045858  9.9244089  0.7187734
 4065.0 4081.6  0.9054877  9.8312616  0.7185034
 4081.6 4098.4  0.9063992  9.7374830  0.7182368
 4098.4 4115.2  0.9073217  9.6425762  0.7179671
 4115.2 4132.2  0.9082443  9.5476665  0.7176973
 4132.2 4149.4  0.9091778  9.4516296  0.7174243
 4149.4 4166.7  0.9101222  9.3544636  0.7171482
 4166.7 4184.1  0.9110422  9.2630463  0.7169321
 4184.1 4201.7  0.9119663  9.1713314  0.7167169
 4201.7 4219.4  0.9129012  9.0785608  0.7164993
 4219.4 4237.3  0.9138412  8.9852657  0.7162805
 4237.3 4255.3  0.9147919  8.8909159  0.7160592
 4255.3 4273.5  0.9157323  8.7979002  0.7158516
 4273.5 4291.8  0.9166452  8.7083616  0.7156778
 4291.8 4310.3  0.9175631  8.6183338  0.7155030
 4310.3 4329.0  0.9184911  8.5273218  0.7153264
 4329.0 4347.8  0.9194291  8.4353237  0.7151478
 4347.8 4366.8  0.9203720  8.3428364  0.7149683
 4366.8 4386.0  0.9212592  8.2547884  0.7148220
 4386.0 4405.3  0.9221471  8.1665306  0.7146788
 4405.3 4424.8  0.9230396  8.0778141  0.7145349
 4424.8 4444.4  0.9239413  7.9881783  0.7143894
 4444.4 4464.3  0.9248475  7.8980823  0.7142433
 4464.3 4484.3  0.9257103  7.8107467  0.7141179
 4484.3 4504.5  0.9265549  7.7246013  0.7140009
 4504.5 4524.9  0.9274078  7.6375933  0.7138828
 4524.9 4545.5  0.9282692  7.5497251  0.7137635
 4545.5 4566.2  0.9291391  7.4609947  0.7136430
 4566.2 4587.2  0.9299568  7.3759394  0.7135434
 4587.2 4608.3  0.9307705  7.2908101  0.7134485
 4608.3 4629.6  0.9315881  7.2052765  0.7133530
 4629.6 4651.2  0.9324134  7.1189299  0.7132566
 4651.2 4672.9  0.9332469  7.0316367  0.7131602
 4672.9 4694.8  0.9340234  6.9485354  0.7130857
 4694.8 4717.0  0.9348071  6.8646679  0.7130105
 4717.0 4739.3  0.9356015  6.7796502  0.7129343
 4739.3 4761.9  0.9363995  6.6942511  0.7128577
 4761.9 4784.7  0.9371780  6.6101041  0.7127908
 4784.7 4807.7  0.9379358  6.5273910  0.7127329
 4807.7 4830.9  0.9387003  6.4439535  0.7126744
 4830.9 4854.4  0.9394714  6.3597913  0.7126155
 4854.4 4878.0  0.9402428  6.2753577  0.7125590
 4878.0 4902.0  0.9409752  6.1941299  0.7125161
 4902.0 4926.1  0.9417201  6.1115255  0.7124725
 4926.1 4950.5  0.9424680  6.0285764  0.7124287
 4950.5 4975.1  0.9432244  5.9446836  0.7123847
 4975.1 5000.0  0.9439403  5.8643346  0.7123541
 5000.0 5025.1  0.9446650  5.7830067  0.7123232
 5025.1 5050.5  0.9453955  5.7010245  0.7122920
 5050.5 5076.1  0.9461339  5.6181488  0.7122607
 5076.1 5102.0  0.9468349  5.5389094  0.7122403
 5102.0 5128.2  0.9475442  5.4587421  0.7122198
 5128.2 5154.6  0.9482617  5.3776455  0.7121990
 5154.6 5181.3  0.9489774  5.2967196  0.7121795
 5181.3 5208.3  0.9496669  5.2186561  0.7121671
 5208.3 5235.6  0.9503641  5.1397142  0.7121546
 5235.6 5263.2  0.9510691  5.0598946  0.7121420
 5263.2 5291.0  0.9517626  4.9815412  0.7121322
 5291.0 5319.1  0.9524401  4.9051948  0.7121255
 5319.1 5347.6  0.9531249  4.8280234  0.7121189
 5347.6 5376.3  0.9538195  4.7497540  0.7121121
 5376.3 5405.4  0.9544824  4.6759057  0.7121086
 5405.4 5434.8  0.9551513  4.6014872  0.7121053
 5434.8 5464.5  0.9558271  4.5263014  0.7121021
 5464.5 5494.5  0.9564899  4.4533401  0.7120993
 5494.5 5524.9  0.9571383  4.3828096  0.7120969
 5524.9 5555.6  0.9577954  4.3113394  0.7120945
 5555.6 5586.6  0.9584515  4.2403994  0.7120919
 5586.6 5618.0  0.9590799  4.1743612  0.7120881
 5618.0 5649.7  0.9597163  4.1074715  0.7120843
 5649.7 5681.8  0.9603588  4.0399418  0.7120805
 5681.8 5714.3  0.9609703  3.9781950  0.7120740
 5714.3 5747.1  0.9615891  3.9157412  0.7120675
 5747.1 5780.3  0.9622136  3.8527102  0.7120609
 5780.3 5814.0  0.9628144  3.7942164  0.7120520
 5814.0 5848.0  0.9634212  3.7353563  0.7120429
 5848.0 5882.4  0.9640334  3.6759722  0.7120337
 5882.4 5917.2  0.9646252  3.6205292  0.7120224
 5917.2 5952.4  0.9652222  3.5647306  0.7120108
 5952.4 5988.0  0.9658244  3.5085695  0.7119989
 5988.0 6024.1  0.9664103  3.4556100  0.7119853
 6024.1 6060.6  0.9670045  3.4019067  0.7119713
 6060.6 6097.6  0.9675993  3.3485837  0.7119569
 6097.6 6135.0  0.9681875  3.2969446  0.7119409
 6135.0 6172.8  0.9687820  3.2447476  0.7119249
 6172.8 6211.2  0.9693728  3.1936126  0.7119077
 6211.2 6250.0  0.9699662  3.1427474  0.7118896
 6250.0 6289.3  0.9705657  3.0913534  0.7118713
 6289.3 6329.1  0.9711595  3.0413537  0.7118513
 6329.1 6369.4  0.9717608  2.9907172  0.7118310
 6369.4 6410.3  0.9723648  2.9401288  0.7118099
 6410.3 6451.6  0.9729724  2.8895352  0.7117877
 6451.6 6493.5  0.9735856  2.8384769  0.7117653
 6493.5 6535.9  0.9742010  2.7874534  0.7117412
 6535.9 6578.9  0.9748237  2.7358212  0.7117168
 6578.9 6622.5  0.9754527  2.6835706  0.7116912
 6622.5 6666.7  0.9760891  2.6306462  0.7116647
 6666.7 6711.4  0.9767340  2.5768039  0.7116373
 6711.4 6756.8  0.9773858  2.5220368  0.7116088
 6756.8 6802.7  0.9780483  2.4662328  0.7115795
 6802.7 6849.3  0.9787201  2.4087853  0.7115487
 6849.3 6896.6  0.9794021  2.3504632  0.7115174
 6896.6 6944.4  0.9800979  2.2897422  0.7114837
 6944.4 6993.0  0.9808011  2.2283568  0.7114496
 6993.0 7042.3  0.9815161  2.1648836  0.7114126
 7042.3 7092.2  0.9822413  2.1003566  0.7113747
 7092.2 7142.9  0.9829708  2.0345862  0.7113333
 7142.9 7194.2  0.9837111  1.9676776  0.7112905
 7194.2 7246.4  0.9844502  1.9001002  0.7112433
 7246.4 7299.3  0.9852006  1.8313584  0.7111945
 7299.3 7352.9  0.9859440  1.7625095  0.7111391
 7352.9 7407.4  0.9866945  1.6928988  0.7110822
 7407.4 7462.7  0.9874328  1.6237056  0.7110167
 7462.7 7518.8  0.9881740  1.5540802  0.7109480
 7518.8 7575.8  0.9888986  1.4854352  0.7108706
 7575.8 7633.6  0.9896144  1.4173037  0.7107863
 7633.6 7692.3  0.9903151  1.3501964  0.7106940
 7692.3 7751.9  0.9909847  1.2854794  0.7105892
 7751.9 7812.5  0.9916458  1.2213161  0.7104779
 7812.5 7874.0  0.9922468  1.1620790  0.7103462
 7874.0 7936.5  0.9928213  1.1050014  0.7102035
 7936.5 8000.0  0.9933490  1.0518217  0.7100441
 8000.0 8064.5  0.9937959  1.0055361  0.7098595
 8064.5 8130.1  0.9941944  0.9633716  0.7096580
 8130.1 8196.7  0.9944906  0.9300481  0.7094257
 8196.7 8264.5  0.9946711  0.9068159  0.7091597
 8264.5 8333.3  0.9947579  0.8917217  0.7088646
 8333.3 8403.4  0.9946789  0.8911712  0.7085233
 8403.4 8474.6  0.9944013  0.9081028  0.7081265
 8474.6 8547.0  0.9940568  0.9308562  0.7077078
 8547.0 8620.7  0.9937063  0.9539933  0.7072821
 8620.7 8695.7  0.9933496  0.9775459  0.7068487
 8695.7 8771.9  0.9929866  1.0015138  0.7064078
 8771.9 8849.6  0.9926178  1.0258653  0.7059597
 8849.6 8928.6  0.9922418  1.0506959  0.7055029
 8928.6 9009.0  0.9918594  1.0759422  0.7050383
 9009.0 9090.9  0.9914703  1.1016359  0.7045656
 9090.9 9174.3  0.9910739  1.1278090  0.7040840
 9174.3 9259.3  0.9906703  1.1544613  0.7035936
 9259.3 9345.8  0.9902589  1.1816249  0.7030938
 9345.8 9434.0  0.9898402  1.2092680  0.7025852
 9434.0 9523.8  0.9894133  1.2374543  0.7020665
 9523.8 9615.4  0.9889787  1.2661519  0.7015386
 9615.4 9708.7  0.9885353  1.2954249  0.7009999
 9708.7 9803.9  0.9880838  1.3252411  0.7004513
 9803.9 9901.0  0.9876230  1.3556644  0.6998916
 9901.0 9911.0  0.9871531  1.3866948  0.6993206
