 1176.5 1177.9  0.3321452 30.8453388  0.9364251
 1177.9 1179.2  0.3319383 30.8706512  0.9364401
 1179.2 1180.6  0.3317461 30.8941555  0.9364538
 1180.6 1182.0  0.3315391 30.9194679  0.9364687
 1182.0 1183.4  0.3313321 30.9447823  0.9364836
 1183.4 1184.8  0.3311252 30.9700947  0.9364985
 1184.8 1186.2  0.3309182 30.9954090  0.9365134
 1186.2 1187.6  0.3307112 31.0207195  0.9365282
 1187.6 1189.1  0.3305043 31.0460339  0.9365431
 1189.1 1190.5  0.3302825 31.0731544  0.9365590
 1190.5 1191.9  0.3300755 31.0984669  0.9365739
 1191.9 1193.3  0.3298686 31.1237812  0.9365888
 1193.3 1194.7  0.3296616 31.1490936  0.9366037
 1194.7 1196.2  0.3294546 31.1744061  0.9366185
 1196.2 1197.6  0.3292329 31.2015266  0.9366345
 1197.6 1199.0  0.3290259 31.2268391  0.9366493
 1199.0 1200.5  0.3288189 31.2521534  0.9366642
 1200.5 1201.9  0.3285972 31.2792740  0.9366801
 1201.9 1203.4  0.3283902 31.3045883  0.9366950
 1203.4 1204.8  0.3281684 31.3317089  0.9367110
 1204.8 1206.3  0.3279614 31.3570213  0.9367259
 1206.3 1207.7  0.3277397 31.3841438  0.9367418
 1207.7 1209.2  0.3275327 31.4094543  0.9367567
 1209.2 1210.7  0.3273110 31.4365749  0.9367726
 1210.7 1212.1  0.3270892 31.4636955  0.9367885
 1212.1 1213.6  0.3268822 31.4890099  0.9368034
 1213.6 1215.1  0.3266605 31.5161304  0.9368193
 1215.1 1216.5  0.3264388 31.5432510  0.9368353
 1216.5 1218.0  0.3262318 31.5685654  0.9368501
 1218.0 1219.5  0.3260100 31.5956860  0.9368660
 1219.5 1221.0  0.3257883 31.6228065  0.9368820
 1221.0 1222.5  0.3255665 31.6499271  0.9368979
 1222.5 1224.0  0.3253447 31.6770496  0.9369139
 1224.0 1225.5  0.3251230 31.7041702  0.9369298
 1225.5 1227.0  0.3249012 31.7312908  0.9369457
 1227.0 1228.5  0.3246795 31.7584114  0.9369617
 1228.5 1230.0  0.3244577 31.7855320  0.9369776
 1230.0 1231.5  0.3242360 31.8126545  0.9369936
 1231.5 1233.0  0.3240142 31.8397751  0.9370095
 1233.0 1234.6  0.3237925 31.8668957  0.9370254
 1234.6 1236.1  0.3235559 31.8958244  0.9370424
 1236.1 1237.6  0.3233342 31.9229450  0.9370584
 1237.6 1239.2  0.3231124 31.9500656  0.9370743
 1239.2 1240.7  0.3228759 31.9789944  0.9370913
 1240.7 1242.2  0.3226541 32.0061150  0.9371073
 1242.2 1243.8  0.3224324 32.0332375  0.9371232
 1243.8 1245.3  0.3221958 32.0621681  0.9371402
 1245.3 1246.9  0.3219741 32.0892906  0.9371561
 1246.9 1248.4  0.3217375 32.1182175  0.9371731
 1248.4 1250.0  0.3215158 32.1453400  0.9371890
 1250.0 1251.6  0.3212792 32.1742668  0.9372060
 1251.6 1253.1  0.3210427 32.2031975  0.9372231
 1253.1 1254.7  0.3208209 32.2303162  0.9372390
 1254.7 1256.3  0.3205844 32.2592468  0.9372560
 1256.3 1257.9  0.3203478 32.2881775  0.9372730
 1257.9 1259.4  0.3201113 32.3171043  0.9372900
 1259.4 1261.0  0.3198896 32.3442268  0.9373059
 1261.0 1262.6  0.3196530 32.3731537  0.9373229
 1262.6 1264.2  0.3194165 32.4020844  0.9373399
 1264.2 1265.8  0.3191800 32.4310112  0.9373569
 1265.8 1267.4  0.3189434 32.4599419  0.9373739
 1267.4 1269.0  0.3187069 32.4888725  0.9373909
 1269.0 1270.6  0.3184703 32.5177994  0.9374079
 1270.6 1272.3  0.3182338 32.5467300  0.9374249
 1272.3 1273.9  0.3179825 32.5774651  0.9374430
 1273.9 1275.5  0.3177459 32.6063957  0.9374600
 1275.5 1277.1  0.3175094 32.6353226  0.9374770
 1277.1 1278.8  0.3172728 32.6642532  0.9374940
 1278.8 1280.4  0.3170215 32.6949921  0.9375120
 1280.4 1282.1  0.3167850 32.7239189  0.9375290
 1282.1 1283.7  0.3165337 32.7546577  0.9375471
 1283.7 1285.3  0.3162971 32.7835846  0.9375641
 1285.3 1287.0  0.3160606 32.8125153  0.9375811
 1287.0 1288.7  0.3158093 32.8432503  0.9375992
 1288.7 1290.3  0.3155580 32.8739891  0.9376172
 1290.3 1292.0  0.3153214 32.9029198  0.9376342
 1292.0 1293.7  0.3150701 32.9336548  0.9376523
 1293.7 1295.3  0.3148188 32.9643898  0.9376704
 1295.3 1297.0  0.3145822 32.9933205  0.9376873
 1297.0 1298.7  0.3143309 33.0240593  0.9377054
 1298.7 1300.4  0.3140796 33.0547943  0.9377235
 1300.4 1302.1  0.3138473 33.0832443  0.9377384
 1302.1 1303.8  0.3136768 33.1042633  0.9377431
 1303.8 1305.5  0.3135064 33.1252785  0.9377478
 1305.5 1307.2  0.3133359 33.1462936  0.9377525
 1307.2 1308.9  0.3131655 33.1673126  0.9377572
 1308.9 1310.6  0.3129950 33.1883278  0.9377619
 1310.6 1312.3  0.3128245 33.2093430  0.9377666
 1312.3 1314.1  0.3126541 33.2303619  0.9377713
 1314.1 1315.8  0.3124736 33.2526131  0.9377763
 1315.8 1317.5  0.3123032 33.2736320  0.9377810
 1317.5 1319.3  0.3121327 33.2946472  0.9377857
 1319.3 1321.0  0.3119522 33.3169022  0.9377906
 1321.0 1322.8  0.3117818 33.3379173  0.9377953
 1322.8 1324.5  0.3116013 33.3601685  0.9378003
 1324.5 1326.3  0.3114308 33.3811874  0.9378050
 1326.3 1328.0  0.3112504 33.4034386  0.9378100
 1328.0 1329.8  0.3110799 33.4244537  0.9378147
 1329.8 1331.6  0.3108994 33.4467087  0.9378197
 1331.6 1333.3  0.3107189 33.4689598  0.9378247
 1333.3 1335.1  0.3105485 33.4899788  0.9378293
 1335.1 1336.9  0.3103680 33.5122299  0.9378343
 1336.9 1338.7  0.3101875 33.5344849  0.9378393
 1338.7 1340.5  0.3100070 33.5567360  0.9378443
 1340.5 1342.3  0.3098266 33.5789871  0.9378492
 1342.3 1344.1  0.3096461 33.6012421  0.9378542
 1344.1 1345.9  0.3094656 33.6234932  0.9378592
 1345.9 1347.7  0.3092851 33.6457481  0.9378642
 1347.7 1349.5  0.3091046 33.6679993  0.9378691
 1349.5 1351.4  0.3089241 33.6902542  0.9378741
 1351.4 1353.2  0.3087453 33.7123947  0.9378751
 1353.2 1355.0  0.3085797 33.7329102  0.9378746
 1355.0 1356.9  0.3084142 33.7534294  0.9378740
 1356.9 1358.7  0.3082394 33.7750893  0.9378734
 1358.7 1360.5  0.3080739 33.7956085  0.9378729
 1360.5 1362.4  0.3079084 33.8161278  0.9378724
 1362.4 1364.3  0.3077336 33.8377838  0.9378718
 1364.3 1366.1  0.3075589 33.8594437  0.9378712
 1366.1 1368.0  0.3073933 33.8799629  0.9378707
 1368.0 1369.9  0.3072186 33.9016228  0.9378701
 1369.9 1371.7  0.3070439 33.9232788  0.9378695
 1371.7 1373.6  0.3068783 33.9437981  0.9378690
 1373.6 1375.5  0.3067036 33.9654579  0.9378684
 1375.5 1377.4  0.3065288 33.9871178  0.9378678
 1377.4 1379.3  0.3063541 34.0087738  0.9378673
 1379.3 1381.2  0.3061793 34.0304337  0.9378667
 1381.2 1383.1  0.3060046 34.0520935  0.9378662
 1383.1 1385.0  0.3058299 34.0737495  0.9378656
 1385.0 1387.0  0.3056551 34.0954094  0.9378650
 1387.0 1388.9  0.3054712 34.1182098  0.9378644
 1388.9 1390.8  0.3052965 34.1398659  0.9378638
 1390.8 1392.8  0.3051217 34.1615257  0.9378632
 1392.8 1394.7  0.3049378 34.1843262  0.9378626
 1394.7 1396.6  0.3047630 34.2059822  0.9378621
 1396.6 1398.6  0.3045883 34.2276421  0.9378615
 1398.6 1400.6  0.3044043 34.2504387  0.9378609
 1400.6 1402.5  0.3042252 34.2726822  0.9378586
 1402.5 1404.5  0.3040655 34.2925835  0.9378529
 1404.5 1406.5  0.3038974 34.3135300  0.9378468
 1406.5 1408.5  0.3037293 34.3344727  0.9378408
 1408.5 1410.4  0.3035612 34.3554192  0.9378347
 1410.4 1412.4  0.3034016 34.3753204  0.9378290
 1412.4 1414.4  0.3032335 34.3962669  0.9378229
 1414.4 1416.4  0.3030654 34.4172134  0.9378169
 1416.4 1418.4  0.3028973 34.4381599  0.9378108
 1418.4 1420.5  0.3027292 34.4591064  0.9378047
 1420.5 1422.5  0.3025527 34.4810982  0.9377983
 1422.5 1424.5  0.3023846 34.5020447  0.9377923
 1424.5 1426.5  0.3022166 34.5229912  0.9377862
 1426.5 1428.6  0.3020485 34.5439377  0.9377801
 1428.6 1430.6  0.3018720 34.5659294  0.9377738
 1430.6 1432.7  0.3017039 34.5868759  0.9377677
 1432.7 1434.7  0.3015274 34.6088676  0.9377614
 1434.7 1436.8  0.3013594 34.6298141  0.9377553
 1436.8 1438.8  0.3011829 34.6518097  0.9377489
 1438.8 1440.9  0.3010148 34.6727562  0.9377429
 1440.9 1443.0  0.3008383 34.6947479  0.9377365
 1443.0 1445.1  0.3006618 34.7167435  0.9377301
 1445.1 1447.2  0.3004853 34.7387352  0.9377238
 1447.2 1449.3  0.3003088 34.7607307  0.9377174
 1449.3 1451.4  0.3001323 34.7827225  0.9377111
 1451.4 1453.5  0.2999665 34.8034630  0.9377013
 1453.5 1455.6  0.2998060 34.8235741  0.9376898
 1455.6 1457.7  0.2996455 34.8436852  0.9376783
 1457.7 1459.9  0.2994849 34.8637962  0.9376669
 1459.9 1462.0  0.2993168 34.8848648  0.9376549
 1462.0 1464.1  0.2991563 34.9049759  0.9376434
 1464.1 1466.3  0.2989958 34.9250870  0.9376320
 1466.3 1468.4  0.2988276 34.9461555  0.9376199
 1468.4 1470.6  0.2986671 34.9662666  0.9376085
 1470.6 1472.8  0.2984989 34.9873352  0.9375964
 1472.8 1474.9  0.2983308 35.0084038  0.9375845
 1474.9 1477.1  0.2981702 35.0285149  0.9375730
 1477.1 1479.3  0.2980021 35.0495834  0.9375610
 1479.3 1481.5  0.2978339 35.0706520  0.9375490
 1481.5 1483.7  0.2976658 35.0917206  0.9375370
 1483.7 1485.9  0.2974976 35.1127892  0.9375250
 1485.9 1488.1  0.2973295 35.1338577  0.9375129
 1488.1 1490.3  0.2971613 35.1549263  0.9375010
 1490.3 1492.5  0.2969931 35.1759949  0.9374889
 1492.5 1494.8  0.2968250 35.1970634  0.9374769
 1494.8 1497.0  0.2966492 35.2190933  0.9374644
 1497.0 1499.3  0.2964810 35.2401619  0.9374524
 1499.3 1501.5  0.2963052 35.2621880  0.9374398
 1501.5 1503.8  0.2961481 35.2819443  0.9374246
 1503.8 1506.0  0.2959892 35.3019638  0.9374071
 1506.0 1508.3  0.2958372 35.3211098  0.9373904
 1508.3 1510.6  0.2956783 35.3411293  0.9373730
 1510.6 1512.9  0.2955194 35.3611450  0.9373555
 1512.9 1515.2  0.2953604 35.3811646  0.9373381
 1515.2 1517.5  0.2952015 35.4011803  0.9373206
 1517.5 1519.8  0.2950426 35.4211998  0.9373031
 1519.8 1522.1  0.2948837 35.4412155  0.9372857
 1522.1 1524.4  0.2947248 35.4612350  0.9372682
 1524.4 1526.7  0.2945659 35.4812508  0.9372507
 1526.7 1529.1  0.2944070 35.5012665  0.9372333
 1529.1 1531.4  0.2942412 35.5221558  0.9372151
 1531.4 1533.7  0.2940823 35.5421753  0.9371976
 1533.7 1536.1  0.2939234 35.5621910  0.9371802
 1536.1 1538.5  0.2937576 35.5830803  0.9371619
 1538.5 1540.8  0.2935917 35.6039696  0.9371437
 1540.8 1543.2  0.2934328 35.6239853  0.9371263
 1543.2 1545.6  0.2932670 35.6448746  0.9371080
 1545.6 1548.0  0.2931012 35.6657600  0.9370898
 1548.0 1550.4  0.2929354 35.6866493  0.9370716
 1550.4 1552.8  0.2927724 35.7071953  0.9370527
 1552.8 1555.2  0.2926238 35.7260246  0.9370300
 1555.2 1557.6  0.2924751 35.7448540  0.9370072
 1557.6 1560.1  0.2923265 35.7636833  0.9369845
 1560.1 1562.5  0.2921716 35.7832985  0.9369609
 1562.5 1564.9  0.2920229 35.8021278  0.9369382
 1564.9 1567.4  0.2918743 35.8209572  0.9369155
 1567.4 1569.9  0.2917194 35.8405724  0.9368919
 1569.9 1572.3  0.2915646 35.8601875  0.9368682
 1572.3 1574.8  0.2914159 35.8790169  0.9368455
 1574.8 1577.3  0.2912610 35.8986320  0.9368219
 1577.3 1579.8  0.2911062 35.9182472  0.9367982
 1579.8 1582.3  0.2909513 35.9378624  0.9367746
 1582.3 1584.8  0.2907965 35.9574776  0.9367509
 1584.8 1587.3  0.2906416 35.9770927  0.9367273
 1587.3 1589.8  0.2904868 35.9967041  0.9367036
 1589.8 1592.4  0.2903319 36.0163193  0.9366800
 1592.4 1594.9  0.2901708 36.0367203  0.9366554
 1594.9 1597.4  0.2900160 36.0563354  0.9366317
 1597.4 1600.0  0.2898611 36.0759506  0.9366081
 1600.0 1602.6  0.2897001 36.0963478  0.9365835
 1602.6 1605.1  0.2895575 36.1145210  0.9365543
 1605.1 1607.7  0.2894205 36.1319962  0.9365262
 1607.7 1610.3  0.2892779 36.1501694  0.9364970
 1610.3 1612.9  0.2891354 36.1683426  0.9364677
 1612.9 1615.5  0.2889929 36.1865158  0.9364385
 1615.5 1618.1  0.2888503 36.2046890  0.9364092
 1618.1 1620.7  0.2887078 36.2228622  0.9363800
 1620.7 1623.4  0.2885652 36.2410355  0.9363508
 1623.4 1626.0  0.2884172 36.2599068  0.9363204
 1626.0 1628.7  0.2882746 36.2780800  0.9362912
 1628.7 1631.3  0.2881266 36.2969513  0.9362609
 1631.3 1634.0  0.2879840 36.3151283  0.9362316
 1634.0 1636.7  0.2878360 36.3339996  0.9362013
 1636.7 1639.3  0.2876880 36.3528709  0.9361709
 1639.3 1642.0  0.2875454 36.3710442  0.9361417
 1642.0 1644.7  0.2873974 36.3899155  0.9361113
 1644.7 1647.4  0.2872494 36.4087906  0.9360810
 1647.4 1650.2  0.2871014 36.4276619  0.9360506
 1650.2 1652.9  0.2869493 36.4470558  0.9360187
 1652.9 1655.6  0.2868212 36.4635544  0.9359826
 1655.6 1658.4  0.2866932 36.4800491  0.9359465
 1658.4 1661.1  0.2865604 36.4971581  0.9359091
 1661.1 1663.9  0.2864323 36.5136528  0.9358730
 1663.9 1666.7  0.2862995 36.5307617  0.9358356
 1666.7 1669.4  0.2861667 36.5478706  0.9357982
 1669.4 1672.2  0.2860386 36.5643654  0.9357620
 1672.2 1675.0  0.2859058 36.5814743  0.9357246
 1675.0 1677.9  0.2857730 36.5985794  0.9356872
 1677.9 1680.7  0.2856354 36.6162987  0.9356484
 1680.7 1683.5  0.2855026 36.6334076  0.9356110
 1683.5 1686.3  0.2853698 36.6505165  0.9355736
 1686.3 1689.2  0.2852370 36.6676216  0.9355361
 1689.2 1692.0  0.2850995 36.6853409  0.9354973
 1692.0 1694.9  0.2849666 36.7024498  0.9354599
 1694.9 1697.8  0.2848291 36.7201691  0.9354212
 1697.8 1700.7  0.2846915 36.7378845  0.9353824
 1700.7 1703.6  0.2845671 36.7539444  0.9353457
 1703.6 1706.5  0.2844839 36.7647858  0.9353154
 1706.5 1709.4  0.2844008 36.7756310  0.9352852
 1709.4 1712.3  0.2843176 36.7864723  0.9352550
 1712.3 1715.3  0.2842344 36.7973137  0.9352248
 1715.3 1718.2  0.2841483 36.8085289  0.9351935
 1718.2 1721.2  0.2840651 36.8193741  0.9351633
 1721.2 1724.1  0.2839791 36.8305893  0.9351320
 1724.1 1727.1  0.2838959 36.8414307  0.9351017
 1727.1 1730.1  0.2838098 36.8526459  0.9350705
 1730.1 1733.1  0.2837238 36.8638649  0.9350392
 1733.1 1736.1  0.2836377 36.8750801  0.9350079
 1736.1 1739.1  0.2835517 36.8862953  0.9349767
 1739.1 1742.2  0.2834656 36.8975143  0.9349454
 1742.2 1745.2  0.2833767 36.9091034  0.9349131
 1745.2 1748.3  0.2832906 36.9203186  0.9348818
 1748.3 1751.3  0.2832017 36.9319115  0.9348495
 1751.3 1754.4  0.2831157 36.9431267  0.9348182
 1754.4 1757.5  0.2830237 36.9551468  0.9347832
 1757.5 1760.6  0.2829111 36.9700661  0.9347296
 1760.6 1763.7  0.2827985 36.9849892  0.9346761
 1763.7 1766.8  0.2826859 36.9999123  0.9346225
 1766.8 1769.9  0.2825733 37.0148315  0.9345689
 1769.9 1773.0  0.2824607 37.0297546  0.9345154
 1773.0 1776.2  0.2823563 37.0437393  0.9344586
 1776.2 1779.4  0.2822487 37.0581474  0.9343998
 1779.4 1782.5  0.2821412 37.0725517  0.9343410
 1782.5 1785.7  0.2820370 37.0865097  0.9342841
 1785.7 1788.9  0.2819295 37.1009140  0.9342253
 1788.9 1792.1  0.2818300 37.1143990  0.9341632
 1792.1 1795.3  0.2817314 37.1277924  0.9341006
 1795.3 1798.6  0.2816327 37.1411819  0.9340381
 1798.6 1801.8  0.2815310 37.1549911  0.9339737
 1801.8 1805.1  0.2814324 37.1683846  0.9339112
 1805.1 1808.3  0.2813370 37.1815338  0.9338408
 1808.3 1811.6  0.2812450 37.1942444  0.9337721
 1811.6 1814.9  0.2811501 37.2073479  0.9337012
 1814.9 1818.2  0.2810552 37.2204552  0.9336304
 1818.2 1821.5  0.2809610 37.2334709  0.9335595
 1821.5 1824.8  0.2808789 37.2450562  0.9334864
 1824.8 1828.2  0.2807968 37.2566452  0.9334133
 1828.2 1831.5  0.2807122 37.2685814  0.9333380
 1831.5 1834.9  0.2806300 37.2801704  0.9332649
 1834.9 1838.2  0.2805454 37.2921066  0.9331896
 1838.2 1841.6  0.2804734 37.3025513  0.9331118
 1841.6 1845.0  0.2803995 37.3132744  0.9330316
 1845.0 1848.4  0.2803257 37.3239975  0.9329513
 1848.4 1851.9  0.2802518 37.3347206  0.9328710
 1851.9 1855.3  0.2801758 37.3457565  0.9327884
 1855.3 1858.7  0.2801112 37.3555107  0.9327004
 1858.7 1862.2  0.2800469 37.3652306  0.9326122
 1862.2 1865.7  0.2799808 37.3752403  0.9325213
 1865.7 1869.2  0.2799146 37.3852463  0.9324305
 1869.2 1872.7  0.2798492 37.3951607  0.9323395
 1872.7 1876.2  0.2797970 37.4035416  0.9322454
 1876.2 1879.7  0.2797448 37.4119186  0.9321513
 1879.7 1883.2  0.2796925 37.4202957  0.9320573
 1883.2 1886.8  0.2796403 37.4286728  0.9319631
 1886.8 1890.4  0.2795866 37.4372902  0.9318663
 1890.4 1893.9  0.2795452 37.4445305  0.9317634
 1893.9 1897.5  0.2795057 37.4514923  0.9316629
 1897.5 1901.1  0.2794651 37.4586525  0.9315596
 1901.1 1904.8  0.2794244 37.4658127  0.9314562
 1904.8 1908.4  0.2793827 37.4731712  0.9313499
 1908.4 1912.0  0.2793544 37.4790306  0.9312370
 1912.0 1915.7  0.2793269 37.4848137  0.9311235
 1915.7 1919.4  0.2792986 37.4907570  0.9310068
 1919.4 1923.1  0.2792703 37.4967041  0.9308901
 1923.1 1926.8  0.2792425 37.5026016  0.9307733
 1926.8 1930.5  0.2792296 37.5067673  0.9306521
 1930.5 1934.2  0.2792166 37.5109329  0.9305309
 1934.2 1938.0  0.2792037 37.5151024  0.9304097
 1938.0 1941.7  0.2791905 37.5193825  0.9302852
 1941.7 1945.5  0.2791775 37.5235481  0.9301640
 1945.5 1949.3  0.2791789 37.5262260  0.9300317
 1949.3 1953.1  0.2791815 37.5287666  0.9298987
 1953.1 1956.9  0.2791840 37.5313034  0.9297658
 1956.9 1960.8  0.2791866 37.5338440  0.9296328
 1960.8 1964.6  0.2791893 37.5364494  0.9294963
 1964.6 1968.5  0.2792072 37.5373840  0.9293515
 1968.5 1972.4  0.2792264 37.5382500  0.9292022
 1972.4 1976.3  0.2792456 37.5391197  0.9290529
 1976.3 1980.2  0.2792649 37.5399857  0.9289036
 1980.2 1984.1  0.2792848 37.5407753  0.9287542
 1984.1 1988.1  0.2793174 37.5401039  0.9286003
 1988.1 1992.0  0.2793509 37.5394173  0.9284424
 1992.0 1996.0  0.2793835 37.5387459  0.9282886
 1996.0 2000.0  0.2794170 37.5380554  0.9281307
 2000.0 2004.0  0.2794505 37.5373688  0.9279729
 2004.0 2008.0  0.2794970 37.5353432  0.9278028
 2008.0 2012.1  0.2795435 37.5333176  0.9276327
 2012.1 2016.1  0.2795912 37.5312386  0.9274584
 2016.1 2020.2  0.2796378 37.5292130  0.9272883
 2020.2 2024.3  0.2796858 37.5270920  0.9271138
 2024.3 2028.4  0.2797413 37.5241127  0.9269364
 2028.4 2032.5  0.2797967 37.5211372  0.9267589
 2032.5 2036.7  0.2798521 37.5181580  0.9265815
 2036.7 2040.8  0.2799089 37.5151100  0.9263998
 2040.8 2045.0  0.2799643 37.5121307  0.9262223
 2045.0 2049.2  0.2800267 37.5084953  0.9260342
 2049.2 2053.4  0.2800895 37.5048294  0.9258457
 2053.4 2057.6  0.2801522 37.5011635  0.9256573
 2057.6 2061.9  0.2802149 37.4974976  0.9254688
 2061.9 2066.1  0.2802791 37.4937439  0.9252759
 2066.1 2070.4  0.2803457 37.4897690  0.9250772
 2070.4 2074.7  0.2804140 37.4856949  0.9248736
 2074.7 2079.0  0.2804823 37.4816208  0.9246699
 2079.0 2083.3  0.2805506 37.4775467  0.9244663
 2083.3 2087.7  0.2806188 37.4734840  0.9242623
 2087.7 2092.1  0.2806872 37.4695358  0.9240490
 2092.1 2096.4  0.2807555 37.4655838  0.9238356
 2096.4 2100.8  0.2808223 37.4617233  0.9236271
 2100.8 2105.3  0.2808907 37.4577713  0.9234138
 2105.3 2109.7  0.2809602 37.4537811  0.9231956
 2109.7 2114.2  0.2810215 37.4505959  0.9229831
 2114.2 2118.6  0.2810843 37.4473381  0.9227657
 2118.6 2123.1  0.2811456 37.4441490  0.9225531
 2123.1 2127.7  0.2812084 37.4408913  0.9223357
 2127.7 2132.2  0.2812725 37.4375610  0.9221135
 2132.2 2136.8  0.2813258 37.4354248  0.9218934
 2136.8 2141.3  0.2813795 37.4333191  0.9216682
 2141.3 2145.9  0.2814320 37.4312630  0.9214479
 2145.9 2150.5  0.2814857 37.4291573  0.9212227
 2150.5 2155.2  0.2815395 37.4270554  0.9209975
 2155.2 2159.8  0.2815817 37.4266205  0.9207523
 2159.8 2164.5  0.2816216 37.4263916  0.9205106
 2164.5 2169.2  0.2816624 37.4261589  0.9202636
 2169.2 2173.9  0.2817032 37.4259262  0.9200167
 2173.9 2178.6  0.2817439 37.4256935  0.9197698
 2178.6 2183.4  0.2817614 37.4275589  0.9195548
 2183.4 2188.2  0.2817788 37.4295120  0.9193360
 2188.2 2193.0  0.2817962 37.4314651  0.9191172
 2193.0 2197.8  0.2818135 37.4334183  0.9188983
 2197.8 2202.6  0.2818308 37.4353676  0.9186795
 2202.6 2207.5  0.2818331 37.4393883  0.9184428
 2207.5 2212.4  0.2818224 37.4452705  0.9181857
 2212.4 2217.3  0.2818117 37.4511566  0.9179285
 2217.3 2222.2  0.2818009 37.4570427  0.9176713
 2222.2 2227.2  0.2817888 37.4630775  0.9174148
 2227.2 2232.1  0.2817437 37.4727745  0.9171671
 2232.1 2237.1  0.2816995 37.4822769  0.9169245
 2237.1 2242.2  0.2816544 37.4919739  0.9166769
 2242.2 2247.2  0.2816083 37.5018654  0.9164243
 2247.2 2252.3  0.2815616 37.5117493  0.9161770
 2252.3 2257.3  0.2814734 37.5263519  0.9159342
 2257.3 2262.4  0.2813869 37.5406685  0.9156962
 2262.4 2267.6  0.2812988 37.5552711  0.9154534
 2267.6 2272.7  0.2812089 37.5701599  0.9152058
 2272.7 2277.9  0.2811207 37.5847626  0.9149630
 2277.9 2283.1  0.2809786 37.6056786  0.9147177
 2283.1 2288.3  0.2808332 37.6269684  0.9144725
 2288.3 2293.6  0.2806879 37.6482544  0.9142274
 2293.6 2298.9  0.2805397 37.6699486  0.9139774
 2298.9 2304.1  0.2803916 37.6916466  0.9137276
 2304.1 2309.5  0.2801900 37.7192307  0.9134959
 2309.5 2314.8  0.2799796 37.7480011  0.9132555
 2314.8 2320.2  0.2797730 37.7762413  0.9130196
 2320.2 2325.6  0.2795626 37.8050117  0.9127793
 2325.6 2331.0  0.2793521 37.8337822  0.9125389
 2331.0 2336.4  0.2790692 37.8708534  0.9123057
 2336.4 2341.9  0.2787806 37.9085884  0.9120731
 2341.9 2347.4  0.2784865 37.9470215  0.9118361
 2347.4 2352.9  0.2781925 37.9854546  0.9115992
 2352.9 2358.5  0.2778986 38.0238914  0.9113622
 2358.5 2364.1  0.2775168 38.0723915  0.9111364
 2364.1 2369.7  0.2771337 38.1210632  0.9109110
 2369.7 2375.3  0.2767505 38.1697350  0.9106855
 2375.3 2381.0  0.2763673 38.2184067  0.9104600
 2381.0 2386.6  0.2759773 38.2679482  0.9102305
 2386.6 2392.3  0.2755339 38.3236847  0.9100291
 2392.3 2398.1  0.2750825 38.3804131  0.9098242
 2398.1 2403.8  0.2746232 38.4381371  0.9096156
 2403.8 2409.6  0.2741719 38.4948654  0.9094106
 2409.6 2415.5  0.2737126 38.5525932  0.9092020
 2415.5 2421.3  0.2732127 38.6160431  0.9090142
 2421.3 2427.2  0.2727189 38.6787605  0.9088313
 2427.2 2433.1  0.2722166 38.7425575  0.9086452
 2433.1 2439.0  0.2717143 38.8063545  0.9084592
 2439.0 2445.0  0.2712120 38.8701515  0.9082731
 2445.0 2451.0  0.2707311 38.9334259  0.9081231
 2451.0 2457.0  0.2702501 38.9967041  0.9079732
 2457.0 2463.1  0.2697692 39.0599785  0.9078231
 2463.1 2469.1  0.2692802 39.1243095  0.9076707
 2469.1 2475.2  0.2688008 39.1874580  0.9075215
 2475.2 2481.4  0.2684049 39.2439308  0.9074194
 2481.4 2487.6  0.2680026 39.3013306  0.9073156
 2487.6 2493.8  0.2676002 39.3587341  0.9072118
 2493.8 2500.0  0.2671978 39.4161339  0.9071080
 2500.0 2506.3  0.2667955 39.4735336  0.9070042
 2506.3 2512.6  0.2665543 39.5163269  0.9069622
 2512.6 2518.9  0.2663131 39.5591202  0.9069201
 2518.9 2525.3  0.2660720 39.6019135  0.9068781
 2525.3 2531.6  0.2658270 39.6453857  0.9068353
 2531.6 2538.1  0.2655858 39.6881790  0.9067933
 2538.1 2544.5  0.2655655 39.7112885  0.9068223
 2544.5 2551.0  0.2655603 39.7326851  0.9068556
 2551.0 2557.5  0.2655551 39.7544174  0.9068894
 2557.5 2564.1  0.2655498 39.7761459  0.9069231
 2564.1 2570.7  0.2655497 39.7977219  0.9069589
 2570.7 2577.3  0.2658888 39.7873955  0.9070889
 2577.3 2584.0  0.2662279 39.7770691  0.9072191
 2584.0 2590.7  0.2665722 39.7665901  0.9073511
 2590.7 2597.4  0.2669165 39.7561073  0.9074832
 2597.4 2604.2  0.2672854 39.7432365  0.9076213
 2604.2 2611.0  0.2680537 39.6919708  0.9078591
 2611.0 2617.8  0.2688221 39.6407051  0.9080970
 2617.8 2624.7  0.2695904 39.5894432  0.9083348
 2624.7 2631.6  0.2703701 39.5374260  0.9085761
 2631.6 2638.5  0.2711497 39.4854050  0.9088175
 2638.5 2645.5  0.2724164 39.3887405  0.9091669
 2645.5 2652.5  0.2737320 39.2878838  0.9095281
 2652.5 2659.6  0.2750475 39.1870308  0.9098893
 2659.6 2666.7  0.2763818 39.0847321  0.9102557
 2666.7 2673.8  0.2777161 38.9824371  0.9106221
 2673.8 2681.0  0.2795489 38.8380241  0.9110742
 2681.0 2688.2  0.2814298 38.6896935  0.9115365
 2688.2 2695.4  0.2833107 38.5413628  0.9119988
 2695.4 2702.7  0.2851917 38.3930321  0.9124611
 2702.7 2710.0  0.2870987 38.2426376  0.9129298
 2710.0 2717.4  0.2895111 38.0546036  0.9134558
 2717.4 2724.8  0.2919784 37.8623619  0.9139916
 2724.8 2732.2  0.2944458 37.6701126  0.9145273
 2732.2 2739.7  0.2969131 37.4778671  0.9150630
 2739.7 2747.3  0.2994137 37.2830238  0.9156060
 2747.3 2754.8  0.3024671 37.0527000  0.9161811
 2754.8 2762.4  0.3055013 36.8240700  0.9167497
 2762.4 2770.1  0.3085759 36.5923996  0.9173257
 2770.1 2777.8  0.3116911 36.3576698  0.9179094
 2777.8 2785.5  0.3148062 36.1229477  0.9184932
 2785.5 2793.3  0.3184477 35.8614273  0.9190637
 2793.3 2801.1  0.3221507 35.5957870  0.9196414
 2801.1 2809.0  0.3258538 35.3301468  0.9202191
 2809.0 2816.9  0.3296042 35.0611038  0.9208042
 2816.9 2824.9  0.3333547 34.7920647  0.9213893
 2824.9 2832.9  0.3377605 34.4955063  0.9219294
 2832.9 2840.9  0.3421740 34.1986465  0.9224688
 2840.9 2849.0  0.3465875 33.9017868  0.9230083
 2849.0 2857.1  0.3510563 33.6012115  0.9235545
 2857.1 2865.3  0.3555305 33.3005791  0.9240993
 2865.3 2873.6  0.3605018 32.9914742  0.9245304
 2873.6 2881.8  0.3655338 32.6786003  0.9249667
 2881.8 2890.2  0.3705051 32.3694954  0.9253978
 2890.2 2898.6  0.3755976 32.0528564  0.9258394
 2898.6 2907.0  0.3806902 31.7362041  0.9262810
 2907.0 2915.5  0.3864589 31.4091816  0.9265705
 2915.5 2924.0  0.3923305 31.0777359  0.9268557
 2924.0 2932.6  0.3982022 30.7462921  0.9271410
 2932.6 2941.2  0.4041429 30.4109421  0.9274296
 2941.2 2949.9  0.4100938 30.0758133  0.9277136
 2949.9 2958.6  0.4165532 29.7456799  0.9278065
 2958.6 2967.4  0.4230128 29.4155369  0.9278994
 2967.4 2976.2  0.4295462 29.0816135  0.9279933
 2976.2 2985.1  0.4360799 28.7476826  0.9280872
 2985.1 2994.0  0.4426930 28.4100399  0.9281802
 2994.0 3003.0  0.4497543 28.0801983  0.9280931
 3003.0 3012.0  0.4568950 27.7466488  0.9280052
 3012.0 3021.1  0.4640356 27.4130974  0.9279171
 3021.1 3030.3  0.4712557 27.0758381  0.9278281
 3030.3 3039.5  0.4785580 26.7355747  0.9277335
 3039.5 3048.8  0.4859483 26.4160461  0.9275003
 3048.8 3058.1  0.4934190 26.0930405  0.9272645
 3058.1 3067.5  0.5008896 25.7700348  0.9270288
 3067.5 3076.9  0.5084405 25.4435596  0.9267905
 3076.9 3086.4  0.5159914 25.1170864  0.9265522
 3086.4 3096.0  0.5236358 24.8090420  0.9262052
 3096.0 3105.6  0.5313609 24.4979897  0.9258534
 3105.6 3115.3  0.5390860 24.1869354  0.9255016
 3115.3 3125.0  0.5468915 23.8726463  0.9251461
 3125.0 3134.8  0.5546969 23.5583572  0.9247906
 3134.8 3144.7  0.5620925 23.2801342  0.9243852
 3144.7 3154.6  0.5695636 22.9990768  0.9239756
 3154.6 3164.6  0.5770347 22.7180138  0.9235660
 3164.6 3174.6  0.5845813 22.4341145  0.9231523
 3174.6 3184.7  0.5921278 22.1502151  0.9227386
 3184.7 3194.9  0.5991448 21.9038467  0.9223207
 3194.9 3205.1  0.6062061 21.6567173  0.9218987
 3205.1 3215.4  0.6132675 21.4095821  0.9214766
 3215.4 3225.8  0.6203980 21.1600323  0.9210505
 3225.8 3236.2  0.6275300 20.9117947  0.9206238
 3236.2 3246.8  0.6338481 20.7084503  0.9202414
 3246.8 3257.3  0.6402878 20.5011921  0.9198515
 3257.3 3268.0  0.6466667 20.2958908  0.9194654
 3268.0 3278.7  0.6531671 20.0866814  0.9190719
 3278.7 3289.5  0.6593413 19.8938046  0.9187007
 3289.5 3300.3  0.6649507 19.7303143  0.9183686
 3300.3 3311.3  0.6705601 19.5668240  0.9180366
 3311.3 3322.3  0.6762732 19.4003067  0.9176983
 3322.3 3333.3  0.6819864 19.2337894  0.9173601
 3333.3 3344.5  0.6870564 19.0970020  0.9170643
 3344.5 3355.7  0.6920055 18.9675751  0.9167771
 3355.7 3367.0  0.6969546 18.8381481  0.9164900
 3367.0 3378.4  0.7019480 18.7075653  0.9162002
 3378.4 3389.8  0.7064791 18.5912018  0.9159378
 3389.8 3401.4  0.7098187 18.5110111  0.9157457
 3401.4 3413.0  0.7132168 18.4294147  0.9155502
 3413.0 3424.7  0.7166150 18.3478165  0.9153546
 3424.7 3436.4  0.7200424 18.2655163  0.9151574
 3436.4 3448.3  0.7289693 18.0718899  0.9146298
 3448.3 3460.2  0.7381961 17.8719692  0.9140843
 3460.2 3472.2  0.7421884 17.7840366  0.9138376
 3472.2 3484.3  0.7453346 17.7141838  0.9136389
 3484.3 3496.5  0.7485070 17.6437473  0.9134386
 3496.5 3508.8  0.7517056 17.5727310  0.9132366
 3508.8 3521.1  0.7549304 17.5011311  0.9130329
 3521.1 3533.6  0.7581553 17.4295311  0.9128293
 3533.6 3546.1  0.7614325 17.3567677  0.9126224
 3546.1 3558.7  0.7647098 17.2840042  0.9124154
 3558.7 3571.4  0.7675042 17.2176476  0.9122263
 3571.4 3584.2  0.7700906 17.1539192  0.9120445
 3584.2 3597.1  0.7726975 17.0896893  0.9118612
 3597.1 3610.1  0.7753248 17.0249577  0.9116765
 3610.1 3623.2  0.7779723 16.9597244  0.9114904
 3623.2 3636.4  0.7806403 16.8939915  0.9113028
 3636.4 3649.6  0.7833286 16.8277550  0.9111138
 3649.6 3663.0  0.7860170 16.7615166  0.9109248
 3663.0 3676.5  0.7882923 16.7004318  0.9107619
 3676.5 3690.0  0.7905705 16.6390839  0.9105988
 3690.0 3703.7  0.7928487 16.5777340  0.9104356
 3703.7 3717.5  0.7951607 16.5154762  0.9102699
 3717.5 3731.3  0.7974895 16.4527626  0.9101031
 3731.3 3745.3  0.7998183 16.3900490  0.9099363
 3745.3 3759.4  0.8021809 16.3264275  0.9097670
 3759.4 3773.6  0.8044252 16.2657948  0.9096205
 3773.6 3787.9  0.8066174 16.2064629  0.9094849
 3787.9 3802.3  0.8088249 16.1467152  0.9093483
 3802.3 3816.8  0.8110479 16.0865479  0.9092108
 3816.8 3831.4  0.8132864 16.0259647  0.9090723
 3831.4 3846.2  0.8155402 15.9649630  0.9089329
 3846.2 3861.0  0.8178250 15.9031258  0.9087916
 3861.0 3876.0  0.8200750 15.8445892  0.9086782
 3876.0 3891.1  0.8223433 15.7864180  0.9085732
 3891.1 3906.2  0.8246269 15.7278585  0.9084674
 3906.2 3921.6  0.8269103 15.6693001  0.9083617
 3921.6 3937.0  0.8292391 15.6095762  0.9082538
 3937.0 3952.6  0.8315679 15.5498543  0.9081460
 3952.6 3968.3  0.8339169 15.4900923  0.9080422
 3968.3 3984.1  0.8362301 15.4336557  0.9079655
 3984.1 4000.0  0.8385581 15.3768587  0.9078882
 4000.0 4016.1  0.8409007 15.3197031  0.9078106
 4016.1 4032.3  0.8432729 15.2618275  0.9077318
 4032.3 4048.6  0.8456597 15.2035933  0.9076527
 4048.6 4065.0  0.8480614 15.1449995  0.9075730
 4065.0 4081.6  0.8503562 15.0902500  0.9075168
 4081.6 4098.4  0.8526676 15.0352306  0.9074622
 4098.4 4115.2  0.8550068 14.9795485  0.9074069
 4115.2 4132.2  0.8573460 14.9238653  0.9073517
 4132.2 4149.4  0.8597131 14.8675194  0.9072958
 4149.4 4166.7  0.8621079 14.8105125  0.9072391
 4166.7 4184.1  0.8643418 14.7574539  0.9072018
 4184.1 4201.7  0.8665822 14.7042456  0.9071651
 4201.7 4219.4  0.8688484 14.6504240  0.9071279
 4219.4 4237.3  0.8711274 14.5962982  0.9070904
 4237.3 4255.3  0.8734322 14.5415611  0.9070526
 4255.3 4273.5  0.8756891 14.4876652  0.9070189
 4273.5 4291.8  0.8778241 14.4359503  0.9069956
 4291.8 4310.3  0.8799707 14.3839531  0.9069721
 4310.3 4329.0  0.8821408 14.3313866  0.9069484
 4329.0 4347.8  0.8843344 14.2782516  0.9069244
 4347.8 4366.8  0.8865396 14.2248335  0.9069003
 4366.8 4386.0  0.8885661 14.1738834  0.9068853
 4386.0 4405.3  0.8905871 14.1227989  0.9068713
 4405.3 4424.8  0.8926186 14.0714493  0.9068573
 4424.8 4444.4  0.8946712 14.0195665  0.9068431
 4444.4 4464.3  0.8967343 13.9674177  0.9068289
 4464.3 4484.3  0.8986667 13.9166422  0.9068199
 4484.3 4504.5  0.9005448 13.8664656  0.9068131
 4504.5 4524.9  0.9024418 13.8157873  0.9068062
 4524.9 4545.5  0.9043575 13.7646074  0.9067992
 4545.5 4566.2  0.9062920 13.7129259  0.9067922
 4566.2 4587.2  0.9080777 13.6630764  0.9067900
 4587.2 4608.3  0.9098446 13.6130915  0.9067892
 4608.3 4629.6  0.9116199 13.5628700  0.9067885
 4629.6 4651.2  0.9134121 13.5121708  0.9067877
 4651.2 4672.9  0.9152195 13.4608889  0.9067872
 4672.9 4694.8  0.9168642 13.4116144  0.9067916
 4694.8 4717.0  0.9185240 13.3618851  0.9067960
 4717.0 4739.3  0.9202065 13.3114748  0.9068004
 4739.3 4761.9  0.9218967 13.2608376  0.9068050
 4761.9 4784.7  0.9235241 13.2106342  0.9068117
 4784.7 4807.7  0.9250883 13.1609983  0.9068204
 4807.7 4830.9  0.9266661 13.1109285  0.9068291
 4830.9 4854.4  0.9282578 13.0604229  0.9068380
 4854.4 4878.0  0.9298425 13.0096207  0.9068475
 4878.0 4902.0  0.9313141 12.9601555  0.9068596
 4902.0 4926.1  0.9328106 12.9098511  0.9068720
 4926.1 4950.5  0.9343134 12.8593378  0.9068843
 4950.5 4975.1  0.9358321 12.8082314  0.9068969
 4975.1 5000.0  0.9372306 12.7584105  0.9069115
 5000.0 5025.1  0.9386461 12.7079830  0.9069263
 5025.1 5050.5  0.9400729 12.6571493  0.9069412
 5050.5 5076.1  0.9415143 12.6057405  0.9069564
 5076.1 5102.0  0.9428433 12.5555000  0.9069726
 5102.0 5128.2  0.9441878 12.5046701  0.9069890
 5128.2 5154.6  0.9455478 12.4532518  0.9070055
 5154.6 5181.3  0.9468974 12.4017019  0.9070222
 5181.3 5208.3  0.9481627 12.3508139  0.9070389
 5208.3 5235.6  0.9494422 12.2993546  0.9070557
 5235.6 5263.2  0.9507359 12.2473221  0.9070727
 5263.2 5291.0  0.9519878 12.1954088  0.9070893
 5291.0 5319.1  0.9531872 12.1438789  0.9071051
 5319.1 5347.6  0.9543995 12.0917921  0.9071212
 5347.6 5376.3  0.9556291 12.0389643  0.9071375
 5376.3 5405.4  0.9567593 11.9870701  0.9071514
 5405.4 5434.8  0.9578954 11.9345732  0.9071653
 5434.8 5464.5  0.9590432 11.8815346  0.9071793
 5464.5 5494.5  0.9601434 11.8286581  0.9071913
 5494.5 5524.9  0.9611918 11.7759914  0.9072012
 5524.9 5555.6  0.9622542 11.7226229  0.9072111
 5555.6 5586.6  0.9633043 11.6689930  0.9072202
 5586.6 5618.0  0.9642615 11.6160421  0.9072245
 5618.0 5649.7  0.9652310 11.5624084  0.9072289
 5649.7 5681.8  0.9662098 11.5082617  0.9072334
 5681.8 5714.3  0.9670823 11.4548016  0.9072320
 5714.3 5747.1  0.9679646 11.4006882  0.9072304
 5747.1 5780.3  0.9688551 11.3460741  0.9072288
 5780.3 5814.0  0.9696621 11.2918825  0.9072223
 5814.0 5848.0  0.9704720 11.2369804  0.9072153
 5848.0 5882.4  0.9712893 11.1815901  0.9072081
 5882.4 5917.2  0.9720334 11.1264963  0.9071966
 5917.2 5952.4  0.9727812 11.0708218  0.9071846
 5952.4 5988.0  0.9735325 11.0145636  0.9071722
 5988.0 6024.1  0.9742242 10.9584503  0.9071561
 6024.1 6060.6  0.9749255 10.9015484  0.9071397
 6060.6 6097.6  0.9756173 10.8442144  0.9071221
 6097.6 6135.0  0.9762756 10.7865858  0.9071020
 6135.0 6172.8  0.9769409 10.7283344  0.9070818
 6172.8 6211.2  0.9775846 10.6697865  0.9070596
 6211.2 6250.0  0.9782193 10.6105270  0.9070361
 6250.0 6289.3  0.9788606 10.5506516  0.9070122
 6289.3 6329.1  0.9794737 10.4904137  0.9069859
 6329.1 6369.4  0.9800944 10.4294081  0.9069592
 6369.4 6410.3  0.9807109 10.3677702  0.9069315
 6410.3 6451.6  0.9813233 10.3053598  0.9069024
 6451.6 6493.5  0.9819411 10.2423439  0.9068729
 6493.5 6535.9  0.9825541 10.1785526  0.9068419
 6535.9 6578.9  0.9831745 10.1140003  0.9068104
 6578.9 6622.5  0.9838017 10.0485392  0.9067780
 6622.5 6666.7  0.9844367  9.9821682  0.9067450
 6666.7 6711.4  0.9850838  9.9148331  0.9067113
 6711.4 6756.8  0.9857440  9.8466520  0.9066771
 6756.8 6802.7  0.9864178  9.7773609  0.9066424
 6802.7 6849.3  0.9871172  9.7070608  0.9066074
 6849.3 6896.6  0.9878274  9.6356888  0.9065719
 6896.6 6944.4  0.9885755  9.5628843  0.9065361
 6944.4 6993.0  0.9893318  9.4893045  0.9064999
 6993.0 7042.3  0.9901200  9.4142218  0.9064629
 7042.3 7092.2  0.9909220  9.3380213  0.9064253
 7092.2 7142.9  0.9917421  9.2607346  0.9063861
 7142.9 7194.2  0.9925769  9.1821814  0.9063460
 7194.2 7246.4  0.9934196  9.1026421  0.9063035
 7246.4 7299.3  0.9942768  9.0216999  0.9062598
 7299.3 7352.9  0.9951313  8.9397297  0.9062122
 7352.9 7407.4  0.9959946  8.8566895  0.9061635
 7407.4 7462.7  0.9968445  8.7724457  0.9061092
 7462.7 7518.8  0.9976967  8.6870451  0.9060526
 7518.8 7575.8  0.9985263  8.6006804  0.9059903
 7575.8 7633.6  0.9992489  8.5131655  0.9059231
 7633.6 7692.3  0.9998340  8.4247084  0.9058504
 7692.3 7751.9  1.0000000  8.3353901  0.9057688
 7751.9 7812.5  1.0000000  8.2449350  0.9056824
 7812.5 7874.0  1.0000000  8.1538792  0.9055817
 7874.0 7936.5  1.0000000  8.0619411  0.9054731
 7936.5 8000.0  1.0000000  7.9692545  0.9053522
 8000.0 8064.5  1.0000000  7.8762922  0.9052134
 8064.5 8130.1  1.0000000  7.7826247  0.9050621
 8130.1 8196.7  1.0000000  7.6888580  0.9048885
 8196.7 8264.5  1.0000000  7.5953288  0.9046903
 8264.5 8333.3  1.0000000  7.5014625  0.9044710
 8333.3 8403.4  1.0000000  7.4085402  0.9042182
 8403.4 8474.6  1.0000000  7.3166242  0.9039248
 8474.6 8547.0  1.0000000  7.2241449  0.9036154
 8547.0 8620.7  1.0000000  7.1301060  0.9033008
 8620.7 8695.7  1.0000000  7.0343785  0.9029806
 8695.7 8771.9  1.0000000  6.9369626  0.9026546
 8771.9 8849.6  1.0000000  6.8379884  0.9023235
 8849.6 8928.6  1.0000000  6.7370667  0.9019859
 8928.6 9009.0  1.0000000  6.6344557  0.9016427
 9009.0 9090.9  1.0000000  6.5300255  0.9012933
 9090.9 9174.3  1.0000000  6.4236469  0.9009374
 9174.3 9259.3  1.0000000  6.3153214  0.9005751
 9259.3 9345.8  1.0000000  6.2049170  0.9002057
 9345.8 9434.0  1.0000000  6.0925641  0.8998299
 9434.0 9523.8  1.0000000  5.9780030  0.8994466
 9523.8 9615.4  1.0000000  5.8613644  0.8990564
 9615.4 9708.7  1.0000000  5.7423863  0.8986584
 9708.7 9803.9  1.0000000  5.6212015  0.8982530
 9803.9 9901.0  1.0000000  5.4975486  0.8978394
 9901.0 9911.0  1.0000000  5.3714280  0.8974174
