 1176.5 1177.9  0.0020298  0.1293903  0.0018568
 1177.9 1179.2  0.0020235  0.1292751  0.0018535
 1179.2 1180.6  0.0020177  0.1291681  0.0018505
 1180.6 1182.0  0.0020113  0.1290530  0.0018473
 1182.0 1183.4  0.0020050  0.1289378  0.0018440
 1183.4 1184.8  0.0019987  0.1288226  0.0018408
 1184.8 1186.2  0.0019924  0.1287074  0.0018376
 1186.2 1187.6  0.0019861  0.1285922  0.0018343
 1187.6 1189.1  0.0019798  0.1284771  0.0018311
 1189.1 1190.5  0.0019730  0.1283536  0.0018276
 1190.5 1191.9  0.0019667  0.1282385  0.0018244
 1191.9 1193.3  0.0019604  0.1281233  0.0018211
 1193.3 1194.7  0.0019541  0.1280081  0.0018179
 1194.7 1196.2  0.0019478  0.1278929  0.0018147
 1196.2 1197.6  0.0019410  0.1277695  0.0018112
 1197.6 1199.0  0.0019347  0.1276543  0.0018080
 1199.0 1200.5  0.0019284  0.1275391  0.0018047
 1200.5 1201.9  0.0019216  0.1274157  0.0018013
 1201.9 1203.4  0.0019153  0.1273005  0.0017980
 1203.4 1204.8  0.0019085  0.1271771  0.0017945
 1204.8 1206.3  0.0019022  0.1270619  0.0017913
 1206.3 1207.7  0.0018954  0.1269386  0.0017878
 1207.7 1209.2  0.0018891  0.1268234  0.0017846
 1209.2 1210.7  0.0018824  0.1267000  0.0017811
 1210.7 1212.1  0.0018756  0.1265766  0.0017777
 1212.1 1213.6  0.0018693  0.1264614  0.0017744
 1213.6 1215.1  0.0018625  0.1263380  0.0017710
 1215.1 1216.5  0.0018558  0.1262145  0.0017675
 1216.5 1218.0  0.0018494  0.1260994  0.0017642
 1218.0 1219.5  0.0018427  0.1259760  0.0017608
 1219.5 1221.0  0.0018359  0.1258526  0.0017573
 1221.0 1222.5  0.0018292  0.1257291  0.0017538
 1222.5 1224.0  0.0018224  0.1256057  0.0017504
 1224.0 1225.5  0.0018156  0.1254823  0.0017469
 1225.5 1227.0  0.0018089  0.1253589  0.0017434
 1227.0 1228.5  0.0018021  0.1252355  0.0017400
 1228.5 1230.0  0.0017953  0.1251121  0.0017365
 1230.0 1231.5  0.0017886  0.1249887  0.0017330
 1231.5 1233.0  0.0017818  0.1248653  0.0017295
 1233.0 1234.6  0.0017750  0.1247419  0.0017261
 1234.6 1236.1  0.0017678  0.1246102  0.0017224
 1236.1 1237.6  0.0017611  0.1244868  0.0017189
 1237.6 1239.2  0.0017543  0.1243634  0.0017154
 1239.2 1240.7  0.0017471  0.1242318  0.0017117
 1240.7 1242.2  0.0017403  0.1241084  0.0017083
 1242.2 1243.8  0.0017336  0.1239850  0.0017048
 1243.8 1245.3  0.0017263  0.1238533  0.0017011
 1245.3 1246.9  0.0017196  0.1237299  0.0016976
 1246.9 1248.4  0.0017124  0.1235983  0.0016939
 1248.4 1250.0  0.0017056  0.1234749  0.0016905
 1250.0 1251.6  0.0016984  0.1233432  0.0016868
 1251.6 1253.1  0.0016912  0.1232116  0.0016831
 1253.1 1254.7  0.0016844  0.1230882  0.0016796
 1254.7 1256.3  0.0016772  0.1229566  0.0016759
 1256.3 1257.9  0.0016700  0.1228249  0.0016722
 1257.9 1259.4  0.0016628  0.1226933  0.0016685
 1259.4 1261.0  0.0016560  0.1225699  0.0016650
 1261.0 1262.6  0.0016488  0.1224382  0.0016613
 1262.6 1264.2  0.0016416  0.1223066  0.0016576
 1264.2 1265.8  0.0016343  0.1221750  0.0016539
 1265.8 1267.4  0.0016271  0.1220433  0.0016502
 1267.4 1269.0  0.0016199  0.1219117  0.0016465
 1269.0 1270.6  0.0016127  0.1217801  0.0016428
 1270.6 1272.3  0.0016055  0.1216484  0.0016391
 1272.3 1273.9  0.0015978  0.1215085  0.0016352
 1273.9 1275.5  0.0015906  0.1213769  0.0016315
 1275.5 1277.1  0.0015834  0.1212453  0.0016278
 1277.1 1278.8  0.0015762  0.1211136  0.0016241
 1278.8 1280.4  0.0015685  0.1209738  0.0016201
 1280.4 1282.1  0.0015613  0.1208421  0.0016164
 1282.1 1283.7  0.0015536  0.1207023  0.0016125
 1283.7 1285.3  0.0015464  0.1205706  0.0016088
 1285.3 1287.0  0.0015392  0.1204390  0.0016051
 1287.0 1288.7  0.0015315  0.1202991  0.0016012
 1288.7 1290.3  0.0015239  0.1201593  0.0015972
 1290.3 1292.0  0.0015166  0.1200276  0.0015935
 1292.0 1293.7  0.0015090  0.1198878  0.0015896
 1293.7 1295.3  0.0015013  0.1197479  0.0015857
 1295.3 1297.0  0.0014941  0.1196163  0.0015820
 1297.0 1298.7  0.0014864  0.1194764  0.0015780
 1298.7 1300.4  0.0014788  0.1193366  0.0015741
 1300.4 1302.1  0.0014716  0.1192048  0.0015704
 1302.1 1303.8  0.0014663  0.1190993  0.0015676
 1303.8 1305.5  0.0014609  0.1189938  0.0015648
 1305.5 1307.2  0.0014555  0.1188884  0.0015619
 1307.2 1308.9  0.0014501  0.1187829  0.0015591
 1308.9 1310.6  0.0014448  0.1186774  0.0015563
 1310.6 1312.3  0.0014394  0.1185720  0.0015534
 1312.3 1314.1  0.0014340  0.1184665  0.0015506
 1314.1 1315.8  0.0014283  0.1183548  0.0015476
 1315.8 1317.5  0.0014230  0.1182494  0.0015448
 1317.5 1319.3  0.0014176  0.1181439  0.0015419
 1319.3 1321.0  0.0014119  0.1180322  0.0015389
 1321.0 1322.8  0.0014065  0.1179268  0.0015361
 1322.8 1324.5  0.0014009  0.1178151  0.0015331
 1324.5 1326.3  0.0013955  0.1177096  0.0015303
 1326.3 1328.0  0.0013898  0.1175979  0.0015273
 1328.0 1329.8  0.0013844  0.1174925  0.0015245
 1329.8 1331.6  0.0013787  0.1173808  0.0015215
 1331.6 1333.3  0.0013730  0.1172691  0.0015185
 1333.3 1335.1  0.0013677  0.1171637  0.0015156
 1335.1 1336.9  0.0013620  0.1170520  0.0015126
 1336.9 1338.7  0.0013563  0.1169403  0.0015096
 1338.7 1340.5  0.0013506  0.1168287  0.0015066
 1340.5 1342.3  0.0013449  0.1167170  0.0015036
 1342.3 1344.1  0.0013392  0.1166053  0.0015006
 1344.1 1345.9  0.0013335  0.1164936  0.0014976
 1345.9 1347.7  0.0013279  0.1163820  0.0014946
 1347.7 1349.5  0.0013222  0.1162703  0.0014916
 1349.5 1351.4  0.0013165  0.1161586  0.0014886
 1351.4 1353.2  0.0013108  0.1160415  0.0014856
 1353.2 1355.0  0.0013055  0.1159308  0.0014827
 1355.0 1356.9  0.0013002  0.1158201  0.0014799
 1356.9 1358.7  0.0012946  0.1157032  0.0014769
 1358.7 1360.5  0.0012894  0.1155925  0.0014740
 1360.5 1362.4  0.0012841  0.1154818  0.0014711
 1362.4 1364.3  0.0012785  0.1153650  0.0014681
 1364.3 1366.1  0.0012729  0.1152481  0.0014651
 1366.1 1368.0  0.0012676  0.1151374  0.0014623
 1368.0 1369.9  0.0012621  0.1150206  0.0014593
 1369.9 1371.7  0.0012565  0.1149037  0.0014562
 1371.7 1373.6  0.0012512  0.1147930  0.0014534
 1373.6 1375.5  0.0012456  0.1146762  0.0014504
 1375.5 1377.4  0.0012400  0.1145593  0.0014474
 1377.4 1379.3  0.0012345  0.1144424  0.0014443
 1379.3 1381.2  0.0012289  0.1143256  0.0014413
 1381.2 1383.1  0.0012233  0.1142087  0.0014383
 1383.1 1385.0  0.0012177  0.1140919  0.0014353
 1385.0 1387.0  0.0012121  0.1139750  0.0014323
 1387.0 1388.9  0.0012063  0.1138520  0.0014291
 1388.9 1390.8  0.0012007  0.1137352  0.0014261
 1390.8 1392.8  0.0011951  0.1136183  0.0014231
 1392.8 1394.7  0.0011892  0.1134953  0.0014199
 1394.7 1396.6  0.0011837  0.1133785  0.0014169
 1396.6 1398.6  0.0011781  0.1132616  0.0014139
 1398.6 1400.6  0.0011722  0.1131386  0.0014107
 1400.6 1402.5  0.0011665  0.1130158  0.0014076
 1402.5 1404.5  0.0011614  0.1128995  0.0014048
 1404.5 1406.5  0.0011560  0.1127770  0.0014018
 1406.5 1408.5  0.0011506  0.1126546  0.0013988
 1408.5 1410.4  0.0011452  0.1125322  0.0013958
 1410.4 1412.4  0.0011400  0.1124159  0.0013929
 1412.4 1414.4  0.0011346  0.1122934  0.0013899
 1414.4 1416.4  0.0011292  0.1121710  0.0013869
 1416.4 1418.4  0.0011239  0.1120486  0.0013839
 1418.4 1420.5  0.0011185  0.1119261  0.0013809
 1420.5 1422.5  0.0011128  0.1117976  0.0013778
 1422.5 1424.5  0.0011074  0.1116751  0.0013748
 1424.5 1426.5  0.0011020  0.1115527  0.0013718
 1426.5 1428.6  0.0010966  0.1114303  0.0013688
 1428.6 1430.6  0.0010909  0.1113017  0.0013657
 1430.6 1432.7  0.0010855  0.1111793  0.0013627
 1432.7 1434.7  0.0010799  0.1110507  0.0013595
 1434.7 1436.8  0.0010745  0.1109283  0.0013565
 1436.8 1438.8  0.0010688  0.1107997  0.0013534
 1438.8 1440.9  0.0010634  0.1106773  0.0013504
 1440.9 1443.0  0.0010578  0.1105488  0.0013472
 1443.0 1445.1  0.0010521  0.1104202  0.0013441
 1445.1 1447.2  0.0010464  0.1102917  0.0013409
 1447.2 1449.3  0.0010408  0.1101631  0.0013378
 1449.3 1451.4  0.0010351  0.1100345  0.0013346
 1451.4 1453.5  0.0010298  0.1099060  0.0013316
 1453.5 1455.6  0.0010246  0.1097775  0.0013287
 1455.6 1457.7  0.0010195  0.1096490  0.0013257
 1457.7 1459.9  0.0010144  0.1095206  0.0013228
 1459.9 1462.0  0.0010090  0.1093859  0.0013197
 1462.0 1464.1  0.0010039  0.1092574  0.0013167
 1464.1 1466.3  0.0009987  0.1091290  0.0013138
 1466.3 1468.4  0.0009934  0.1089943  0.0013107
 1468.4 1470.6  0.0009882  0.1088658  0.0013077
 1470.6 1472.8  0.0009829  0.1087312  0.0013046
 1472.8 1474.9  0.0009775  0.1085966  0.0013015
 1474.9 1477.1  0.0009723  0.1084681  0.0012986
 1477.1 1479.3  0.0009670  0.1083335  0.0012955
 1479.3 1481.5  0.0009616  0.1081989  0.0012924
 1481.5 1483.7  0.0009562  0.1080643  0.0012893
 1483.7 1485.9  0.0009508  0.1079297  0.0012862
 1485.9 1488.1  0.0009455  0.1077950  0.0012831
 1488.1 1490.3  0.0009401  0.1076604  0.0012800
 1490.3 1492.5  0.0009347  0.1075258  0.0012769
 1492.5 1494.8  0.0009293  0.1073912  0.0012738
 1494.8 1497.0  0.0009237  0.1072505  0.0012706
 1497.0 1499.3  0.0009183  0.1071159  0.0012675
 1499.3 1501.5  0.0009127  0.1069751  0.0012643
 1501.5 1503.8  0.0009077  0.1068402  0.0012613
 1503.8 1506.0  0.0009028  0.1066989  0.0012583
 1506.0 1508.3  0.0008980  0.1065638  0.0012555
 1508.3 1510.6  0.0008930  0.1064225  0.0012524
 1510.6 1512.9  0.0008880  0.1062813  0.0012494
 1512.9 1515.2  0.0008830  0.1061400  0.0012464
 1515.2 1517.5  0.0008780  0.1059988  0.0012434
 1517.5 1519.8  0.0008730  0.1058575  0.0012404
 1519.8 1522.1  0.0008680  0.1057163  0.0012374
 1522.1 1524.4  0.0008630  0.1055750  0.0012344
 1524.4 1526.7  0.0008581  0.1054337  0.0012314
 1526.7 1529.1  0.0008531  0.1052925  0.0012284
 1529.1 1531.4  0.0008479  0.1051451  0.0012252
 1531.4 1533.7  0.0008429  0.1050038  0.0012222
 1533.7 1536.1  0.0008379  0.1048626  0.0012192
 1536.1 1538.5  0.0008327  0.1047152  0.0012161
 1538.5 1540.8  0.0008275  0.1045678  0.0012129
 1540.8 1543.2  0.0008225  0.1044265  0.0012099
 1543.2 1545.6  0.0008173  0.1042791  0.0012068
 1545.6 1548.0  0.0008120  0.1041317  0.0012037
 1548.0 1550.4  0.0008068  0.1039843  0.0012005
 1550.4 1552.8  0.0008018  0.1038367  0.0011974
 1552.8 1555.2  0.0007973  0.1036882  0.0011945
 1555.2 1557.6  0.0007928  0.1035397  0.0011916
 1557.6 1560.1  0.0007883  0.1033911  0.0011887
 1560.1 1562.5  0.0007836  0.1032364  0.0011857
 1562.5 1564.9  0.0007791  0.1030878  0.0011828
 1564.9 1567.4  0.0007746  0.1029393  0.0011800
 1567.4 1569.9  0.0007699  0.1027846  0.0011770
 1569.9 1572.3  0.0007652  0.1026298  0.0011739
 1572.3 1574.8  0.0007607  0.1024813  0.0011711
 1574.8 1577.3  0.0007560  0.1023266  0.0011680
 1577.3 1579.8  0.0007513  0.1021718  0.0011650
 1579.8 1582.3  0.0007467  0.1020171  0.0011620
 1582.3 1584.8  0.0007420  0.1018624  0.0011590
 1584.8 1587.3  0.0007373  0.1017077  0.0011560
 1587.3 1589.8  0.0007326  0.1015529  0.0011530
 1589.8 1592.4  0.0007279  0.1013982  0.0011500
 1592.4 1594.9  0.0007230  0.1012373  0.0011469
 1594.9 1597.4  0.0007184  0.1010825  0.0011438
 1597.4 1600.0  0.0007137  0.1009278  0.0011408
 1600.0 1602.6  0.0007088  0.1007669  0.0011377
 1602.6 1605.1  0.0007047  0.1006045  0.0011349
 1605.1 1607.7  0.0007008  0.1004484  0.0011321
 1607.7 1610.3  0.0006967  0.1002860  0.0011293
 1610.3 1612.9  0.0006926  0.1001236  0.0011264
 1612.9 1615.5  0.0006885  0.0999612  0.0011236
 1615.5 1618.1  0.0006844  0.0997988  0.0011207
 1618.1 1620.7  0.0006803  0.0996364  0.0011179
 1620.7 1623.4  0.0006763  0.0994741  0.0011150
 1623.4 1626.0  0.0006720  0.0993054  0.0011121
 1626.0 1628.7  0.0006679  0.0991430  0.0011092
 1628.7 1631.3  0.0006637  0.0989744  0.0011062
 1631.3 1634.0  0.0006596  0.0988120  0.0011034
 1634.0 1636.7  0.0006554  0.0986434  0.0011004
 1636.7 1639.3  0.0006511  0.0984748  0.0010975
 1639.3 1642.0  0.0006470  0.0983124  0.0010946
 1642.0 1644.7  0.0006428  0.0981437  0.0010917
 1644.7 1647.4  0.0006385  0.0979751  0.0010887
 1647.4 1650.2  0.0006343  0.0978065  0.0010857
 1650.2 1652.9  0.0006299  0.0976316  0.0010827
 1652.9 1655.6  0.0006264  0.0974622  0.0010800
 1655.6 1658.4  0.0006230  0.0972929  0.0010773
 1658.4 1661.1  0.0006193  0.0971173  0.0010745
 1661.1 1663.9  0.0006158  0.0969480  0.0010718
 1663.9 1666.7  0.0006122  0.0967724  0.0010691
 1666.7 1669.4  0.0006086  0.0965968  0.0010663
 1669.4 1672.2  0.0006051  0.0964275  0.0010636
 1672.2 1675.0  0.0006015  0.0962519  0.0010608
 1675.0 1677.9  0.0005979  0.0960764  0.0010580
 1677.9 1680.7  0.0005941  0.0958945  0.0010551
 1680.7 1683.5  0.0005905  0.0957189  0.0010523
 1683.5 1686.3  0.0005869  0.0955433  0.0010495
 1686.3 1689.2  0.0005832  0.0953677  0.0010467
 1689.2 1692.0  0.0005795  0.0951859  0.0010439
 1692.0 1694.9  0.0005759  0.0950103  0.0010411
 1694.9 1697.8  0.0005721  0.0948284  0.0010382
 1697.8 1700.7  0.0005683  0.0946466  0.0010353
 1700.7 1703.6  0.0005650  0.0944786  0.0010327
 1703.6 1706.5  0.0005627  0.0943542  0.0010308
 1706.5 1709.4  0.0005605  0.0942298  0.0010289
 1709.4 1712.3  0.0005583  0.0941054  0.0010271
 1712.3 1715.3  0.0005561  0.0939810  0.0010252
 1715.3 1718.2  0.0005538  0.0938523  0.0010233
 1718.2 1721.2  0.0005516  0.0937279  0.0010215
 1721.2 1724.1  0.0005493  0.0935992  0.0010196
 1724.1 1727.1  0.0005471  0.0934749  0.0010177
 1727.1 1730.1  0.0005448  0.0933462  0.0010158
 1730.1 1733.1  0.0005425  0.0932175  0.0010139
 1733.1 1736.1  0.0005402  0.0930888  0.0010120
 1736.1 1739.1  0.0005379  0.0929601  0.0010100
 1739.1 1742.2  0.0005356  0.0928314  0.0010081
 1742.2 1745.2  0.0005332  0.0926985  0.0010061
 1745.2 1748.3  0.0005309  0.0925698  0.0010042
 1748.3 1751.3  0.0005286  0.0924368  0.0010022
 1751.3 1754.4  0.0005263  0.0923081  0.0010003
 1754.4 1757.5  0.0005238  0.0921674  0.0009982
 1757.5 1760.6  0.0005208  0.0919745  0.0009955
 1760.6 1763.7  0.0005178  0.0917817  0.0009928
 1763.7 1766.8  0.0005148  0.0915888  0.0009901
 1766.8 1769.9  0.0005118  0.0913959  0.0009874
 1769.9 1773.0  0.0005088  0.0912030  0.0009847
 1773.0 1776.2  0.0005060  0.0910110  0.0009820
 1776.2 1779.4  0.0005031  0.0908128  0.0009793
 1779.4 1782.5  0.0005002  0.0906146  0.0009766
 1782.5 1785.7  0.0004974  0.0904227  0.0009739
 1785.7 1788.9  0.0004945  0.0902245  0.0009712
 1788.9 1792.1  0.0004917  0.0900273  0.0009685
 1792.1 1795.3  0.0004890  0.0898303  0.0009658
 1795.3 1798.6  0.0004862  0.0896332  0.0009631
 1798.6 1801.8  0.0004834  0.0894300  0.0009603
 1801.8 1805.1  0.0004807  0.0892329  0.0009577
 1805.1 1808.3  0.0004779  0.0890251  0.0009549
 1808.3 1811.6  0.0004753  0.0888232  0.0009522
 1811.6 1814.9  0.0004726  0.0886151  0.0009495
 1814.9 1818.2  0.0004699  0.0884069  0.0009467
 1818.2 1821.5  0.0004672  0.0881993  0.0009439
 1821.5 1824.8  0.0004647  0.0879991  0.0009413
 1824.8 1828.2  0.0004622  0.0877988  0.0009387
 1828.2 1831.5  0.0004597  0.0875926  0.0009359
 1831.5 1834.9  0.0004572  0.0873924  0.0009333
 1834.9 1838.2  0.0004547  0.0871861  0.0009306
 1838.2 1841.6  0.0004523  0.0869876  0.0009280
 1841.6 1845.0  0.0004499  0.0867833  0.0009254
 1845.0 1848.4  0.0004475  0.0865789  0.0009227
 1848.4 1851.9  0.0004451  0.0863745  0.0009201
 1851.9 1855.3  0.0004427  0.0861641  0.0009174
 1855.3 1858.7  0.0004404  0.0859561  0.0009147
 1858.7 1862.2  0.0004381  0.0857480  0.0009121
 1862.2 1865.7  0.0004357  0.0855338  0.0009093
 1865.7 1869.2  0.0004333  0.0853196  0.0009066
 1869.2 1872.7  0.0004310  0.0851059  0.0009039
 1872.7 1876.2  0.0004288  0.0849003  0.0009012
 1876.2 1879.7  0.0004266  0.0846947  0.0008986
 1879.7 1883.2  0.0004244  0.0844892  0.0008960
 1883.2 1886.8  0.0004223  0.0842836  0.0008934
 1886.8 1890.4  0.0004200  0.0840721  0.0008907
 1890.4 1893.9  0.0004179  0.0838635  0.0008881
 1893.9 1897.5  0.0004158  0.0836608  0.0008855
 1897.5 1901.1  0.0004137  0.0834524  0.0008829
 1901.1 1904.8  0.0004116  0.0832439  0.0008803
 1904.8 1908.4  0.0004094  0.0830297  0.0008775
 1908.4 1912.0  0.0004073  0.0828190  0.0008749
 1912.0 1915.7  0.0004053  0.0826082  0.0008722
 1915.7 1919.4  0.0004031  0.0823915  0.0008695
 1919.4 1923.1  0.0004010  0.0821748  0.0008668
 1923.1 1926.8  0.0003988  0.0819584  0.0008640
 1926.8 1930.5  0.0003969  0.0817513  0.0008614
 1930.5 1934.2  0.0003949  0.0815443  0.0008588
 1934.2 1938.0  0.0003929  0.0813372  0.0008562
 1938.0 1941.7  0.0003909  0.0811246  0.0008535
 1941.7 1945.5  0.0003890  0.0809175  0.0008509
 1945.5 1949.3  0.0003870  0.0807087  0.0008482
 1949.3 1953.1  0.0003850  0.0805003  0.0008456
 1953.1 1956.9  0.0003831  0.0802919  0.0008429
 1956.9 1960.8  0.0003811  0.0800835  0.0008403
 1960.8 1964.6  0.0003791  0.0798697  0.0008375
 1964.6 1968.5  0.0003771  0.0796606  0.0008348
 1968.5 1972.4  0.0003751  0.0794460  0.0008321
 1972.4 1976.3  0.0003731  0.0792314  0.0008293
 1976.3 1980.2  0.0003711  0.0790168  0.0008265
 1980.2 1984.1  0.0003691  0.0788027  0.0008238
 1984.1 1988.1  0.0003672  0.0785985  0.0008211
 1988.1 1992.0  0.0003653  0.0783890  0.0008184
 1992.0 1996.0  0.0003634  0.0781848  0.0008157
 1996.0 2000.0  0.0003614  0.0779753  0.0008130
 2000.0 2004.0  0.0003595  0.0777658  0.0008103
 2004.0 2008.0  0.0003576  0.0775565  0.0008075
 2008.0 2012.1  0.0003556  0.0773472  0.0008048
 2012.1 2016.1  0.0003536  0.0771327  0.0008020
 2016.1 2020.2  0.0003517  0.0769234  0.0007992
 2020.2 2024.3  0.0003497  0.0767094  0.0007964
 2024.3 2028.4  0.0003478  0.0765055  0.0007937
 2028.4 2032.5  0.0003460  0.0763017  0.0007909
 2032.5 2036.7  0.0003441  0.0760979  0.0007882
 2036.7 2040.8  0.0003422  0.0758892  0.0007854
 2040.8 2045.0  0.0003403  0.0756853  0.0007827
 2045.0 2049.2  0.0003384  0.0754821  0.0007800
 2049.2 2053.4  0.0003365  0.0752791  0.0007773
 2053.4 2057.6  0.0003346  0.0750761  0.0007746
 2057.6 2061.9  0.0003328  0.0748731  0.0007718
 2061.9 2066.1  0.0003308  0.0746653  0.0007691
 2066.1 2070.4  0.0003290  0.0744637  0.0007663
 2070.4 2074.7  0.0003271  0.0742572  0.0007635
 2074.7 2079.0  0.0003252  0.0740508  0.0007607
 2079.0 2083.3  0.0003233  0.0738443  0.0007578
 2083.3 2087.7  0.0003214  0.0736384  0.0007550
 2087.7 2092.1  0.0003195  0.0734340  0.0007522
 2092.1 2096.4  0.0003176  0.0732297  0.0007494
 2096.4 2100.8  0.0003157  0.0730301  0.0007466
 2100.8 2105.3  0.0003138  0.0728257  0.0007438
 2105.3 2109.7  0.0003119  0.0726175  0.0007409
 2109.7 2114.2  0.0003101  0.0724246  0.0007382
 2114.2 2118.6  0.0003082  0.0722272  0.0007354
 2118.6 2123.1  0.0003064  0.0720342  0.0007327
 2123.1 2127.7  0.0003046  0.0718368  0.0007299
 2127.7 2132.2  0.0003027  0.0716351  0.0007271
 2132.2 2136.8  0.0003009  0.0714444  0.0007244
 2136.8 2141.3  0.0002991  0.0712500  0.0007216
 2141.3 2145.9  0.0002973  0.0710599  0.0007189
 2145.9 2150.5  0.0002954  0.0708655  0.0007162
 2150.5 2155.2  0.0002936  0.0706711  0.0007134
 2155.2 2159.8  0.0002917  0.0704688  0.0007105
 2159.8 2164.5  0.0002898  0.0702703  0.0007076
 2164.5 2169.2  0.0002878  0.0700675  0.0007047
 2169.2 2173.9  0.0002859  0.0698647  0.0007018
 2173.9 2178.6  0.0002839  0.0696619  0.0006989
 2178.6 2183.4  0.0002823  0.0694925  0.0006964
 2183.4 2188.2  0.0002806  0.0693203  0.0006938
 2188.2 2193.0  0.0002789  0.0691480  0.0006913
 2193.0 2197.8  0.0002772  0.0689758  0.0006888
 2197.8 2202.6  0.0002755  0.0688035  0.0006863
 2202.6 2207.5  0.0002737  0.0686219  0.0006836
 2207.5 2212.4  0.0002717  0.0684284  0.0006807
 2212.4 2217.3  0.0002698  0.0682349  0.0006778
 2217.3 2222.2  0.0002679  0.0680413  0.0006749
 2222.2 2227.2  0.0002659  0.0678485  0.0006720
 2227.2 2232.1  0.0002641  0.0676693  0.0006693
 2232.1 2237.1  0.0002622  0.0674936  0.0006666
 2237.1 2242.2  0.0002604  0.0673143  0.0006639
 2242.2 2247.2  0.0002585  0.0671315  0.0006611
 2247.2 2252.3  0.0002566  0.0669528  0.0006584
 2252.3 2257.3  0.0002548  0.0667837  0.0006558
 2257.3 2262.4  0.0002530  0.0666179  0.0006532
 2262.4 2267.6  0.0002512  0.0664488  0.0006506
 2267.6 2272.7  0.0002493  0.0662764  0.0006480
 2272.7 2277.9  0.0002475  0.0661073  0.0006454
 2277.9 2283.1  0.0002456  0.0659425  0.0006427
 2283.1 2288.3  0.0002438  0.0657780  0.0006401
 2288.3 2293.6  0.0002419  0.0656136  0.0006375
 2293.6 2298.9  0.0002400  0.0654460  0.0006348
 2298.9 2304.1  0.0002381  0.0652785  0.0006322
 2304.1 2309.5  0.0002363  0.0651283  0.0006297
 2309.5 2314.8  0.0002345  0.0649726  0.0006272
 2314.8 2320.2  0.0002327  0.0648198  0.0006247
 2320.2 2325.6  0.0002308  0.0646641  0.0006222
 2325.6 2331.0  0.0002289  0.0645084  0.0006197
 2331.0 2336.4  0.0002271  0.0643621  0.0006172
 2336.4 2341.9  0.0002252  0.0642164  0.0006148
 2341.9 2347.4  0.0002233  0.0640681  0.0006123
 2347.4 2352.9  0.0002213  0.0639198  0.0006098
 2352.9 2358.5  0.0002194  0.0637715  0.0006073
 2358.5 2364.1  0.0002175  0.0636336  0.0006050
 2364.1 2369.7  0.0002156  0.0634960  0.0006026
 2369.7 2375.3  0.0002136  0.0633584  0.0006002
 2375.3 2381.0  0.0002117  0.0632208  0.0005978
 2381.0 2386.6  0.0002097  0.0630807  0.0005954
 2386.6 2392.3  0.0002078  0.0629534  0.0005932
 2392.3 2398.1  0.0002060  0.0628238  0.0005910
 2398.1 2403.8  0.0002040  0.0626920  0.0005887
 2403.8 2409.6  0.0002022  0.0625624  0.0005865
 2409.6 2415.5  0.0002002  0.0624306  0.0005843
 2415.5 2421.3  0.0001983  0.0622911  0.0005821
 2421.3 2427.2  0.0001964  0.0621535  0.0005800
 2427.2 2433.1  0.0001945  0.0620136  0.0005778
 2433.1 2439.0  0.0001925  0.0618736  0.0005757
 2439.0 2445.0  0.0001906  0.0617337  0.0005735
 2445.0 2451.0  0.0001887  0.0615731  0.0005715
 2451.0 2457.0  0.0001869  0.0614125  0.0005695
 2457.0 2463.1  0.0001850  0.0612518  0.0005675
 2463.1 2469.1  0.0001831  0.0610885  0.0005655
 2469.1 2475.2  0.0001813  0.0609273  0.0005635
 2475.2 2481.4  0.0001796  0.0607290  0.0005616
 2481.4 2487.6  0.0001778  0.0605273  0.0005598
 2487.6 2493.8  0.0001761  0.0603257  0.0005579
 2493.8 2500.0  0.0001743  0.0601240  0.0005561
 2500.0 2506.3  0.0001726  0.0599224  0.0005542
 2506.3 2512.6  0.0001710  0.0596677  0.0005526
 2512.6 2518.9  0.0001695  0.0594129  0.0005509
 2518.9 2525.3  0.0001679  0.0591582  0.0005493
 2525.3 2531.6  0.0001664  0.0588994  0.0005476
 2531.6 2538.1  0.0001648  0.0586447  0.0005460
 2538.1 2544.5  0.0001634  0.0583064  0.0005445
 2544.5 2551.0  0.0001621  0.0579684  0.0005430
 2551.0 2557.5  0.0001607  0.0576252  0.0005416
 2557.5 2564.1  0.0001594  0.0572819  0.0005401
 2564.1 2570.7  0.0001580  0.0569318  0.0005386
 2570.7 2577.3  0.0001569  0.0564761  0.0005373
 2577.3 2584.0  0.0001559  0.0560204  0.0005361
 2584.0 2590.7  0.0001548  0.0555577  0.0005348
 2590.7 2597.4  0.0001537  0.0550951  0.0005335
 2597.4 2604.2  0.0001527  0.0546261  0.0005322
 2604.2 2611.0  0.0001520  0.0540474  0.0005313
 2611.0 2617.8  0.0001513  0.0534688  0.0005303
 2617.8 2624.7  0.0001507  0.0528901  0.0005293
 2624.7 2631.6  0.0001500  0.0523030  0.0005283
 2631.6 2638.5  0.0001493  0.0517158  0.0005273
 2638.5 2645.5  0.0001491  0.0509969  0.0005265
 2645.5 2652.5  0.0001488  0.0502592  0.0005257
 2652.5 2659.6  0.0001486  0.0495216  0.0005249
 2659.6 2666.7  0.0001484  0.0487735  0.0005241
 2666.7 2673.8  0.0001481  0.0480253  0.0005233
 2673.8 2681.0  0.0001483  0.0471735  0.0005228
 2681.0 2688.2  0.0001485  0.0463051  0.0005222
 2688.2 2695.4  0.0001487  0.0454366  0.0005216
 2695.4 2702.7  0.0001489  0.0445682  0.0005210
 2702.7 2710.0  0.0001491  0.0436877  0.0005204
 2710.0 2717.4  0.0001497  0.0427351  0.0005200
 2717.4 2724.8  0.0001503  0.0417663  0.0005195
 2724.8 2732.2  0.0001509  0.0407975  0.0005191
 2732.2 2739.7  0.0001515  0.0398287  0.0005187
 2739.7 2747.3  0.0001521  0.0388468  0.0005182
 2747.3 2754.8  0.0001531  0.0378155  0.0005178
 2754.8 2762.4  0.0001540  0.0367963  0.0005174
 2762.4 2770.1  0.0001550  0.0357635  0.0005170
 2770.1 2777.8  0.0001561  0.0347171  0.0005165
 2777.8 2785.5  0.0001571  0.0336708  0.0005161
 2785.5 2793.3  0.0001584  0.0326303  0.0005157
 2793.3 2801.1  0.0001598  0.0315764  0.0005152
 2801.1 2809.0  0.0001612  0.0305226  0.0005147
 2809.0 2816.9  0.0001626  0.0294553  0.0005143
 2816.9 2824.9  0.0001640  0.0283879  0.0005138
 2824.9 2832.9  0.0001657  0.0273510  0.0005131
 2832.9 2840.9  0.0001674  0.0263147  0.0005125
 2840.9 2849.0  0.0001691  0.0252783  0.0005118
 2849.0 2857.1  0.0001709  0.0242290  0.0005112
 2857.1 2865.3  0.0001726  0.0231814  0.0005105
 2865.3 2873.6  0.0001746  0.0222564  0.0005096
 2873.6 2881.8  0.0001766  0.0213202  0.0005086
 2881.8 2890.2  0.0001785  0.0203952  0.0005077
 2890.2 2898.6  0.0001805  0.0194477  0.0005068
 2898.6 2907.0  0.0001825  0.0185001  0.0005058
 2907.0 2915.5  0.0001847  0.0177024  0.0005045
 2915.5 2924.0  0.0001870  0.0169027  0.0005030
 2924.0 2932.6  0.0001893  0.0161030  0.0005016
 2932.6 2941.2  0.0001916  0.0152939  0.0005002
 2941.2 2949.9  0.0001939  0.0144899  0.0004988
 2949.9 2958.6  0.0001963  0.0138917  0.0004968
 2958.6 2967.4  0.0001987  0.0132934  0.0004949
 2967.4 2976.2  0.0002012  0.0126884  0.0004930
 2976.2 2985.1  0.0002036  0.0120833  0.0004910
 2985.1 2994.0  0.0002061  0.0114735  0.0004891
 2994.0 3003.0  0.0002086  0.0110566  0.0004866
 3003.0 3012.0  0.0002112  0.0106351  0.0004842
 3012.0 3021.1  0.0002137  0.0102135  0.0004817
 3021.1 3030.3  0.0002163  0.0097873  0.0004792
 3030.3 3039.5  0.0002189  0.0093619  0.0004767
 3039.5 3048.8  0.0002214  0.0091014  0.0004739
 3048.8 3058.1  0.0002239  0.0088381  0.0004710
 3058.1 3067.5  0.0002265  0.0085747  0.0004682
 3067.5 3076.9  0.0002290  0.0083086  0.0004653
 3076.9 3086.4  0.0002316  0.0080424  0.0004624
 3086.4 3096.0  0.0002340  0.0078999  0.0004593
 3096.0 3105.6  0.0002364  0.0077572  0.0004561
 3105.6 3115.3  0.0002388  0.0076145  0.0004529
 3115.3 3125.0  0.0002413  0.0074703  0.0004496
 3125.0 3134.8  0.0002437  0.0073261  0.0004464
 3134.8 3144.7  0.0002458  0.0072658  0.0004431
 3144.7 3154.6  0.0002479  0.0072049  0.0004398
 3154.6 3164.6  0.0002500  0.0071440  0.0004365
 3164.6 3174.6  0.0002521  0.0070825  0.0004332
 3174.6 3184.7  0.0002542  0.0070210  0.0004298
 3184.7 3194.9  0.0002559  0.0069908  0.0004265
 3194.9 3205.1  0.0002575  0.0069617  0.0004232
 3205.1 3215.4  0.0002591  0.0069325  0.0004199
 3215.4 3225.8  0.0002608  0.0069031  0.0004165
 3225.8 3236.2  0.0002624  0.0068726  0.0004132
 3236.2 3246.8  0.0002634  0.0068318  0.0004100
 3246.8 3257.3  0.0002644  0.0067903  0.0004067
 3257.3 3268.0  0.0002655  0.0067491  0.0004035
 3268.0 3278.7  0.0002665  0.0067072  0.0004002
 3278.7 3289.5  0.0002673  0.0066562  0.0003971
 3289.5 3300.3  0.0002677  0.0065872  0.0003940
 3300.3 3311.3  0.0002681  0.0065182  0.0003910
 3311.3 3322.3  0.0002685  0.0064479  0.0003879
 3322.3 3333.3  0.0002689  0.0063776  0.0003848
 3333.3 3344.5  0.0002689  0.0062933  0.0003818
 3344.5 3355.7  0.0002686  0.0062026  0.0003789
 3355.7 3367.0  0.0002684  0.0061120  0.0003760
 3367.0 3378.4  0.0002682  0.0060206  0.0003730
 3378.4 3389.8  0.0002680  0.0059335  0.0003703
 3389.8 3401.4  0.0002675  0.0058584  0.0003681
 3401.4 3413.0  0.0002670  0.0057820  0.0003660
 3413.0 3424.7  0.0002666  0.0057056  0.0003638
 3424.7 3436.4  0.0002661  0.0056285  0.0003617
 3436.4 3448.3  0.0002631  0.0053928  0.0003550
 3448.3 3460.2  0.0002600  0.0051489  0.0003482
 3460.2 3472.2  0.0002582  0.0050494  0.0003450
 3472.2 3484.3  0.0002566  0.0049734  0.0003423
 3484.3 3496.5  0.0002550  0.0048967  0.0003397
 3496.5 3508.8  0.0002534  0.0048193  0.0003370
 3508.8 3521.1  0.0002518  0.0047414  0.0003343
 3521.1 3533.6  0.0002501  0.0046634  0.0003316
 3533.6 3546.1  0.0002485  0.0045842  0.0003288
 3546.1 3558.7  0.0002468  0.0045049  0.0003261
 3558.7 3571.4  0.0002449  0.0044500  0.0003234
 3571.4 3584.2  0.0002429  0.0044058  0.0003208
 3584.2 3597.1  0.0002409  0.0043613  0.0003182
 3597.1 3610.1  0.0002388  0.0043164  0.0003155
 3610.1 3623.2  0.0002367  0.0042712  0.0003128
 3623.2 3636.4  0.0002347  0.0042257  0.0003101
 3636.4 3649.6  0.0002326  0.0041798  0.0003074
 3649.6 3663.0  0.0002305  0.0041339  0.0003047
 3663.0 3676.5  0.0002283  0.0041079  0.0003021
 3676.5 3690.0  0.0002261  0.0040824  0.0002995
 3690.0 3703.7  0.0002240  0.0040569  0.0002970
 3703.7 3717.5  0.0002218  0.0040310  0.0002943
 3717.5 3731.3  0.0002195  0.0040049  0.0002917
 3731.3 3745.3  0.0002173  0.0039788  0.0002891
 3745.3 3759.4  0.0002151  0.0039523  0.0002864
 3759.4 3773.6  0.0002130  0.0039262  0.0002839
 3773.6 3787.9  0.0002111  0.0039003  0.0002814
 3787.9 3802.3  0.0002091  0.0038741  0.0002789
 3802.3 3816.8  0.0002072  0.0038478  0.0002764
 3816.8 3831.4  0.0002052  0.0038213  0.0002739
 3831.4 3846.2  0.0002032  0.0037946  0.0002713
 3846.2 3861.0  0.0002012  0.0037675  0.0002688
 3861.0 3876.0  0.0001996  0.0037329  0.0002664
 3876.0 3891.1  0.0001980  0.0036951  0.0002640
 3891.1 3906.2  0.0001965  0.0036571  0.0002616
 3906.2 3921.6  0.0001950  0.0036191  0.0002593
 3921.6 3937.0  0.0001934  0.0035803  0.0002569
 3937.0 3952.6  0.0001918  0.0035415  0.0002544
 3952.6 3968.3  0.0001903  0.0035011  0.0002520
 3968.3 3984.1  0.0001892  0.0034546  0.0002498
 3984.1 4000.0  0.0001881  0.0034077  0.0002476
 4000.0 4016.1  0.0001870  0.0033606  0.0002454
 4016.1 4032.3  0.0001859  0.0033129  0.0002431
 4032.3 4048.6  0.0001848  0.0032649  0.0002408
 4048.6 4065.0  0.0001837  0.0032165  0.0002385
 4065.0 4081.6  0.0001829  0.0031687  0.0002364
 4081.6 4098.4  0.0001822  0.0031203  0.0002343
 4098.4 4115.2  0.0001814  0.0030713  0.0002322
 4115.2 4132.2  0.0001807  0.0030223  0.0002300
 4132.2 4149.4  0.0001799  0.0029727  0.0002279
 4149.4 4166.7  0.0001791  0.0029225  0.0002257
 4166.7 4184.1  0.0001786  0.0028766  0.0002237
 4184.1 4201.7  0.0001781  0.0028305  0.0002216
 4201.7 4219.4  0.0001777  0.0027838  0.0002196
 4219.4 4237.3  0.0001772  0.0027370  0.0002175
 4237.3 4255.3  0.0001767  0.0026895  0.0002155
 4255.3 4273.5  0.0001762  0.0026432  0.0002134
 4273.5 4291.8  0.0001759  0.0025998  0.0002115
 4291.8 4310.3  0.0001756  0.0025561  0.0002096
 4310.3 4329.0  0.0001753  0.0025120  0.0002077
 4329.0 4347.8  0.0001750  0.0024673  0.0002057
 4347.8 4366.8  0.0001747  0.0024225  0.0002037
 4366.8 4386.0  0.0001746  0.0023810  0.0002019
 4386.0 4405.3  0.0001744  0.0023397  0.0002000
 4405.3 4424.8  0.0001743  0.0022982  0.0001981
 4424.8 4444.4  0.0001741  0.0022562  0.0001962
 4444.4 4464.3  0.0001739  0.0022141  0.0001943
 4464.3 4484.3  0.0001738  0.0021742  0.0001925
 4484.3 4504.5  0.0001738  0.0021352  0.0001907
 4504.5 4524.9  0.0001737  0.0020959  0.0001889
 4524.9 4545.5  0.0001736  0.0020562  0.0001871
 4545.5 4566.2  0.0001735  0.0020161  0.0001853
 4566.2 4587.2  0.0001735  0.0019786  0.0001836
 4587.2 4608.3  0.0001735  0.0019415  0.0001818
 4608.3 4629.6  0.0001736  0.0019042  0.0001801
 4629.6 4651.2  0.0001736  0.0018665  0.0001784
 4651.2 4672.9  0.0001736  0.0018285  0.0001766
 4672.9 4694.8  0.0001737  0.0017934  0.0001749
 4694.8 4717.0  0.0001738  0.0017580  0.0001733
 4717.0 4739.3  0.0001739  0.0017221  0.0001715
 4739.3 4761.9  0.0001740  0.0016860  0.0001698
 4761.9 4784.7  0.0001742  0.0016510  0.0001681
 4784.7 4807.7  0.0001744  0.0016172  0.0001665
 4807.7 4830.9  0.0001746  0.0015831  0.0001648
 4830.9 4854.4  0.0001748  0.0015486  0.0001632
 4854.4 4878.0  0.0001751  0.0015143  0.0001615
 4878.0 4902.0  0.0001753  0.0014821  0.0001599
 4902.0 4926.1  0.0001756  0.0014493  0.0001583
 4926.1 4950.5  0.0001759  0.0014163  0.0001567
 4950.5 4975.1  0.0001762  0.0013831  0.0001551
 4975.1 5000.0  0.0001766  0.0013521  0.0001535
 5000.0 5025.1  0.0001771  0.0013207  0.0001519
 5025.1 5050.5  0.0001775  0.0012891  0.0001503
 5050.5 5076.1  0.0001779  0.0012571  0.0001487
 5076.1 5102.0  0.0001784  0.0012273  0.0001471
 5102.0 5128.2  0.0001789  0.0011972  0.0001456
 5128.2 5154.6  0.0001795  0.0011668  0.0001440
 5154.6 5181.3  0.0001800  0.0011365  0.0001424
 5181.3 5208.3  0.0001807  0.0011079  0.0001409
 5208.3 5235.6  0.0001813  0.0010790  0.0001394
 5235.6 5263.2  0.0001820  0.0010498  0.0001379
 5263.2 5291.0  0.0001827  0.0010215  0.0001364
 5291.0 5319.1  0.0001835  0.0009942  0.0001349
 5319.1 5347.6  0.0001843  0.0009667  0.0001334
 5347.6 5376.3  0.0001851  0.0009388  0.0001318
 5376.3 5405.4  0.0001861  0.0009130  0.0001304
 5405.4 5434.8  0.0001871  0.0008871  0.0001290
 5434.8 5464.5  0.0001881  0.0008610  0.0001275
 5464.5 5494.5  0.0001892  0.0008360  0.0001261
 5494.5 5524.9  0.0001904  0.0008121  0.0001247
 5524.9 5555.6  0.0001916  0.0007879  0.0001233
 5555.6 5586.6  0.0001929  0.0007640  0.0001219
 5586.6 5618.0  0.0001943  0.0007423  0.0001205
 5618.0 5649.7  0.0001957  0.0007203  0.0001192
 5649.7 5681.8  0.0001972  0.0006981  0.0001178
 5681.8 5714.3  0.0001989  0.0006785  0.0001166
 5714.3 5747.1  0.0002005  0.0006587  0.0001153
 5747.1 5780.3  0.0002022  0.0006387  0.0001140
 5780.3 5814.0  0.0002041  0.0006207  0.0001128
 5814.0 5848.0  0.0002060  0.0006026  0.0001115
 5848.0 5882.4  0.0002080  0.0005844  0.0001103
 5882.4 5917.2  0.0002101  0.0005679  0.0001091
 5917.2 5952.4  0.0002123  0.0005514  0.0001079
 5952.4 5988.0  0.0002145  0.0005349  0.0001067
 5988.0 6024.1  0.0002168  0.0005197  0.0001055
 6024.1 6060.6  0.0002191  0.0005044  0.0001044
 6060.6 6097.6  0.0002215  0.0004893  0.0001032
 6097.6 6135.0  0.0002240  0.0004750  0.0001020
 6135.0 6172.8  0.0002265  0.0004606  0.0001009
 6172.8 6211.2  0.0002291  0.0004467  0.0000997
 6211.2 6250.0  0.0002318  0.0004330  0.0000986
 6250.0 6289.3  0.0002345  0.0004192  0.0000974
 6289.3 6329.1  0.0002373  0.0004061  0.0000963
 6329.1 6369.4  0.0002402  0.0003928  0.0000951
 6369.4 6410.3  0.0002431  0.0003796  0.0000939
 6410.3 6451.6  0.0002460  0.0003666  0.0000928
 6451.6 6493.5  0.0002490  0.0003535  0.0000916
 6493.5 6535.9  0.0002521  0.0003405  0.0000904
 6535.9 6578.9  0.0002553  0.0003273  0.0000892
 6578.9 6622.5  0.0002584  0.0003139  0.0000880
 6622.5 6666.7  0.0002617  0.0003004  0.0000868
 6666.7 6711.4  0.0002649  0.0002866  0.0000855
 6711.4 6756.8  0.0002682  0.0002726  0.0000843
 6756.8 6802.7  0.0002715  0.0002582  0.0000830
 6802.7 6849.3  0.0002749  0.0002432  0.0000817
 6849.3 6896.6  0.0002783  0.0002280  0.0000803
 6896.6 6944.4  0.0002818  0.0002119  0.0000789
 6944.4 6993.0  0.0002852  0.0001955  0.0000776
 6993.0 7042.3  0.0002887  0.0001785  0.0000762
 7042.3 7092.2  0.0002923  0.0001611  0.0000747
 7092.2 7142.9  0.0002960  0.0001433  0.0000732
 7142.9 7194.2  0.0002997  0.0001250  0.0000717
 7194.2 7246.4  0.0003034  0.0001067  0.0000702
 7246.4 7299.3  0.0003072  0.0000880  0.0000687
 7299.3 7352.9  0.0003112  0.0000693  0.0000672
 7352.9 7407.4  0.0003152  0.0000505  0.0000656
 7407.4 7462.7  0.0003194  0.0000319  0.0000641
 7462.7 7518.8  0.0003237  0.0000171  0.0000625
 7518.8 7575.8  0.0003281  0.0000157  0.0000610
 7575.8 7633.6  0.0003327  0.0000226  0.0000594
 7633.6 7692.3  0.0003375  0.0000399  0.0000579
 7692.3 7751.9  0.0003425  0.0000561  0.0000565
 7751.9 7812.5  0.0003477  0.0000719  0.0000551
 7812.5 7874.0  0.0003533  0.0000857  0.0000537
 7874.0 7936.5  0.0003591  0.0000984  0.0000523
 7936.5 8000.0  0.0003652  0.0001094  0.0000511
 8000.0 8064.5  0.0003717  0.0001175  0.0000499
 8064.5 8130.1  0.0003787  0.0001239  0.0000488
 8130.1 8196.7  0.0003862  0.0001266  0.0000479
 8196.7 8264.5  0.0003943  0.0001251  0.0000472
 8264.5 8333.3  0.0004030  0.0001201  0.0000466
 8333.3 8403.4  0.0004125  0.0001092  0.0000463
 8403.4 8474.6  0.0004230  0.0000912  0.0000463
 8474.6 8547.0  0.0004340  0.0000706  0.0000464
 8547.0 8620.7  0.0004451  0.0000497  0.0000466
 8620.7 8695.7  0.0004565  0.0000284  0.0000467
 8695.7 8771.9  0.0004680  0.0000067  0.0000469
 8771.9 8849.6  0.0004798 -0.0000153  0.0000470
 8849.6 8928.6  0.0004917 -0.0000378  0.0000472
 8928.6 9009.0  0.0005039 -0.0000606  0.0000474
 9009.0 9090.9  0.0005163 -0.0000839  0.0000475
 9090.9 9174.3  0.0005289 -0.0001075  0.0000477
 9174.3 9259.3  0.0005417 -0.0001316  0.0000478
 9259.3 9345.8  0.0005548 -0.0001562  0.0000480
 9345.8 9434.0  0.0005682 -0.0001812  0.0000482
 9434.0 9523.8  0.0005817 -0.0002067  0.0000484
 9523.8 9615.4  0.0005956 -0.0002326  0.0000485
 9615.4 9708.7  0.0006097 -0.0002591  0.0000487
 9708.7 9803.9  0.0006240 -0.0002861  0.0000489
 9803.9 9901.0  0.0006387 -0.0003136  0.0000491
 9901.0 9911.0  0.0006537 -0.0003416  0.0000493
