 1176.5 1177.9  0.3818412 21.5718441  0.9148387
 1177.9 1179.2  0.3816200 21.5883770  0.9148541
 1179.2 1180.6  0.3814147 21.6037292  0.9148684
 1180.6 1182.0  0.3811935 21.6202641  0.9148837
 1182.0 1183.4  0.3809723 21.6367989  0.9148991
 1183.4 1184.8  0.3807511 21.6533318  0.9149145
 1184.8 1186.2  0.3805299 21.6698666  0.9149299
 1186.2 1187.6  0.3803088 21.6863995  0.9149452
 1187.6 1189.1  0.3800876 21.7029324  0.9149606
 1189.1 1190.5  0.3798507 21.7206478  0.9149771
 1190.5 1191.9  0.3796295 21.7371807  0.9149925
 1191.9 1193.3  0.3794083 21.7537155  0.9150079
 1193.3 1194.7  0.3791871 21.7702503  0.9150233
 1194.7 1196.2  0.3789660 21.7867813  0.9150386
 1196.2 1197.6  0.3787290 21.8044968  0.9150551
 1197.6 1199.0  0.3785078 21.8210316  0.9150705
 1199.0 1200.5  0.3782867 21.8375645  0.9150859
 1200.5 1201.9  0.3780497 21.8552799  0.9151024
 1201.9 1203.4  0.3778285 21.8718128  0.9151177
 1203.4 1204.8  0.3775915 21.8895283  0.9151342
 1204.8 1206.3  0.3773704 21.9060631  0.9151496
 1206.3 1207.7  0.3771334 21.9237766  0.9151660
 1207.7 1209.2  0.3769122 21.9403095  0.9151814
 1209.2 1210.7  0.3766752 21.9580250  0.9151979
 1210.7 1212.1  0.3764383 21.9757385  0.9152144
 1212.1 1213.6  0.3762171 21.9922733  0.9152297
 1213.6 1215.1  0.3759801 22.0099888  0.9152462
 1215.1 1216.5  0.3757432 22.0277023  0.9152627
 1216.5 1218.0  0.3755220 22.0442371  0.9152781
 1218.0 1219.5  0.3752850 22.0619507  0.9152946
 1219.5 1221.0  0.3750481 22.0796661  0.9153110
 1221.0 1222.5  0.3748111 22.0973816  0.9153275
 1222.5 1224.0  0.3745741 22.1150951  0.9153440
 1224.0 1225.5  0.3743372 22.1328106  0.9153605
 1225.5 1227.0  0.3741002 22.1505260  0.9153770
 1227.0 1228.5  0.3738632 22.1682396  0.9153934
 1228.5 1230.0  0.3736263 22.1859550  0.9154099
 1230.0 1231.5  0.3733893 22.2036705  0.9154264
 1231.5 1233.0  0.3731523 22.2213840  0.9154428
 1233.0 1234.6  0.3729153 22.2390995  0.9154593
 1234.6 1236.1  0.3726626 22.2579937  0.9154769
 1236.1 1237.6  0.3724256 22.2757092  0.9154934
 1237.6 1239.2  0.3721886 22.2934246  0.9155099
 1239.2 1240.7  0.3719359 22.3123188  0.9155274
 1240.7 1242.2  0.3716989 22.3300343  0.9155439
 1242.2 1243.8  0.3714619 22.3477497  0.9155604
 1243.8 1245.3  0.3712091 22.3666458  0.9155779
 1245.3 1246.9  0.3709722 22.3843613  0.9155945
 1246.9 1248.4  0.3707194 22.4032555  0.9156120
 1248.4 1250.0  0.3704824 22.4209709  0.9156285
 1250.0 1251.6  0.3702297 22.4398651  0.9156461
 1251.6 1253.1  0.3699769 22.4587612  0.9156637
 1253.1 1254.7  0.3697399 22.4764767  0.9156801
 1254.7 1256.3  0.3694872 22.4953709  0.9156977
 1256.3 1257.9  0.3692344 22.5142689  0.9157153
 1257.9 1259.4  0.3689816 22.5331631  0.9157329
 1259.4 1261.0  0.3687447 22.5508785  0.9157493
 1261.0 1262.6  0.3684919 22.5697746  0.9157669
 1262.6 1264.2  0.3682391 22.5886688  0.9157845
 1264.2 1265.8  0.3679864 22.6075649  0.9158021
 1265.8 1267.4  0.3677336 22.6264610  0.9158196
 1267.4 1269.0  0.3674808 22.6453571  0.9158372
 1269.0 1270.6  0.3672281 22.6642532  0.9158548
 1270.6 1272.3  0.3669753 22.6831474  0.9158723
 1272.3 1273.9  0.3667067 22.7032261  0.9158910
 1273.9 1275.5  0.3664540 22.7221203  0.9159086
 1275.5 1277.1  0.3662012 22.7410164  0.9159262
 1277.1 1278.8  0.3659484 22.7599125  0.9159437
 1278.8 1280.4  0.3656799 22.7799892  0.9159624
 1280.4 1282.1  0.3654271 22.7988853  0.9159800
 1282.1 1283.7  0.3651586 22.8189621  0.9159986
 1283.7 1285.3  0.3649058 22.8378563  0.9160162
 1285.3 1287.0  0.3646530 22.8567543  0.9160338
 1287.0 1288.7  0.3643844 22.8768291  0.9160525
 1288.7 1290.3  0.3641159 22.8969059  0.9160712
 1290.3 1292.0  0.3638631 22.9158020  0.9160887
 1292.0 1293.7  0.3635945 22.9358788  0.9161074
 1293.7 1295.3  0.3633260 22.9559555  0.9161261
 1295.3 1297.0  0.3630732 22.9748516  0.9161437
 1297.0 1298.7  0.3628047 22.9949284  0.9161623
 1298.7 1300.4  0.3625361 23.0150032  0.9161810
 1300.4 1302.1  0.3622880 23.0335941  0.9161958
 1302.1 1303.8  0.3621065 23.0473518  0.9161977
 1303.8 1305.5  0.3619249 23.0611115  0.9161997
 1305.5 1307.2  0.3617434 23.0748692  0.9162017
 1307.2 1308.9  0.3615619 23.0886269  0.9162037
 1308.9 1310.6  0.3613803 23.1023846  0.9162056
 1310.6 1312.3  0.3611988 23.1161423  0.9162077
 1312.3 1314.1  0.3610173 23.1299019  0.9162096
 1314.1 1315.8  0.3608251 23.1444683  0.9162117
 1315.8 1317.5  0.3606435 23.1582260  0.9162138
 1317.5 1319.3  0.3604620 23.1719837  0.9162157
 1319.3 1321.0  0.3602698 23.1865520  0.9162178
 1321.0 1322.8  0.3600883 23.2003098  0.9162198
 1322.8 1324.5  0.3598961 23.2148781  0.9162219
 1324.5 1326.3  0.3597145 23.2286339  0.9162239
 1326.3 1328.0  0.3595223 23.2432022  0.9162260
 1328.0 1329.8  0.3593408 23.2569599  0.9162280
 1329.8 1331.6  0.3591486 23.2715282  0.9162301
 1331.6 1333.3  0.3589564 23.2860947  0.9162322
 1333.3 1335.1  0.3587748 23.2998524  0.9162342
 1335.1 1336.9  0.3585826 23.3144207  0.9162363
 1336.9 1338.7  0.3583904 23.3289871  0.9162384
 1338.7 1340.5  0.3581982 23.3435535  0.9162405
 1340.5 1342.3  0.3580060 23.3581219  0.9162426
 1342.3 1344.1  0.3578138 23.3726902  0.9162447
 1344.1 1345.9  0.3576216 23.3872566  0.9162468
 1345.9 1347.7  0.3574294 23.4018250  0.9162489
 1347.7 1349.5  0.3572372 23.4163914  0.9162510
 1349.5 1351.4  0.3570450 23.4309578  0.9162531
 1351.4 1353.2  0.3568546 23.4454613  0.9162496
 1353.2 1355.0  0.3566786 23.4589062  0.9162442
 1355.0 1356.9  0.3565025 23.4723511  0.9162389
 1356.9 1358.7  0.3563167 23.4865417  0.9162333
 1358.7 1360.5  0.3561406 23.4999847  0.9162280
 1360.5 1362.4  0.3559646 23.5134296  0.9162227
 1362.4 1364.3  0.3557787 23.5276203  0.9162170
 1364.3 1366.1  0.3555929 23.5418129  0.9162114
 1366.1 1368.0  0.3554168 23.5552559  0.9162061
 1368.0 1369.9  0.3552310 23.5694466  0.9162005
 1369.9 1371.7  0.3550451 23.5836391  0.9161949
 1371.7 1373.6  0.3548691 23.5970821  0.9161896
 1373.6 1375.5  0.3546832 23.6112728  0.9161839
 1375.5 1377.4  0.3544974 23.6254635  0.9161783
 1377.4 1379.3  0.3543116 23.6396561  0.9161727
 1379.3 1381.2  0.3541257 23.6538467  0.9161671
 1381.2 1383.1  0.3539399 23.6680374  0.9161615
 1383.1 1385.0  0.3537540 23.6822281  0.9161559
 1385.0 1387.0  0.3535682 23.6964188  0.9161503
 1387.0 1388.9  0.3533725 23.7113571  0.9161444
 1388.9 1390.8  0.3531867 23.7255497  0.9161388
 1390.8 1392.8  0.3530008 23.7397404  0.9161332
 1392.8 1394.7  0.3528052 23.7546787  0.9161273
 1394.7 1396.6  0.3526194 23.7688694  0.9161217
 1396.6 1398.6  0.3524336 23.7830601  0.9161161
 1398.6 1400.6  0.3522379 23.7979984  0.9161101
 1400.6 1402.5  0.3520474 23.8125725  0.9161020
 1402.5 1404.5  0.3518776 23.8256149  0.9160894
 1404.5 1406.5  0.3516989 23.8393440  0.9160761
 1406.5 1408.5  0.3515202 23.8530731  0.9160629
 1408.5 1410.4  0.3513415 23.8668022  0.9160496
 1410.4 1412.4  0.3511717 23.8798447  0.9160370
 1412.4 1414.4  0.3509930 23.8935738  0.9160237
 1414.4 1416.4  0.3508143 23.9073029  0.9160104
 1416.4 1418.4  0.3506356 23.9210300  0.9159972
 1418.4 1420.5  0.3504569 23.9347591  0.9159839
 1420.5 1422.5  0.3502693 23.9491749  0.9159700
 1422.5 1424.5  0.3500906 23.9629040  0.9159567
 1424.5 1426.5  0.3499119 23.9766331  0.9159434
 1426.5 1428.6  0.3497332 23.9903603  0.9159302
 1428.6 1430.6  0.3495455 24.0047760  0.9159163
 1430.6 1432.7  0.3493668 24.0185051  0.9159030
 1432.7 1434.7  0.3491792 24.0329208  0.9158890
 1434.7 1436.8  0.3490005 24.0466480  0.9158758
 1436.8 1438.8  0.3488128 24.0610638  0.9158618
 1438.8 1440.9  0.3486341 24.0747929  0.9158486
 1440.9 1443.0  0.3484465 24.0892086  0.9158347
 1443.0 1445.1  0.3482589 24.1036243  0.9158207
 1445.1 1447.2  0.3480712 24.1180382  0.9158068
 1447.2 1449.3  0.3478836 24.1324539  0.9157929
 1449.3 1451.4  0.3476959 24.1468697  0.9157789
 1451.4 1453.5  0.3475195 24.1604595  0.9157604
 1453.5 1455.6  0.3473487 24.1736355  0.9157397
 1455.6 1457.7  0.3471779 24.1868114  0.9157189
 1457.7 1459.9  0.3470071 24.1999874  0.9156981
 1459.9 1462.0  0.3468282 24.2137928  0.9156763
 1462.0 1464.1  0.3466574 24.2269688  0.9156555
 1464.1 1466.3  0.3464866 24.2401447  0.9156347
 1466.3 1468.4  0.3463076 24.2539501  0.9156129
 1468.4 1470.6  0.3461368 24.2671261  0.9155921
 1470.6 1472.8  0.3459579 24.2809296  0.9155704
 1472.8 1474.9  0.3457789 24.2947350  0.9155486
 1474.9 1477.1  0.3456081 24.3079109  0.9155278
 1477.1 1479.3  0.3454292 24.3217144  0.9155060
 1479.3 1481.5  0.3452502 24.3355198  0.9154842
 1481.5 1483.7  0.3450713 24.3493233  0.9154624
 1483.7 1485.9  0.3448924 24.3631268  0.9154407
 1485.9 1488.1  0.3447134 24.3769321  0.9154189
 1488.1 1490.3  0.3445345 24.3907356  0.9153971
 1490.3 1492.5  0.3443556 24.4045391  0.9153754
 1492.5 1494.8  0.3441766 24.4183426  0.9153536
 1494.8 1497.0  0.3439896 24.4327755  0.9153308
 1497.0 1499.3  0.3438106 24.4465790  0.9153090
 1499.3 1501.5  0.3436235 24.4610100  0.9152862
 1501.5 1503.8  0.3434560 24.4739456  0.9152601
 1503.8 1506.0  0.3432865 24.4870434  0.9152308
 1506.0 1508.3  0.3431244 24.4995728  0.9152027
 1508.3 1510.6  0.3429549 24.5126705  0.9151733
 1510.6 1512.9  0.3427854 24.5257683  0.9151439
 1512.9 1515.2  0.3426158 24.5388680  0.9151145
 1515.2 1517.5  0.3424463 24.5519657  0.9150851
 1517.5 1519.8  0.3422768 24.5650635  0.9150558
 1519.8 1522.1  0.3421073 24.5781631  0.9150264
 1522.1 1524.4  0.3419378 24.5912609  0.9149970
 1524.4 1526.7  0.3417683 24.6043587  0.9149676
 1526.7 1529.1  0.3415987 24.6174564  0.9149382
 1529.1 1531.4  0.3414219 24.6311245  0.9149075
 1531.4 1533.7  0.3412524 24.6442242  0.9148781
 1533.7 1536.1  0.3410828 24.6573219  0.9148487
 1536.1 1538.5  0.3409060 24.6709900  0.9148181
 1538.5 1540.8  0.3407291 24.6846581  0.9147874
 1540.8 1543.2  0.3405596 24.6977558  0.9147580
 1543.2 1545.6  0.3403827 24.7114239  0.9147274
 1545.6 1548.0  0.3402058 24.7250900  0.9146967
 1548.0 1550.4  0.3400289 24.7387581  0.9146661
 1550.4 1552.8  0.3398550 24.7521973  0.9146343
 1552.8 1555.2  0.3396956 24.7644882  0.9145977
 1555.2 1557.6  0.3395363 24.7767773  0.9145610
 1557.6 1560.1  0.3393770 24.7890663  0.9145243
 1560.1 1562.5  0.3392110 24.8018684  0.9144861
 1562.5 1564.9  0.3390516 24.8141594  0.9144493
 1564.9 1567.4  0.3388923 24.8264484  0.9144126
 1567.4 1569.9  0.3387263 24.8392506  0.9143744
 1569.9 1572.3  0.3385603 24.8520527  0.9143361
 1572.3 1574.8  0.3384010 24.8643436  0.9142995
 1574.8 1577.3  0.3382350 24.8771458  0.9142612
 1577.3 1579.8  0.3380691 24.8899479  0.9142230
 1579.8 1582.3  0.3379031 24.9027500  0.9141847
 1582.3 1584.8  0.3377371 24.9155521  0.9141465
 1584.8 1587.3  0.3375711 24.9283524  0.9141083
 1587.3 1589.8  0.3374051 24.9411545  0.9140701
 1589.8 1592.4  0.3372392 24.9539566  0.9140319
 1592.4 1594.9  0.3370666 24.9672718  0.9139921
 1594.9 1597.4  0.3369006 24.9800739  0.9139538
 1597.4 1600.0  0.3367346 24.9928761  0.9139156
 1600.0 1602.6  0.3365620 25.0061893  0.9138759
 1602.6 1605.1  0.3364082 25.0180092  0.9138299
 1605.1 1607.7  0.3362604 25.0293732  0.9137856
 1607.7 1610.3  0.3361066 25.0411930  0.9137396
 1610.3 1612.9  0.3359528 25.0530128  0.9136935
 1612.9 1615.5  0.3357990 25.0648327  0.9136475
 1615.5 1618.1  0.3356453 25.0766506  0.9136015
 1618.1 1620.7  0.3354915 25.0884705  0.9135555
 1620.7 1623.4  0.3353377 25.1002903  0.9135095
 1623.4 1626.0  0.3351780 25.1125641  0.9134617
 1626.0 1628.7  0.3350243 25.1243839  0.9134157
 1628.7 1631.3  0.3348646 25.1366577  0.9133679
 1631.3 1634.0  0.3347108 25.1484776  0.9133219
 1634.0 1636.7  0.3345511 25.1607513  0.9132740
 1636.7 1639.3  0.3343914 25.1730251  0.9132262
 1639.3 1642.0  0.3342376 25.1848450  0.9131802
 1642.0 1644.7  0.3340780 25.1971188  0.9131324
 1644.7 1647.4  0.3339183 25.2093925  0.9130846
 1647.4 1650.2  0.3337586 25.2216663  0.9130368
 1650.2 1652.9  0.3335945 25.2342777  0.9129867
 1652.9 1655.6  0.3334555 25.2449741  0.9129311
 1655.6 1658.4  0.3333166 25.2556705  0.9128757
 1658.4 1661.1  0.3331724 25.2667637  0.9128180
 1661.1 1663.9  0.3330334 25.2774582  0.9127625
 1663.9 1666.7  0.3328893 25.2885513  0.9127049
 1666.7 1669.4  0.3327452 25.2996426  0.9126473
 1669.4 1672.2  0.3326062 25.3103390  0.9125918
 1672.2 1675.0  0.3324621 25.3214302  0.9125342
 1675.0 1677.9  0.3323179 25.3325233  0.9124766
 1677.9 1680.7  0.3321687 25.3440113  0.9124169
 1680.7 1683.5  0.3320246 25.3551044  0.9123594
 1683.5 1686.3  0.3318804 25.3661957  0.9123018
 1686.3 1689.2  0.3317363 25.3772888  0.9122442
 1689.2 1692.0  0.3315870 25.3887768  0.9121845
 1692.0 1694.9  0.3314429 25.3998680  0.9121270
 1694.9 1697.8  0.3312936 25.4113579  0.9120673
 1697.8 1700.7  0.3311444 25.4228458  0.9120076
 1700.7 1703.6  0.3310093 25.4332542  0.9119514
 1703.6 1706.5  0.3309187 25.4402752  0.9119055
 1706.5 1709.4  0.3308281 25.4472961  0.9118598
 1709.4 1712.3  0.3307376 25.4543171  0.9118140
 1712.3 1715.3  0.3306470 25.4613380  0.9117681
 1715.3 1718.2  0.3305534 25.4686012  0.9117208
 1718.2 1721.2  0.3304628 25.4756203  0.9116750
 1721.2 1724.1  0.3303691 25.4828835  0.9116276
 1724.1 1727.1  0.3302786 25.4899044  0.9115818
 1727.1 1730.1  0.3301849 25.4971676  0.9115344
 1730.1 1733.1  0.3300912 25.5044308  0.9114870
 1733.1 1736.1  0.3299975 25.5116920  0.9114397
 1736.1 1739.1  0.3299038 25.5189552  0.9113923
 1739.1 1742.2  0.3298102 25.5262184  0.9113449
 1742.2 1745.2  0.3297134 25.5337238  0.9112960
 1745.2 1748.3  0.3296197 25.5409851  0.9112486
 1748.3 1751.3  0.3295229 25.5484905  0.9111996
 1751.3 1754.4  0.3294292 25.5557537  0.9111522
 1754.4 1757.5  0.3293291 25.5635376  0.9110993
 1757.5 1760.6  0.3292064 25.5732002  0.9110192
 1760.6 1763.7  0.3290837 25.5828648  0.9109392
 1763.7 1766.8  0.3289611 25.5925274  0.9108590
 1766.8 1769.9  0.3288384 25.6021919  0.9107790
 1769.9 1773.0  0.3287158 25.6118565  0.9106989
 1773.0 1776.2  0.3286021 25.6209202  0.9106144
 1776.2 1779.4  0.3284850 25.6302567  0.9105271
 1779.4 1782.5  0.3283679 25.6395931  0.9104397
 1782.5 1785.7  0.3282545 25.6486359  0.9103550
 1785.7 1788.9  0.3281375 25.6579723  0.9102677
 1788.9 1792.1  0.3280293 25.6667233  0.9101758
 1792.1 1795.3  0.3279220 25.6754112  0.9100834
 1795.3 1798.6  0.3278148 25.6841011  0.9099911
 1798.6 1801.8  0.3277042 25.6930618  0.9098958
 1801.8 1805.1  0.3275969 25.7017498  0.9098035
 1805.1 1808.3  0.3274935 25.7102985  0.9097000
 1808.3 1811.6  0.3273937 25.7185631  0.9095991
 1811.6 1814.9  0.3272908 25.7270851  0.9094950
 1814.9 1818.2  0.3271879 25.7356071  0.9093909
 1818.2 1821.5  0.3270858 25.7440701  0.9092867
 1821.5 1824.8  0.3269971 25.7516251  0.9091799
 1824.8 1828.2  0.3269084 25.7591801  0.9090730
 1828.2 1831.5  0.3268170 25.7669659  0.9089630
 1831.5 1834.9  0.3267283 25.7745209  0.9088561
 1834.9 1838.2  0.3266370 25.7823048  0.9087460
 1838.2 1841.6  0.3265598 25.7891426  0.9086329
 1841.6 1845.0  0.3264806 25.7961636  0.9085161
 1845.0 1848.4  0.3264014 25.8031845  0.9083993
 1848.4 1851.9  0.3263222 25.8102055  0.9082825
 1851.9 1855.3  0.3262406 25.8174343  0.9081624
 1855.3 1858.7  0.3261721 25.8238583  0.9080350
 1858.7 1862.2  0.3261040 25.8302631  0.9079072
 1862.2 1865.7  0.3260338 25.8368587  0.9077758
 1865.7 1869.2  0.3259636 25.8434525  0.9076443
 1869.2 1872.7  0.3258943 25.8499889  0.9075127
 1872.7 1876.2  0.3258399 25.8555584  0.9073771
 1876.2 1879.7  0.3257855 25.8611279  0.9072414
 1879.7 1883.2  0.3257311 25.8666973  0.9071058
 1883.2 1886.8  0.3256767 25.8722668  0.9069701
 1886.8 1890.4  0.3256207 25.8779964  0.9068307
 1890.4 1893.9  0.3255790 25.8828735  0.9066828
 1893.9 1897.5  0.3255392 25.8875675  0.9065387
 1897.5 1901.1  0.3254983 25.8923950  0.9063904
 1901.1 1904.8  0.3254573 25.8972206  0.9062421
 1904.8 1908.4  0.3254153 25.9021816  0.9060896
 1908.4 1912.0  0.3253888 25.9062195  0.9059282
 1912.0 1915.7  0.3253632 25.9102097  0.9057660
 1915.7 1919.4  0.3253370 25.9143105  0.9055992
 1919.4 1923.1  0.3253107 25.9184113  0.9054325
 1923.1 1926.8  0.3252849 25.9224815  0.9052656
 1926.8 1930.5  0.3252763 25.9254818  0.9050931
 1930.5 1934.2  0.3252677 25.9284821  0.9049206
 1934.2 1938.0  0.3252591 25.9314823  0.9047480
 1938.0 1941.7  0.3252504 25.9345627  0.9045708
 1941.7 1945.5  0.3252418 25.9375610  0.9043983
 1945.5 1949.3  0.3252500 25.9396629  0.9042106
 1949.3 1953.1  0.3252597 25.9416809  0.9040220
 1953.1 1956.9  0.3252694 25.9436970  0.9038333
 1956.9 1960.8  0.3252791 25.9457150  0.9036447
 1960.8 1964.6  0.3252891 25.9477844  0.9034511
 1964.6 1968.5  0.3253169 25.9488354  0.9032463
 1968.5 1972.4  0.3253465 25.9498596  0.9030353
 1972.4 1976.3  0.3253761 25.9508820  0.9028242
 1976.3 1980.2  0.3254056 25.9519062  0.9026132
 1980.2 1984.1  0.3254360 25.9528809  0.9024017
 1984.1 1988.1  0.3254811 25.9529552  0.9021848
 1988.1 1992.0  0.3255275 25.9530315  0.9019623
 1992.0 1996.0  0.3255726 25.9531059  0.9017454
 1996.0 2000.0  0.3256189 25.9531822  0.9015229
 2000.0 2004.0  0.3256652 25.9532585  0.9013004
 2004.0 2008.0  0.3257270 25.9525356  0.9010611
 2008.0 2012.1  0.3257887 25.9518127  0.9008218
 2012.1 2016.1  0.3258520 25.9510727  0.9005765
 2016.1 2020.2  0.3259137 25.9503498  0.9003373
 2020.2 2024.3  0.3259774 25.9495831  0.9000918
 2024.3 2028.4  0.3260496 25.9482822  0.8998427
 2028.4 2032.5  0.3261218 25.9469814  0.8995935
 2032.5 2036.7  0.3261940 25.9456806  0.8993443
 2036.7 2040.8  0.3262680 25.9443493  0.8990891
 2040.8 2045.0  0.3263402 25.9430485  0.8988400
 2045.0 2049.2  0.3264207 25.9413624  0.8985761
 2049.2 2053.4  0.3265016 25.9396572  0.8983117
 2053.4 2057.6  0.3265825 25.9379539  0.8980474
 2057.6 2061.9  0.3266634 25.9362488  0.8977831
 2061.9 2066.1  0.3267462 25.9345036  0.8975125
 2066.1 2070.4  0.3268318 25.9326286  0.8972341
 2070.4 2074.7  0.3269195 25.9307041  0.8969489
 2074.7 2079.0  0.3270072 25.9287796  0.8966636
 2079.0 2083.3  0.3270950 25.9268551  0.8963783
 2083.3 2087.7  0.3271826 25.9249401  0.8960926
 2087.7 2092.1  0.3272706 25.9231091  0.8957940
 2092.1 2096.4  0.3273585 25.9212780  0.8954954
 2096.4 2100.8  0.3274445 25.9194870  0.8952035
 2100.8 2105.3  0.3275324 25.9176559  0.8949049
 2105.3 2109.7  0.3276218 25.9158154  0.8945996
 2109.7 2114.2  0.3277013 25.9144421  0.8943022
 2114.2 2118.6  0.3277826 25.9130363  0.8939980
 2118.6 2123.1  0.3278620 25.9116631  0.8937006
 2123.1 2127.7  0.3279433 25.9102573  0.8933964
 2127.7 2132.2  0.3280264 25.9088211  0.8930855
 2132.2 2136.8  0.3280964 25.9081059  0.8927776
 2136.8 2141.3  0.3281672 25.9074249  0.8924625
 2141.3 2145.9  0.3282364 25.9067593  0.8921543
 2145.9 2150.5  0.3283072 25.9060783  0.8918392
 2150.5 2155.2  0.3283779 25.9053974  0.8915242
 2155.2 2159.8  0.3284357 25.9057865  0.8911812
 2159.8 2164.5  0.3284906 25.9062958  0.8908430
 2164.5 2169.2  0.3285468 25.9068146  0.8904975
 2169.2 2173.9  0.3286029 25.9073334  0.8901520
 2173.9 2178.6  0.3286590 25.9078522  0.8898064
 2178.6 2183.4  0.3286867 25.9095707  0.8895056
 2183.4 2188.2  0.3287143 25.9113503  0.8891993
 2188.2 2193.0  0.3287418 25.9131317  0.8888930
 2193.0 2197.8  0.3287694 25.9149132  0.8885868
 2197.8 2202.6  0.3287970 25.9166927  0.8882805
 2202.6 2207.5  0.3288075 25.9197884  0.8879489
 2207.5 2212.4  0.3288033 25.9240837  0.8875887
 2212.4 2217.3  0.3287991 25.9283772  0.8872286
 2217.3 2222.2  0.3287948 25.9326725  0.8868684
 2222.2 2227.2  0.3287890 25.9370575  0.8865090
 2227.2 2232.1  0.3287441 25.9436665  0.8861617
 2232.1 2237.1  0.3287000 25.9501438  0.8858215
 2237.1 2242.2  0.3286551 25.9567547  0.8854743
 2242.2 2247.2  0.3286093 25.9634953  0.8851201
 2247.2 2252.3  0.3285623 25.9702187  0.8847734
 2252.3 2257.3  0.3284667 25.9798279  0.8844324
 2257.3 2262.4  0.3283729 25.9892483  0.8840981
 2262.4 2267.6  0.3282773 25.9988575  0.8837571
 2267.6 2272.7  0.3281798 26.0086555  0.8834093
 2272.7 2277.9  0.3280841 26.0182648  0.8830684
 2277.9 2283.1  0.3279252 26.0317612  0.8827232
 2283.1 2288.3  0.3277625 26.0454845  0.8823782
 2288.3 2293.6  0.3275999 26.0592098  0.8820332
 2293.6 2298.9  0.3274340 26.0731964  0.8816816
 2298.9 2304.1  0.3272682 26.0871830  0.8813299
 2304.1 2309.5  0.3270392 26.1047459  0.8810029
 2309.5 2314.8  0.3268000 26.1230583  0.8806637
 2314.8 2320.2  0.3265652 26.1410332  0.8803308
 2320.2 2325.6  0.3263260 26.1593475  0.8799916
 2325.6 2331.0  0.3260868 26.1776619  0.8796523
 2331.0 2336.4  0.3257625 26.2010612  0.8793222
 2336.4 2341.9  0.3254314 26.2248669  0.8789927
 2341.9 2347.4  0.3250941 26.2491150  0.8786571
 2347.4 2352.9  0.3247569 26.2733612  0.8783215
 2352.9 2358.5  0.3244196 26.2976093  0.8779860
 2358.5 2364.1  0.3239794 26.3280296  0.8776647
 2364.1 2369.7  0.3235374 26.3585548  0.8773438
 2369.7 2375.3  0.3230955 26.3890781  0.8770229
 2375.3 2381.0  0.3226535 26.4196053  0.8767020
 2381.0 2386.6  0.3222036 26.4506741  0.8763754
 2386.6 2392.3  0.3216914 26.4855595  0.8760869
 2392.3 2398.1  0.3211700 26.5210667  0.8757932
 2398.1 2403.8  0.3206395 26.5571957  0.8754944
 2403.8 2409.6  0.3201181 26.5927029  0.8752007
 2409.6 2415.5  0.3195876 26.6288338  0.8749020
 2415.5 2421.3  0.3190119 26.6686516  0.8746300
 2421.3 2427.2  0.3184434 26.7080154  0.8743650
 2427.2 2433.1  0.3178650 26.7480583  0.8740954
 2433.1 2439.0  0.3172867 26.7881012  0.8738259
 2439.0 2445.0  0.3167084 26.8281422  0.8735563
 2445.0 2451.0  0.3161600 26.8681908  0.8733348
 2451.0 2457.0  0.3156116 26.9082375  0.8731133
 2457.0 2463.1  0.3150632 26.9482861  0.8728917
 2463.1 2469.1  0.3145056 26.9890022  0.8726665
 2469.1 2475.2  0.3139592 27.0289783  0.8724461
 2475.2 2481.4  0.3135180 27.0653515  0.8722886
 2481.4 2487.6  0.3130697 27.1023235  0.8721286
 2487.6 2493.8  0.3126214 27.1392956  0.8719686
 2493.8 2500.0  0.3121730 27.1762676  0.8718085
 2500.0 2506.3  0.3117247 27.2132378  0.8716485
 2506.3 2512.6  0.3114754 27.2419071  0.8715716
 2512.6 2518.9  0.3112260 27.2705746  0.8714948
 2518.9 2525.3  0.3109767 27.2992439  0.8714179
 2525.3 2531.6  0.3107234 27.3283672  0.8713398
 2531.6 2538.1  0.3104740 27.3570366  0.8712629
 2538.1 2544.5  0.3104981 27.3745861  0.8712810
 2544.5 2551.0  0.3105401 27.3910904  0.8713052
 2551.0 2557.5  0.3105826 27.4078503  0.8713297
 2557.5 2564.1  0.3106251 27.4246120  0.8713542
 2564.1 2570.7  0.3106748 27.4413490  0.8713810
 2570.7 2577.3  0.3111403 27.4397068  0.8715350
 2577.3 2584.0  0.3116059 27.4380665  0.8716889
 2584.0 2590.7  0.3120785 27.4363995  0.8718452
 2590.7 2597.4  0.3125511 27.4347324  0.8720015
 2597.4 2604.2  0.3130537 27.4316730  0.8721660
 2604.2 2611.0  0.3140426 27.4062805  0.8724657
 2611.0 2617.8  0.3150316 27.3808899  0.8727654
 2617.8 2624.7  0.3160206 27.3554974  0.8730650
 2624.7 2631.6  0.3170241 27.3297329  0.8733691
 2631.6 2638.5  0.3180276 27.3039665  0.8736731
 2638.5 2645.5  0.3196174 27.2522526  0.8741232
 2645.5 2652.5  0.3212669 27.1981697  0.8745888
 2652.5 2659.6  0.3229164 27.1440849  0.8750545
 2659.6 2666.7  0.3245894 27.0892277  0.8755268
 2666.7 2673.8  0.3262624 27.0343723  0.8759992
 2673.8 2681.0  0.3285162 26.9548130  0.8765875
 2681.0 2688.2  0.3308276 26.8730297  0.8771893
 2688.2 2695.4  0.3331390 26.7912464  0.8777910
 2695.4 2702.7  0.3354504 26.7094612  0.8783929
 2702.7 2710.0  0.3377940 26.6265411  0.8790030
 2710.0 2717.4  0.3407027 26.5213165  0.8796908
 2717.4 2724.8  0.3436758 26.4136848  0.8803914
 2724.8 2732.2  0.3466489 26.3060474  0.8810920
 2732.2 2739.7  0.3496220 26.1984158  0.8817925
 2739.7 2747.3  0.3526353 26.0893269  0.8825025
 2747.3 2754.8  0.3562424 25.9590054  0.8832558
 2754.8 2762.4  0.3598246 25.8295975  0.8840007
 2762.4 2770.1  0.3634544 25.6984673  0.8847553
 2770.1 2777.8  0.3671322 25.5656052  0.8855200
 2777.8 2785.5  0.3708098 25.4327488  0.8862846
 2785.5 2793.3  0.3750183 25.2833881  0.8870318
 2793.3 2801.1  0.3792958 25.1316414  0.8877882
 2801.1 2809.0  0.3835733 24.9798946  0.8885446
 2809.0 2816.9  0.3879055 24.8262043  0.8893107
 2816.9 2824.9  0.3922378 24.6725140  0.8900767
 2824.9 2832.9  0.3972083 24.5016022  0.8907815
 2832.9 2840.9  0.4021862 24.3304958  0.8914855
 2840.9 2849.0  0.4071640 24.1593914  0.8921894
 2849.0 2857.1  0.4122042 23.9861450  0.8929022
 2857.1 2865.3  0.4172488 23.8128433  0.8936129
 2865.3 2873.6  0.4227138 23.6330051  0.8941706
 2873.6 2881.8  0.4282456 23.4509735  0.8947350
 2881.8 2890.2  0.4337106 23.2711353  0.8952926
 2890.2 2898.6  0.4393089 23.0869122  0.8958639
 2898.6 2907.0  0.4449074 22.9026833  0.8964351
 2907.0 2915.5  0.4510796 22.7104378  0.8968003
 2915.5 2924.0  0.4573545 22.5154953  0.8971595
 2924.0 2932.6  0.4636294 22.3205509  0.8975187
 2932.6 2941.2  0.4699781 22.1233139  0.8978820
 2941.2 2949.9  0.4763336 21.9261532  0.8982393
 2949.9 2958.6  0.4830549 21.7297573  0.8983382
 2958.6 2967.4  0.4897764 21.5333576  0.8984372
 2967.4 2976.2  0.4965749 21.3347092  0.8985373
 2976.2 2985.1  0.5033735 21.1360550  0.8986374
 2985.1 2994.0  0.5102530 20.9351692  0.8987359
 2994.0 3003.0  0.5174345 20.7368126  0.8985909
 3003.0 3012.0  0.5246969 20.5362263  0.8984443
 3012.0 3021.1  0.5319593 20.3356380  0.8982977
 3021.1 3030.3  0.5393024 20.1328201  0.8981494
 3030.3 3039.5  0.5467245 19.9281349  0.8979933
 3039.5 3048.8  0.5540985 19.7341137  0.8976504
 3048.8 3058.1  0.5615527 19.5379810  0.8973038
 3058.1 3067.5  0.5690069 19.3418503  0.8969572
 3067.5 3076.9  0.5765412 19.1436119  0.8966069
 3076.9 3086.4  0.5840755 18.9453735  0.8962566
 3086.4 3096.0  0.5915719 18.7566509  0.8957589
 3096.0 3105.6  0.5991461 18.5660629  0.8952544
 3105.6 3115.3  0.6067203 18.3754768  0.8947498
 3115.3 3125.0  0.6143733 18.1829090  0.8942401
 3125.0 3134.8  0.6220262 17.9903393  0.8937303
 3134.8 3144.7  0.6291549 17.8184147  0.8931534
 3144.7 3154.6  0.6363562 17.6447392  0.8925706
 3154.6 3164.6  0.6435577 17.4710579  0.8919879
 3164.6 3174.6  0.6508318 17.2956257  0.8913992
 3174.6 3184.7  0.6581059 17.1201935  0.8908105
 3184.7 3194.9  0.6647491 16.9666901  0.8902162
 3194.9 3205.1  0.6714288 16.8126488  0.8896160
 3205.1 3215.4  0.6781088 16.6586056  0.8890157
 3215.4 3225.8  0.6848539 16.5030575  0.8884096
 3225.8 3236.2  0.6915903 16.3482265  0.8878025
 3236.2 3246.8  0.6974343 16.2202053  0.8872554
 3246.8 3257.3  0.7033908 16.0897160  0.8866976
 3257.3 3268.0  0.7092910 15.9604616  0.8861452
 3268.0 3278.7  0.7153035 15.8287449  0.8855823
 3278.7 3289.5  0.7209681 15.7068138  0.8850496
 3289.5 3300.3  0.7260212 15.6024294  0.8845696
 3300.3 3311.3  0.7310743 15.4980450  0.8840897
 3311.3 3322.3  0.7362209 15.3917274  0.8836009
 3322.3 3333.3  0.7413675 15.2854099  0.8831121
 3333.3 3344.5  0.7458423 15.1967812  0.8826810
 3344.5 3355.7  0.7501760 15.1124001  0.8822611
 3355.7 3367.0  0.7545096 15.0280190  0.8818412
 3367.0 3378.4  0.7588819 14.9428825  0.8814176
 3378.4 3389.8  0.7628303 14.8666697  0.8810331
 3389.8 3401.4  0.7656903 14.8132210  0.8807496
 3401.4 3413.0  0.7686003 14.7588358  0.8804610
 3413.0 3424.7  0.7715104 14.7044497  0.8801725
 3424.7 3436.4  0.7744456 14.6495953  0.8798814
 3436.4 3448.3  0.7818359 14.5131903  0.8790911
 3448.3 3460.2  0.7894720 14.3722687  0.8782738
 3460.2 3472.2  0.7927487 14.3084021  0.8779026
 3472.2 3484.3  0.7953205 14.2569475  0.8776032
 3484.3 3496.5  0.7979137 14.2050648  0.8773013
 3496.5 3508.8  0.8005282 14.1527529  0.8769969
 3508.8 3521.1  0.8031642 14.1000118  0.8766901
 3521.1 3533.6  0.8058003 14.0472717  0.8763832
 3533.6 3546.1  0.8084791 13.9936733  0.8760714
 3546.1 3558.7  0.8111580 13.9400749  0.8757595
 3558.7 3571.4  0.8134241 13.8890619  0.8754729
 3571.4 3584.2  0.8155120 13.8390045  0.8751966
 3584.2 3597.1  0.8176164 13.7885523  0.8749180
 3597.1 3610.1  0.8197373 13.7377052  0.8746374
 3610.1 3623.2  0.8218745 13.6864653  0.8743545
 3623.2 3636.4  0.8240282 13.6348314  0.8740695
 3636.4 3649.6  0.8261983 13.5828028  0.8737822
 3649.6 3663.0  0.8283685 13.5307741  0.8734950
 3663.0 3676.5  0.8301867 13.4803457  0.8732443
 3676.5 3690.0  0.8320065 13.4296150  0.8729931
 3690.0 3703.7  0.8338262 13.3788843  0.8727418
 3703.7 3717.5  0.8356730 13.3274021  0.8724868
 3717.5 3731.3  0.8375333 13.2755442  0.8722300
 3731.3 3745.3  0.8393936 13.2236862  0.8719732
 3745.3 3759.4  0.8412808 13.1710768  0.8717126
 3759.4 3773.6  0.8430595 13.1195841  0.8714833
 3773.6 3787.9  0.8447896 13.0684757  0.8712692
 3787.9 3802.3  0.8465318 13.0170097  0.8710535
 3802.3 3816.8  0.8482862 12.9651823  0.8708363
 3816.8 3831.4  0.8500528 12.9129953  0.8706176
 3831.4 3846.2  0.8518316 12.8604488  0.8703974
 3846.2 3861.0  0.8536348 12.8071823  0.8701742
 3861.0 3876.0  0.8553981 12.7555885  0.8699898
 3876.0 3891.1  0.8571714 12.7038841  0.8698164
 3891.1 3906.2  0.8589565 12.6518345  0.8696418
 3906.2 3921.6  0.8607416 12.5997849  0.8694673
 3921.6 3937.0  0.8625622 12.5467005  0.8692892
 3937.0 3952.6  0.8643827 12.4936180  0.8691112
 3952.6 3968.3  0.8662176 12.4402819  0.8689385
 3968.3 3984.1  0.8680171 12.3888035  0.8688031
 3984.1 4000.0  0.8698280 12.3369980  0.8686669
 4000.0 4016.1  0.8716505 12.2848644  0.8685298
 4016.1 4032.3  0.8734958 12.2320747  0.8683910
 4032.3 4048.6  0.8753526 12.1789579  0.8682513
 4048.6 4065.0  0.8772209 12.1255121  0.8681108
 4065.0 4081.6  0.8790045 12.0745106  0.8680030
 4081.6 4098.4  0.8808008 12.0231485  0.8678971
 4098.4 4115.2  0.8826188 11.9711685  0.8677899
 4115.2 4132.2  0.8844367 11.9191875  0.8676828
 4132.2 4149.4  0.8862764 11.8665876  0.8675743
 4149.4 4166.7  0.8881376 11.8133707  0.8674645
 4166.7 4184.1  0.8898750 11.7626905  0.8673820
 4184.1 4201.7  0.8916175 11.7118225  0.8673001
 4201.7 4219.4  0.8933802 11.6603689  0.8672172
 4219.4 4237.3  0.8951527 11.6086235  0.8671338
 4237.3 4255.3  0.8969454 11.5562935  0.8670495
 4255.3 4273.5  0.8987011 11.5043697  0.8669710
 4273.5 4291.8  0.9003625 11.4535627  0.8669071
 4291.8 4310.3  0.9020330 11.4024792  0.8668429
 4310.3 4329.0  0.9037217 11.3508358  0.8667779
 4329.0 4347.8  0.9054288 11.2986336  0.8667122
 4347.8 4366.8  0.9071448 11.2461529  0.8666462
 4366.8 4386.0  0.9087218 11.1947479  0.8665932
 4386.0 4405.3  0.9102945 11.1430168  0.8665414
 4405.3 4424.8  0.9118754 11.0910177  0.8664894
 4424.8 4444.4  0.9134727 11.0384789  0.8664368
 4444.4 4464.3  0.9150781 10.9856701  0.8663840
 4464.3 4484.3  0.9165815 10.9331522  0.8663387
 4484.3 4504.5  0.9180426 10.8808022  0.8662964
 4504.5 4524.9  0.9195183 10.8279276  0.8662536
 4524.9 4545.5  0.9210086 10.7745304  0.8662105
 4545.5 4566.2  0.9225136 10.7206097  0.8661669
 4566.2 4587.2  0.9239025 10.6675167  0.8661307
 4587.2 4608.3  0.9252768 10.6139612  0.8660959
 4608.3 4629.6  0.9266576 10.5601521  0.8660610
 4629.6 4651.2  0.9280515 10.5058308  0.8660259
 4651.2 4672.9  0.9294572 10.4508181  0.8659906
 4672.9 4694.8  0.9307364 10.3967981  0.8659626
 4694.8 4717.0  0.9320273 10.3422794  0.8659344
 4717.0 4739.3  0.9333360 10.2870140  0.8659058
 4739.3 4761.9  0.9346505 10.2314997  0.8658771
 4761.9 4784.7  0.9359164 10.1759081  0.8658513
 4784.7 4807.7  0.9371333 10.1204319  0.8658284
 4807.7 4830.9  0.9383609 10.0644703  0.8658053
 4830.9 4854.4  0.9395991 10.0080223  0.8657819
 4854.4 4878.0  0.9408321  9.9510784  0.8657592
 4878.0 4902.0  0.9419776  9.8949184  0.8657404
 4902.0 4926.1  0.9431424  9.8378067  0.8657213
 4926.1 4950.5  0.9443122  9.7804565  0.8657021
 4950.5 4975.1  0.9454944  9.7224197  0.8656827
 4975.1 5000.0  0.9465840  9.6651688  0.8656664
 5000.0 5025.1  0.9476870  9.6072197  0.8656501
 5025.1 5050.5  0.9487989  9.5488052  0.8656335
 5050.5 5076.1  0.9499221  9.4897194  0.8656168
 5076.1 5102.0  0.9509594  9.4314947  0.8656018
 5102.0 5128.2  0.9520087  9.3725882  0.8655867
 5128.2 5154.6  0.9530703  9.3129988  0.8655714
 5154.6 5181.3  0.9541240  9.2532091  0.8655561
 5181.3 5208.3  0.9551140  9.1939545  0.8655409
 5208.3 5235.6  0.9561151  9.1340322  0.8655255
 5235.6 5263.2  0.9571273  9.0734444  0.8655100
 5263.2 5291.0  0.9581083  9.0129690  0.8654937
 5291.0 5319.1  0.9590499  8.9529114  0.8654765
 5319.1 5347.6  0.9600016  8.8922043  0.8654591
 5347.6 5376.3  0.9609669  8.8306341  0.8654416
 5376.3 5405.4  0.9618583  8.7703323  0.8654210
 5405.4 5434.8  0.9627546  8.7093477  0.8653998
 5434.8 5464.5  0.9636602  8.6477337  0.8653785
 5464.5 5494.5  0.9645311  8.5865412  0.8653544
 5494.5 5524.9  0.9653642  8.5258427  0.8653273
 5524.9 5555.6  0.9662084  8.4643345  0.8652998
 5555.6 5586.6  0.9670442  8.4026604  0.8652708
 5586.6 5618.0  0.9678122  8.3423824  0.8652357
 5618.0 5649.7  0.9685901  8.2813272  0.8652001
 5649.7 5681.8  0.9693754  8.2196875  0.8651642
 5681.8 5714.3  0.9700838  8.1596622  0.8651202
 5714.3 5747.1  0.9708002  8.0989103  0.8650757
 5747.1 5780.3  0.9715232  8.0375977  0.8650308
 5780.3 5814.0  0.9721859  7.9774561  0.8649791
 5814.0 5848.0  0.9728518  7.9165936  0.8649261
 5848.0 5882.4  0.9735236  7.8551903  0.8648726
 5882.4 5917.2  0.9741427  7.7947474  0.8648131
 5917.2 5952.4  0.9747654  7.7337065  0.8647525
 5952.4 5988.0  0.9753915  7.6720662  0.8646910
 5988.0 6024.1  0.9759746  7.6111255  0.8646241
 6024.1 6060.6  0.9765659  7.5493293  0.8645564
 6060.6 6097.6  0.9771510  7.4872074  0.8644867
 6097.6 6135.0  0.9777125  7.4251227  0.8644131
 6135.0 6172.8  0.9782799  7.3623667  0.8643388
 6172.8 6211.2  0.9788324  7.2995439  0.8642614
 6211.2 6250.0  0.9793794  7.2361264  0.8641816
 6250.0 6289.3  0.9799321  7.1720495  0.8641009
 6289.3 6329.1  0.9804648  7.1079321  0.8640164
 6329.1 6369.4  0.9810042  7.0429988  0.8639308
 6369.4 6410.3  0.9815413  6.9775233  0.8638430
 6410.3 6451.6  0.9820766  6.9113717  0.8637528
 6451.6 6493.5  0.9826166  6.8445868  0.8636617
 6493.5 6535.9  0.9831539  6.7771792  0.8635677
 6535.9 6578.9  0.9836977  6.7089677  0.8634726
 6578.9 6622.5  0.9842472  6.6398907  0.8633754
 6622.5 6666.7  0.9848034  6.5698996  0.8632765
 6666.7 6711.4  0.9853696  6.4989176  0.8631760
 6711.4 6756.8  0.9859457  6.4270883  0.8630741
 6756.8 6802.7  0.9865332  6.3540897  0.8629705
 6802.7 6849.3  0.9871397  6.2800326  0.8628657
 6849.3 6896.6  0.9877555  6.2048469  0.8627594
 6896.6 6944.4  0.9883991  6.1281500  0.8626516
 6944.4 6993.0  0.9890500  6.0506372  0.8625427
 6993.0 7042.3  0.9897242  5.9716315  0.8624313
 7042.3 7092.2  0.9904098  5.8914633  0.8623182
 7092.2 7142.9  0.9911082  5.8103757  0.8622019
 7142.9 7194.2  0.9918187  5.7280002  0.8620835
 7194.2 7246.4  0.9925341  5.6449733  0.8619608
 7246.4 7299.3  0.9932614  5.5605440  0.8618354
 7299.3 7352.9  0.9939854  5.4756513  0.8617036
 7352.9 7407.4  0.9947166  5.3897433  0.8615693
 7407.4 7462.7  0.9954364  5.3034348  0.8614264
 7462.7 7518.8  0.9961581  5.2162080  0.8612793
 7518.8 7575.8  0.9968611  5.1289077  0.8611229
 7575.8 7633.6  0.9975521  5.0411253  0.8609588
 7633.6 7692.3  0.9982242  4.9532375  0.8607861
 7692.3 7751.9  0.9988576  4.8658795  0.8606001
 7751.9 7812.5  0.9994717  4.7780337  0.8604066
 7812.5 7874.0  0.9997981  4.6919699  0.8601919
 7874.0 7936.5  1.0000000  4.6062574  0.8599653
 7936.5 8000.0  1.0000000  4.5217371  0.8597209
 8000.0 8064.5  1.0000000  4.4399829  0.8594505
 8064.5 8130.1  1.0000000  4.3595119  0.8591620
 8130.1 8196.7  1.0000000  4.2827244  0.8588415
 8196.7 8264.5  1.0000000  4.2103510  0.8584863
 8264.5 8333.3  1.0000000  4.1411772  0.8581006
 8333.3 8403.4  1.0000000  4.0787430  0.8576680
 8403.4 8474.6  1.0000000  4.0243053  0.8571783
 8474.6 8547.0  1.0000000  3.9719288  0.8566654
 8547.0 8620.7  1.0000000  3.9186687  0.8561438
 8620.7 8695.7  1.0000000  3.8644526  0.8556128
 8695.7 8771.9  1.0000000  3.8092804  0.8550724
 8771.9 8849.6  1.0000000  3.7532251  0.8545235
 8849.6 8928.6  1.0000000  3.6960673  0.8539637
 8928.6 9009.0  1.0000000  3.6379523  0.8533946
 9009.0 9090.9  1.0000000  3.5788074  0.8528153
 9090.9 9174.3  1.0000000  3.5185590  0.8522252
 9174.3 9259.3  1.0000000  3.4572077  0.8516244
 9259.3 9345.8  1.0000000  3.3946791  0.8510121
 9345.8 9434.0  1.0000000  3.3310471  0.8503889
 9434.0 9523.8  1.0000000  3.2661641  0.8497534
 9523.8 9615.4  1.0000000  3.2001047  0.8491065
 9615.4 9708.7  1.0000000  3.1327205  0.8484465
 9708.7 9803.9  1.0000000  3.0640862  0.8477744
 9803.9 9901.0  1.0000000  2.9940538  0.8470885
 9901.0 9911.0  1.0000000  2.9226246  0.8463890
