 1176.5 1177.9  0.5752900  2.8567040  0.5863807
 1177.9 1179.2  0.5749905  2.8578713  0.5863711
 1179.2 1180.6  0.5747123  2.8589551  0.5863622
 1180.6 1182.0  0.5744128  2.8601222  0.5863526
 1182.0 1183.4  0.5741132  2.8612895  0.5863431
 1183.4 1184.8  0.5738137  2.8624568  0.5863335
 1184.8 1186.2  0.5735141  2.8636241  0.5863239
 1186.2 1187.6  0.5732145  2.8647912  0.5863143
 1187.6 1189.1  0.5729150  2.8659585  0.5863047
 1189.1 1190.5  0.5725940  2.8672092  0.5862944
 1190.5 1191.9  0.5722945  2.8683763  0.5862848
 1191.9 1193.3  0.5719949  2.8695436  0.5862752
 1193.3 1194.7  0.5716954  2.8707108  0.5862656
 1194.7 1196.2  0.5713958  2.8718779  0.5862560
 1196.2 1197.6  0.5710749  2.8731287  0.5862458
 1197.6 1199.0  0.5707753  2.8742959  0.5862362
 1199.0 1200.5  0.5704758  2.8754632  0.5862266
 1200.5 1201.9  0.5701548  2.8767138  0.5862163
 1201.9 1203.4  0.5698553  2.8778811  0.5862067
 1203.4 1204.8  0.5695343  2.8791316  0.5861964
 1204.8 1206.3  0.5692347  2.8802989  0.5861868
 1206.3 1207.7  0.5689138  2.8815496  0.5861766
 1207.7 1209.2  0.5686142  2.8827167  0.5861670
 1209.2 1210.7  0.5682933  2.8839672  0.5861567
 1210.7 1212.1  0.5679724  2.8852179  0.5861464
 1212.1 1213.6  0.5676728  2.8863852  0.5861368
 1213.6 1215.1  0.5673519  2.8876357  0.5861266
 1215.1 1216.5  0.5670309  2.8888865  0.5861163
 1216.5 1218.0  0.5667313  2.8900535  0.5861067
 1218.0 1219.5  0.5664104  2.8913043  0.5860964
 1219.5 1221.0  0.5660895  2.8925548  0.5860862
 1221.0 1222.5  0.5657685  2.8938055  0.5860758
 1222.5 1224.0  0.5654475  2.8950560  0.5860656
 1224.0 1225.5  0.5651266  2.8963068  0.5860553
 1225.5 1227.0  0.5648056  2.8975573  0.5860450
 1227.0 1228.5  0.5644847  2.8988080  0.5860348
 1228.5 1230.0  0.5641637  2.9000585  0.5860245
 1230.0 1231.5  0.5638428  2.9013090  0.5860142
 1231.5 1233.0  0.5635219  2.9025598  0.5860040
 1233.0 1234.6  0.5632009  2.9038103  0.5859936
 1234.6 1236.1  0.5628585  2.9051442  0.5859827
 1236.1 1237.6  0.5625376  2.9063950  0.5859724
 1237.6 1239.2  0.5622166  2.9076455  0.5859622
 1239.2 1240.7  0.5618743  2.9089794  0.5859512
 1240.7 1242.2  0.5615534  2.9102302  0.5859409
 1242.2 1243.8  0.5612324  2.9114807  0.5859306
 1243.8 1245.3  0.5608900  2.9128149  0.5859197
 1245.3 1246.9  0.5605690  2.9140654  0.5859094
 1246.9 1248.4  0.5602267  2.9153993  0.5858985
 1248.4 1250.0  0.5599058  2.9166501  0.5858881
 1250.0 1251.6  0.5595635  2.9179840  0.5858772
 1251.6 1253.1  0.5592211  2.9193180  0.5858663
 1253.1 1254.7  0.5589001  2.9205685  0.5858560
 1254.7 1256.3  0.5585578  2.9219024  0.5858450
 1256.3 1257.9  0.5582154  2.9232366  0.5858340
 1257.9 1259.4  0.5578731  2.9245706  0.5858231
 1259.4 1261.0  0.5575522  2.9258211  0.5858128
 1261.0 1262.6  0.5572098  2.9271550  0.5858018
 1262.6 1264.2  0.5568675  2.9284890  0.5857909
 1264.2 1265.8  0.5565251  2.9298232  0.5857799
 1265.8 1267.4  0.5561827  2.9311571  0.5857690
 1267.4 1269.0  0.5558404  2.9324911  0.5857580
 1269.0 1270.6  0.5554981  2.9338250  0.5857471
 1270.6 1272.3  0.5551557  2.9351590  0.5857361
 1272.3 1273.9  0.5547920  2.9365764  0.5857245
 1273.9 1275.5  0.5544496  2.9379103  0.5857135
 1275.5 1277.1  0.5541072  2.9392443  0.5857025
 1277.1 1278.8  0.5537649  2.9405782  0.5856916
 1278.8 1280.4  0.5534012  2.9419959  0.5856799
 1280.4 1282.1  0.5530588  2.9433298  0.5856690
 1282.1 1283.7  0.5526951  2.9447470  0.5856573
 1283.7 1285.3  0.5523528  2.9460809  0.5856463
 1285.3 1287.0  0.5520104  2.9474151  0.5856354
 1287.0 1288.7  0.5516466  2.9488323  0.5856237
 1288.7 1290.3  0.5512829  2.9502497  0.5856121
 1290.3 1292.0  0.5509406  2.9515839  0.5856012
 1292.0 1293.7  0.5505768  2.9530010  0.5855895
 1293.7 1295.3  0.5502131  2.9544184  0.5855778
 1295.3 1297.0  0.5498707  2.9557524  0.5855669
 1297.0 1298.7  0.5495070  2.9571698  0.5855553
 1298.7 1300.4  0.5491433  2.9585872  0.5855436
 1300.4 1302.1  0.5488061  2.9598951  0.5855182
 1302.1 1303.8  0.5485555  2.9608471  0.5854479
 1303.8 1305.5  0.5483049  2.9617991  0.5853777
 1305.5 1307.2  0.5480543  2.9627514  0.5853075
 1307.2 1308.9  0.5478037  2.9637034  0.5852372
 1308.9 1310.6  0.5475531  2.9646554  0.5851670
 1310.6 1312.3  0.5473025  2.9656074  0.5850968
 1312.3 1314.1  0.5470518  2.9665596  0.5850265
 1314.1 1315.8  0.5467865  2.9675677  0.5849522
 1315.8 1317.5  0.5465359  2.9685197  0.5848819
 1317.5 1319.3  0.5462853  2.9694719  0.5848117
 1319.3 1321.0  0.5460200  2.9704800  0.5847373
 1321.0 1322.8  0.5457693  2.9714320  0.5846671
 1322.8 1324.5  0.5455040  2.9724400  0.5845927
 1324.5 1326.3  0.5452534  2.9733920  0.5845225
 1326.3 1328.0  0.5449880  2.9744003  0.5844481
 1328.0 1329.8  0.5447375  2.9753523  0.5843779
 1329.8 1331.6  0.5444721  2.9763603  0.5843035
 1331.6 1333.3  0.5442067  2.9773684  0.5842292
 1333.3 1335.1  0.5439562  2.9783206  0.5841589
 1335.1 1336.9  0.5436908  2.9793286  0.5840846
 1336.9 1338.7  0.5434254  2.9803367  0.5840102
 1338.7 1340.5  0.5431601  2.9813447  0.5839359
 1340.5 1342.3  0.5428948  2.9823527  0.5838615
 1342.3 1344.1  0.5426294  2.9833610  0.5837871
 1344.1 1345.9  0.5423641  2.9843690  0.5837128
 1345.9 1347.7  0.5420987  2.9853771  0.5836384
 1347.7 1349.5  0.5418334  2.9863851  0.5835640
 1349.5 1351.4  0.5415680  2.9873934  0.5834897
 1351.4 1353.2  0.5413005  2.9883723  0.5833795
 1353.2 1355.0  0.5410513  2.9892709  0.5832645
 1355.0 1356.9  0.5408021  2.9901698  0.5831495
 1356.9 1358.7  0.5405391  2.9911184  0.5830281
 1358.7 1360.5  0.5402899  2.9920170  0.5829131
 1360.5 1362.4  0.5400407  2.9929159  0.5827981
 1362.4 1364.3  0.5397777  2.9938645  0.5826766
 1364.3 1366.1  0.5395147  2.9948132  0.5825553
 1366.1 1368.0  0.5392655  2.9957120  0.5824403
 1368.0 1369.9  0.5390025  2.9966607  0.5823188
 1369.9 1371.7  0.5387394  2.9976094  0.5821975
 1371.7 1373.6  0.5384902  2.9985080  0.5820825
 1373.6 1375.5  0.5382272  2.9994566  0.5819610
 1375.5 1377.4  0.5379642  3.0004053  0.5818397
 1377.4 1379.3  0.5377011  3.0013540  0.5817183
 1379.3 1381.2  0.5374381  3.0023026  0.5815969
 1381.2 1383.1  0.5371751  3.0032513  0.5814754
 1383.1 1385.0  0.5369121  3.0042000  0.5813540
 1385.0 1387.0  0.5366490  3.0051486  0.5812327
 1387.0 1388.9  0.5363722  3.0061471  0.5811049
 1388.9 1390.8  0.5361091  3.0070958  0.5809835
 1390.8 1392.8  0.5358461  3.0080445  0.5808620
 1392.8 1394.7  0.5355692  3.0090432  0.5807343
 1394.7 1396.6  0.5353062  3.0099919  0.5806129
 1396.6 1398.6  0.5350432  3.0109406  0.5804915
 1398.6 1400.6  0.5347663  3.0119390  0.5803637
 1400.6 1402.5  0.5344938  3.0128977  0.5802226
 1402.5 1404.5  0.5342445  3.0137200  0.5800592
 1404.5 1406.5  0.5339822  3.0145855  0.5798872
 1406.5 1408.5  0.5337198  3.0154510  0.5797153
 1408.5 1410.4  0.5334574  3.0163167  0.5795432
 1410.4 1412.4  0.5332081  3.0171387  0.5793799
 1412.4 1414.4  0.5329458  3.0180044  0.5792078
 1414.4 1416.4  0.5326834  3.0188699  0.5790358
 1416.4 1418.4  0.5324211  3.0197353  0.5788639
 1418.4 1420.5  0.5321587  3.0206008  0.5786918
 1420.5 1422.5  0.5318832  3.0215096  0.5785112
 1422.5 1424.5  0.5316208  3.0223751  0.5783393
 1424.5 1426.5  0.5313584  3.0232406  0.5781673
 1426.5 1428.6  0.5310961  3.0241063  0.5779952
 1428.6 1430.6  0.5308206  3.0250149  0.5778146
 1430.6 1432.7  0.5305582  3.0258806  0.5776427
 1432.7 1434.7  0.5302827  3.0267892  0.5774621
 1434.7 1436.8  0.5300204  3.0276549  0.5772901
 1436.8 1438.8  0.5297449  3.0285637  0.5771095
 1438.8 1440.9  0.5294825  3.0294292  0.5769375
 1440.9 1443.0  0.5292070  3.0303378  0.5767569
 1443.0 1445.1  0.5289315  3.0312467  0.5765763
 1445.1 1447.2  0.5286561  3.0321555  0.5763957
 1447.2 1449.3  0.5283806  3.0330644  0.5762151
 1449.3 1451.4  0.5281051  3.0339732  0.5760345
 1451.4 1453.5  0.5278373  3.0347798  0.5758234
 1453.5 1455.6  0.5275736  3.0355356  0.5755970
 1455.6 1457.7  0.5273098  3.0362914  0.5753707
 1457.7 1459.9  0.5270460  3.0370471  0.5751444
 1459.9 1462.0  0.5267696  3.0378389  0.5749072
 1462.0 1464.1  0.5265058  3.0385947  0.5746808
 1464.1 1466.3  0.5262420  3.0393505  0.5744545
 1466.3 1468.4  0.5259657  3.0401423  0.5742173
 1468.4 1470.6  0.5257019  3.0408978  0.5739910
 1470.6 1472.8  0.5254256  3.0416896  0.5737538
 1472.8 1474.9  0.5251492  3.0424814  0.5735167
 1474.9 1477.1  0.5248854  3.0432372  0.5732903
 1477.1 1479.3  0.5246090  3.0440290  0.5730532
 1479.3 1481.5  0.5243326  3.0448208  0.5728161
 1481.5 1483.7  0.5240563  3.0456126  0.5725790
 1483.7 1485.9  0.5237799  3.0464041  0.5723419
 1485.9 1488.1  0.5235036  3.0471959  0.5721047
 1488.1 1490.3  0.5232272  3.0479877  0.5718676
 1490.3 1492.5  0.5229509  3.0487795  0.5716304
 1492.5 1494.8  0.5226745  3.0495713  0.5713933
 1494.8 1497.0  0.5223856  3.0503991  0.5711454
 1497.0 1499.3  0.5221093  3.0511909  0.5709082
 1499.3 1501.5  0.5218203  3.0520184  0.5706604
 1501.5 1503.8  0.5215499  3.0526905  0.5703907
 1503.8 1506.0  0.5212700  3.0533350  0.5700930
 1506.0 1508.3  0.5210024  3.0539513  0.5698082
 1508.3 1510.6  0.5207225  3.0545955  0.5695105
 1510.6 1512.9  0.5204427  3.0552399  0.5692128
 1512.9 1515.2  0.5201628  3.0558841  0.5689151
 1515.2 1517.5  0.5198830  3.0565286  0.5686173
 1517.5 1519.8  0.5196031  3.0571728  0.5683196
 1519.8 1522.1  0.5193232  3.0578172  0.5680219
 1522.1 1524.4  0.5190434  3.0584614  0.5677242
 1524.4 1526.7  0.5187635  3.0591059  0.5674264
 1526.7 1529.1  0.5184837  3.0597501  0.5671288
 1529.1 1531.4  0.5181917  3.0604224  0.5668181
 1531.4 1533.7  0.5179119  3.0610666  0.5665204
 1533.7 1536.1  0.5176320  3.0617111  0.5662227
 1536.1 1538.5  0.5173400  3.0623834  0.5659120
 1538.5 1540.8  0.5170479  3.0630558  0.5656013
 1540.8 1543.2  0.5167681  3.0637000  0.5653036
 1543.2 1545.6  0.5164761  3.0643723  0.5649930
 1545.6 1548.0  0.5161841  3.0650446  0.5646823
 1548.0 1550.4  0.5158921  3.0657170  0.5643716
 1550.4 1552.8  0.5156010  3.0663545  0.5640523
 1552.8 1555.2  0.5153146  3.0668178  0.5636896
 1555.2 1557.6  0.5150283  3.0672808  0.5633269
 1557.6 1560.1  0.5147419  3.0677440  0.5629642
 1560.1 1562.5  0.5144436  3.0682266  0.5625864
 1562.5 1564.9  0.5141572  3.0686898  0.5622237
 1564.9 1567.4  0.5138709  3.0691528  0.5618610
 1567.4 1569.9  0.5135726  3.0696354  0.5614832
 1569.9 1572.3  0.5132743  3.0701180  0.5611054
 1572.3 1574.8  0.5129879  3.0705810  0.5607427
 1574.8 1577.3  0.5126896  3.0710635  0.5603648
 1577.3 1579.8  0.5123913  3.0715461  0.5599871
 1579.8 1582.3  0.5120930  3.0720286  0.5596092
 1582.3 1584.8  0.5117947  3.0725110  0.5592315
 1584.8 1587.3  0.5114964  3.0729935  0.5588536
 1587.3 1589.8  0.5111981  3.0734761  0.5584759
 1589.8 1592.4  0.5108998  3.0739584  0.5580980
 1592.4 1594.9  0.5105896  3.0744603  0.5577051
 1594.9 1597.4  0.5102913  3.0749428  0.5573273
 1597.4 1600.0  0.5099930  3.0754251  0.5569495
 1600.0 1602.6  0.5096828  3.0759270  0.5565566
 1602.6 1605.1  0.5093774  3.0761950  0.5561070
 1605.1 1607.7  0.5090837  3.0764525  0.5556747
 1607.7 1610.3  0.5087783  3.0767205  0.5552252
 1610.3 1612.9  0.5084729  3.0769885  0.5547756
 1612.9 1615.5  0.5081675  3.0772564  0.5543260
 1615.5 1618.1  0.5078621  3.0775242  0.5538765
 1618.1 1620.7  0.5075567  3.0777922  0.5534269
 1620.7 1623.4  0.5072513  3.0780602  0.5529773
 1623.4 1626.0  0.5069342  3.0783384  0.5525104
 1626.0 1628.7  0.5066288  3.0786064  0.5520609
 1628.7 1631.3  0.5063117  3.0788846  0.5515940
 1631.3 1634.0  0.5060062  3.0791526  0.5511444
 1634.0 1636.7  0.5056891  3.0794306  0.5506776
 1636.7 1639.3  0.5053719  3.0797088  0.5502107
 1639.3 1642.0  0.5050665  3.0799768  0.5497611
 1642.0 1644.7  0.5047494  3.0802550  0.5492943
 1644.7 1647.4  0.5044323  3.0805333  0.5488274
 1647.4 1650.2  0.5041151  3.0808115  0.5483605
 1650.2 1652.9  0.5037870  3.0810838  0.5478721
 1652.9 1655.6  0.5034801  3.0811427  0.5473462
 1655.6 1658.4  0.5031732  3.0812013  0.5468203
 1658.4 1661.1  0.5028550  3.0812624  0.5462749
 1661.1 1663.9  0.5025482  3.0813212  0.5457491
 1663.9 1666.7  0.5022299  3.0813820  0.5452037
 1666.7 1669.4  0.5019117  3.0814431  0.5446584
 1669.4 1672.2  0.5016048  3.0815020  0.5441325
 1672.2 1675.0  0.5012866  3.0815628  0.5435871
 1675.0 1677.9  0.5009683  3.0816238  0.5430417
 1677.9 1680.7  0.5006388  3.0816870  0.5424769
 1680.7 1683.5  0.5003206  3.0817480  0.5419316
 1683.5 1686.3  0.5000023  3.0818088  0.5413862
 1686.3 1689.2  0.4996841  3.0818698  0.5408408
 1689.2 1692.0  0.4993545  3.0819330  0.5402760
 1692.0 1694.9  0.4990363  3.0819938  0.5397307
 1694.9 1697.8  0.4987066  3.0820570  0.5391658
 1697.8 1700.7  0.4983771  3.0821202  0.5386010
 1700.7 1703.6  0.4980747  3.0821545  0.5380715
 1703.6 1706.5  0.4978579  3.0820982  0.5376532
 1706.5 1709.4  0.4976412  3.0820417  0.5372349
 1709.4 1712.3  0.4974244  3.0819855  0.5368167
 1712.3 1715.3  0.4972076  3.0819292  0.5363984
 1715.3 1718.2  0.4969834  3.0818710  0.5359656
 1718.2 1721.2  0.4967667  3.0818145  0.5355473
 1721.2 1724.1  0.4965424  3.0817564  0.5351146
 1724.1 1727.1  0.4963257  3.0817001  0.5346963
 1727.1 1730.1  0.4961014  3.0816417  0.5342636
 1730.1 1733.1  0.4958772  3.0815835  0.5338309
 1733.1 1736.1  0.4956530  3.0815253  0.5333982
 1736.1 1739.1  0.4954287  3.0814669  0.5329655
 1739.1 1742.2  0.4952045  3.0814087  0.5325328
 1742.2 1745.2  0.4949728  3.0813484  0.5320856
 1745.2 1748.3  0.4947486  3.0812902  0.5316529
 1748.3 1751.3  0.4945168  3.0812299  0.5312057
 1751.3 1754.4  0.4942926  3.0811718  0.5307730
 1754.4 1757.5  0.4940496  3.0810921  0.5302933
 1757.5 1760.6  0.4937305  3.0808811  0.5295942
 1760.6 1763.7  0.4934113  3.0806699  0.5288950
 1763.7 1766.8  0.4930922  3.0804589  0.5281958
 1766.8 1769.9  0.4927730  3.0802479  0.5274966
 1769.9 1773.0  0.4924539  3.0800369  0.5267974
 1773.0 1776.2  0.4921455  3.0797787  0.5260769
 1776.2 1779.4  0.4918275  3.0795105  0.5253324
 1779.4 1782.5  0.4915095  3.0792425  0.5245879
 1782.5 1785.7  0.4912014  3.0789828  0.5238666
 1785.7 1788.9  0.4908834  3.0787146  0.5231221
 1788.9 1792.1  0.4905769  3.0784056  0.5223568
 1792.1 1795.3  0.4902716  3.0780921  0.5215894
 1795.3 1798.6  0.4899663  3.0777788  0.5208220
 1798.6 1801.8  0.4896514  3.0774558  0.5200306
 1801.8 1805.1  0.4893461  3.0771422  0.5192631
 1805.1 1808.3  0.4890363  3.0767682  0.5184248
 1808.3 1811.6  0.4887362  3.0764022  0.5176089
 1811.6 1814.9  0.4884267  3.0760250  0.5167674
 1814.9 1818.2  0.4881173  3.0756476  0.5159260
 1818.2 1821.5  0.4878094  3.0752687  0.5150846
 1821.5 1824.8  0.4875255  3.0748653  0.5142440
 1824.8 1828.2  0.4872415  3.0744622  0.5134034
 1828.2 1831.5  0.4869491  3.0740469  0.5125373
 1831.5 1834.9  0.4866651  3.0736437  0.5116966
 1834.9 1838.2  0.4863726  3.0732281  0.5108305
 1838.2 1841.6  0.4861062  3.0727932  0.5099651
 1841.6 1845.0  0.4858324  3.0723441  0.5090725
 1845.0 1848.4  0.4855585  3.0718949  0.5081800
 1848.4 1851.9  0.4852846  3.0714457  0.5072875
 1851.9 1855.3  0.4850026  3.0709832  0.5063687
 1855.3 1858.7  0.4847417  3.0704925  0.5054232
 1858.7 1862.2  0.4844811  3.0700006  0.5044762
 1862.2 1865.7  0.4842128  3.0694942  0.5035013
 1865.7 1869.2  0.4839446  3.0689878  0.5025264
 1869.2 1872.7  0.4836781  3.0684810  0.5015514
 1872.7 1876.2  0.4834406  3.0679657  0.5005758
 1876.2 1879.7  0.4832031  3.0674508  0.4996001
 1879.7 1883.2  0.4829656  3.0669355  0.4986244
 1883.2 1886.8  0.4827281  3.0664206  0.4976487
 1886.8 1890.4  0.4824838  3.0658906  0.4966451
 1890.4 1893.9  0.4822642  3.0653441  0.4956127
 1893.9 1897.5  0.4820522  3.0648119  0.4946073
 1897.5 1901.1  0.4818341  3.0642643  0.4935732
 1901.1 1904.8  0.4816160  3.0637169  0.4925391
 1904.8 1908.4  0.4813918  3.0631542  0.4914762
 1908.4 1912.0  0.4811960  3.0625815  0.4903841
 1912.0 1915.7  0.4810015  3.0620074  0.4892885
 1915.7 1919.4  0.4808017  3.0614173  0.4881625
 1919.4 1923.1  0.4806018  3.0608273  0.4870364
 1923.1 1926.8  0.4804029  3.0602376  0.4859103
 1926.8 1930.5  0.4802402  3.0596595  0.4847815
 1930.5 1934.2  0.4800775  3.0590816  0.4836528
 1934.2 1938.0  0.4799148  3.0585036  0.4825240
 1938.0 1941.7  0.4797477  3.0579102  0.4813647
 1941.7 1945.5  0.4795850  3.0573323  0.4802359
 1945.5 1949.3  0.4794506  3.0567422  0.4790440
 1949.3 1953.1  0.4793191  3.0561523  0.4778493
 1953.1 1956.9  0.4791876  3.0555625  0.4766546
 1956.9 1960.8  0.4790560  3.0549729  0.4754598
 1960.8 1964.6  0.4789210  3.0543675  0.4742337
 1964.6 1968.5  0.4788218  3.0537748  0.4729745
 1968.5 1972.4  0.4787217  3.0531666  0.4716786
 1972.4 1976.3  0.4786216  3.0525582  0.4703826
 1976.3 1980.2  0.4785215  3.0519497  0.4690866
 1980.2 1984.1  0.4784234  3.0513432  0.4677906
 1984.1 1988.1  0.4783598  3.0507712  0.4664939
 1988.1 1992.0  0.4782947  3.0501847  0.4651640
 1992.0 1996.0  0.4782312  3.0496128  0.4638673
 1996.0 2000.0  0.4781660  3.0490260  0.4625373
 2000.0 2004.0  0.4781009  3.0484395  0.4612074
 2004.0 2008.0  0.4780661  3.0478706  0.4598106
 2008.0 2012.1  0.4780313  3.0473015  0.4584137
 2012.1 2016.1  0.4779956  3.0467184  0.4569820
 2016.1 2020.2  0.4779608  3.0461495  0.4555851
 2020.2 2024.3  0.4779265  3.0455689  0.4541536
 2024.3 2028.4  0.4779179  3.0450418  0.4527270
 2028.4 2032.5  0.4779094  3.0445147  0.4513004
 2032.5 2036.7  0.4779008  3.0439878  0.4498739
 2036.7 2040.8  0.4778920  3.0434477  0.4484125
 2040.8 2045.0  0.4778834  3.0429206  0.4469859
 2045.0 2049.2  0.4778952  3.0424321  0.4454987
 2049.2 2053.4  0.4779080  3.0419462  0.4440103
 2053.4 2057.6  0.4779208  3.0414603  0.4425218
 2057.6 2061.9  0.4779336  3.0409744  0.4410333
 2061.9 2066.1  0.4779467  3.0404770  0.4395095
 2066.1 2070.4  0.4779755  3.0400457  0.4379629
 2070.4 2074.7  0.4780054  3.0396059  0.4363783
 2074.7 2079.0  0.4780354  3.0391660  0.4347935
 2079.0 2083.3  0.4780653  3.0387261  0.4332088
 2083.3 2087.7  0.4780959  3.0382919  0.4316227
 2087.7 2092.1  0.4781366  3.0379272  0.4299820
 2092.1 2096.4  0.4781773  3.0375624  0.4283412
 2096.4 2100.8  0.4782172  3.0372059  0.4267378
 2100.8 2105.3  0.4782579  3.0368412  0.4250970
 2105.3 2109.7  0.4782997  3.0364754  0.4234204
 2109.7 2114.2  0.4783426  3.0362163  0.4218001
 2114.2 2118.6  0.4783865  3.0359514  0.4201429
 2118.6 2123.1  0.4784293  3.0356922  0.4185225
 2123.1 2127.7  0.4784732  3.0354271  0.4168653
 2127.7 2132.2  0.4785181  3.0351562  0.4151714
 2132.2 2136.8  0.4785578  3.0349991  0.4135034
 2136.8 2141.3  0.4785981  3.0348461  0.4117975
 2141.3 2145.9  0.4786375  3.0346966  0.4101287
 2145.9 2150.5  0.4786777  3.0345438  0.4084229
 2150.5 2155.2  0.4787180  3.0343909  0.4067169
 2155.2 2159.8  0.4787482  3.0343635  0.4048658
 2159.8 2164.5  0.4787765  3.0343516  0.4030415
 2164.5 2169.2  0.4788053  3.0343394  0.4011775
 2169.2 2173.9  0.4788342  3.0343275  0.3993135
 2173.9 2178.6  0.4788631  3.0343153  0.3974496
 2178.6 2183.4  0.4788694  3.0344381  0.3958280
 2183.4 2188.2  0.4788754  3.0345666  0.3941775
 2188.2 2193.0  0.4788814  3.0346949  0.3925269
 2193.0 2197.8  0.4788874  3.0348234  0.3908763
 2197.8 2202.6  0.4788934  3.0349517  0.3892257
 2202.6 2207.5  0.4788803  3.0352001  0.3874376
 2207.5 2212.4  0.4788506  3.0355575  0.3854934
 2212.4 2217.3  0.4788208  3.0359147  0.3835492
 2217.3 2222.2  0.4787911  3.0362720  0.3816050
 2222.2 2227.2  0.4787596  3.0366368  0.3796649
 2227.2 2232.1  0.4786865  3.0371931  0.3777826
 2232.1 2237.1  0.4786150  3.0377378  0.3759379
 2237.1 2242.2  0.4785419  3.0382941  0.3740556
 2242.2 2247.2  0.4784674  3.0388613  0.3721356
 2247.2 2252.3  0.4783922  3.0394263  0.3702556
 2252.3 2257.3  0.4782618  3.0402234  0.3683929
 2257.3 2262.4  0.4781339  3.0410049  0.3665668
 2262.4 2267.6  0.4780035  3.0418019  0.3647043
 2267.6 2272.7  0.4778705  3.0426147  0.3628050
 2272.7 2277.9  0.4777400  3.0434117  0.3609425
 2277.9 2283.1  0.4775347  3.0445068  0.3590366
 2283.1 2288.3  0.4773249  3.0456190  0.3571301
 2288.3 2293.6  0.4771152  3.0467312  0.3552238
 2293.6 2298.9  0.4769014  3.0478649  0.3532808
 2298.9 2304.1  0.4766875  3.0489984  0.3513378
 2304.1 2309.5  0.4763980  3.0503871  0.3495028
 2309.5 2314.8  0.4760956  3.0518346  0.3475988
 2314.8 2320.2  0.4757989  3.0532556  0.3457300
 2320.2 2325.6  0.4754966  3.0547030  0.3438260
 2325.6 2331.0  0.4751943  3.0561507  0.3419219
 2331.0 2336.4  0.4747870  3.0579567  0.3400312
 2336.4 2341.9  0.4743713  3.0597913  0.3381416
 2341.9 2347.4  0.4739479  3.0616598  0.3362170
 2347.4 2352.9  0.4735244  3.0635285  0.3342923
 2352.9 2358.5  0.4731010  3.0653970  0.3323676
 2358.5 2364.1  0.4725472  3.0676813  0.3304731
 2364.1 2369.7  0.4719911  3.0699723  0.3285797
 2369.7 2375.3  0.4714351  3.0722632  0.3266864
 2375.3 2381.0  0.4708790  3.0745542  0.3247930
 2381.0 2386.6  0.4703130  3.0768862  0.3228658
 2386.6 2392.3  0.4696552  3.0794044  0.3210992
 2392.3 2398.1  0.4689856  3.0819674  0.3193010
 2398.1 2403.8  0.4683043  3.0845754  0.3174712
 2403.8 2409.6  0.4676348  3.0871384  0.3156731
 2409.6 2415.5  0.4669535  3.0897465  0.3138433
 2415.5 2421.3  0.4661777  3.0924368  0.3120973
 2421.3 2427.2  0.4654091  3.0950844  0.3103891
 2427.2 2433.1  0.4646273  3.0977776  0.3086514
 2433.1 2439.0  0.4638455  3.1004710  0.3069137
 2439.0 2445.0  0.4630637  3.1031642  0.3051761
 2445.0 2451.0  0.4622476  3.1055315  0.3036316
 2451.0 2457.0  0.4614314  3.1078990  0.3020872
 2457.0 2463.1  0.4606153  3.1102662  0.3005427
 2463.1 2469.1  0.4597855  3.1126730  0.2989725
 2469.1 2475.2  0.4589700  3.1150277  0.2974329
 2475.2 2481.4  0.4581801  3.1166534  0.2961621
 2481.4 2487.6  0.4573772  3.1183057  0.2948704
 2487.6 2493.8  0.4565742  3.1199584  0.2935787
 2493.8 2500.0  0.4557713  3.1216106  0.2922870
 2500.0 2506.3  0.4549684  3.1232631  0.2909953
 2506.3 2512.6  0.4542714  3.1236959  0.2900820
 2512.6 2518.9  0.4535744  3.1241286  0.2891688
 2518.9 2525.3  0.4528775  3.1245613  0.2882556
 2525.3 2531.6  0.4521694  3.1250010  0.2873278
 2531.6 2538.1  0.4514725  3.1254337  0.2864146
 2538.1 2544.5  0.4509189  3.1242125  0.2859170
 2544.5 2551.0  0.4503845  3.1229026  0.2854557
 2551.0 2557.5  0.4498418  3.1215720  0.2849872
 2557.5 2564.1  0.4492990  3.1202416  0.2845187
 2564.1 2570.7  0.4487521  3.1188538  0.2840522
 2570.7 2577.3  0.4484737  3.1150687  0.2841778
 2577.3 2584.0  0.4481953  3.1112831  0.2843033
 2584.0 2590.7  0.4479127  3.1074405  0.2844308
 2590.7 2597.4  0.4476301  3.1035976  0.2845583
 2597.4 2604.2  0.4473694  3.0995886  0.2847266
 2604.2 2611.0  0.4474542  3.0928578  0.2855490
 2611.0 2617.8  0.4475391  3.0861270  0.2863715
 2617.8 2624.7  0.4476239  3.0793965  0.2871940
 2624.7 2631.6  0.4477100  3.0725667  0.2880285
 2631.6 2638.5  0.4477961  3.0657370  0.2888631
 2638.5 2645.5  0.4482879  3.0556741  0.2903909
 2645.5 2652.5  0.4488121  3.0452631  0.2919842
 2652.5 2659.6  0.4493364  3.0348523  0.2935775
 2659.6 2666.7  0.4498681  3.0242925  0.2951935
 2666.7 2673.8  0.4503998  3.0137331  0.2968095
 2673.8 2681.0  0.4513429  3.0001302  0.2989841
 2681.0 2688.2  0.4523176  2.9861996  0.3012143
 2688.2 2695.4  0.4532923  2.9722691  0.3034445
 2695.4 2702.7  0.4542670  2.9583387  0.3056748
 2702.7 2710.0  0.4552553  2.9442146  0.3079360
 2710.0 2717.4  0.4566429  2.9273114  0.3105703
 2717.4 2724.8  0.4580669  2.9100561  0.3132569
 2724.8 2732.2  0.4594909  2.8928003  0.3159436
 2732.2 2739.7  0.4609149  2.8755453  0.3186302
 2739.7 2747.3  0.4623581  2.8580568  0.3213532
 2747.3 2754.8  0.4642107  2.8378301  0.3242742
 2754.8 2762.4  0.4660548  2.8177686  0.3271632
 2762.4 2770.1  0.4679234  2.7974396  0.3300908
 2770.1 2777.8  0.4698167  2.7768426  0.3330570
 2777.8 2785.5  0.4717099  2.7562459  0.3360231
 2785.5 2793.3  0.4739760  2.7335069  0.3389031
 2793.3 2801.1  0.4762815  2.7104144  0.3418182
 2801.1 2809.0  0.4785870  2.6873219  0.3447333
 2809.0 2816.9  0.4809221  2.6639338  0.3476858
 2816.9 2824.9  0.4832571  2.6405456  0.3506382
 2824.9 2832.9  0.4860210  2.6147594  0.3532746
 2832.9 2840.9  0.4887899  2.5889466  0.3559064
 2840.9 2849.0  0.4915588  2.5631337  0.3585383
 2849.0 2857.1  0.4943624  2.5369978  0.3612031
 2857.1 2865.3  0.4971692  2.5108540  0.3638585
 2865.3 2873.6  0.5002767  2.4837482  0.3657820
 2873.6 2881.8  0.5034220  2.4563115  0.3677289
 2881.8 2890.2  0.5065295  2.4292057  0.3696525
 2890.2 2898.6  0.5097127  2.4014390  0.3716228
 2898.6 2907.0  0.5128960  2.3736715  0.3735933
 2907.0 2915.5  0.5164595  2.3445256  0.3745496
 2915.5 2924.0  0.5200847  2.3149626  0.3754661
 2924.0 2932.6  0.5237100  2.2853994  0.3763826
 2932.6 2941.2  0.5273778  2.2554884  0.3773098
 2941.2 2949.9  0.5310504  2.2255812  0.3782075
 2949.9 2958.6  0.5349701  2.1954582  0.3778588
 2958.6 2967.4  0.5388899  2.1653345  0.3775100
 2967.4 2976.2  0.5428546  2.1348655  0.3771574
 2976.2 2985.1  0.5468194  2.1043961  0.3768046
 2985.1 2994.0  0.5508314  2.0735791  0.3764345
 2994.0 3003.0  0.5550289  2.0426931  0.3748848
 3003.0 3012.0  0.5592737  2.0114598  0.3733177
 3012.0 3021.1  0.5635184  1.9802265  0.3717507
 3021.1 3030.3  0.5678104  1.9486458  0.3701662
 3030.3 3039.5  0.5721477  1.9167559  0.3685345
 3039.5 3048.8  0.5764341  1.8859714  0.3660219
 3048.8 3058.1  0.5807672  1.8548521  0.3634820
 3058.1 3067.5  0.5851002  1.8237326  0.3609420
 3067.5 3076.9  0.5894798  1.7922791  0.3583748
 3076.9 3086.4  0.5938594  1.7608256  0.3558075
 3086.4 3096.0  0.5981541  1.7301319  0.3525293
 3096.0 3105.6  0.6024927  1.6991264  0.3492092
 3105.6 3115.3  0.6068314  1.6681210  0.3458890
 3115.3 3125.0  0.6112152  1.6367931  0.3425344
 3125.0 3134.8  0.6155989  1.6054652  0.3391797
 3134.8 3144.7  0.6195734  1.5765305  0.3355372
 3144.7 3154.6  0.6235884  1.5473009  0.3318575
 3154.6 3164.6  0.6276036  1.5180708  0.3281778
 3164.6 3174.6  0.6316592  1.4885458  0.3244609
 3174.6 3184.7  0.6357148  1.4590206  0.3207440
 3184.7 3194.9  0.6392540  1.4319336  0.3170257
 3194.9 3205.1  0.6428050  1.4046918  0.3132719
 3205.1 3215.4  0.6463562  1.3774494  0.3095181
 3215.4 3225.8  0.6499420  1.3499409  0.3057276
 3225.8 3236.2  0.6535046  1.3224298  0.3019276
 3236.2 3246.8  0.6563689  1.2981017  0.2984568
 3246.8 3257.3  0.6592885  1.2733053  0.2949193
 3257.3 3268.0  0.6621804  1.2487431  0.2914151
 3268.0 3278.7  0.6651275  1.2237132  0.2878442
 3278.7 3289.5  0.6678017  1.1998873  0.2844342
 3289.5 3300.3  0.6699800  1.1781380  0.2812997
 3300.3 3311.3  0.6721583  1.1563888  0.2781651
 3311.3 3322.3  0.6743770  1.1342368  0.2749725
 3322.3 3333.3  0.6765956  1.1120849  0.2717798
 3333.3 3344.5  0.6782811  1.0922433  0.2688933
 3344.5 3355.7  0.6798205  1.0728064  0.2660556
 3355.7 3367.0  0.6813600  1.0533693  0.2632180
 3367.0 3378.4  0.6829132  1.0337586  0.2603550
 3378.4 3389.8  0.6842558  1.0159079  0.2577406
 3389.8 3401.4  0.6850702  1.0026058  0.2557704
 3401.4 3413.0  0.6858988  0.9890707  0.2537658
 3413.0 3424.7  0.6867275  0.9755352  0.2517611
 3424.7 3436.4  0.6875632  0.9618833  0.2497392
 3436.4 3448.3  0.6884477  0.9247144  0.2439825
 3448.3 3460.2  0.6893486  0.8862800  0.2380274
 3460.2 3472.2  0.6894088  0.8690802  0.2352715
 3472.2 3484.3  0.6893281  0.8553045  0.2330302
 3484.3 3496.5  0.6892468  0.8414139  0.2307701
 3496.5 3508.8  0.6891648  0.8274086  0.2284914
 3508.8 3521.1  0.6890821  0.8132883  0.2261940
 3521.1 3533.6  0.6889995  0.7991682  0.2238966
 3533.6 3546.1  0.6889154  0.7848184  0.2215618
 3546.1 3558.7  0.6888314  0.7704687  0.2192270
 3558.7 3571.4  0.6883842  0.7575949  0.2170205
 3571.4 3584.2  0.6877695  0.7453375  0.2148627
 3584.2 3597.1  0.6871500  0.7329835  0.2126880
 3597.1 3610.1  0.6865256  0.7205330  0.2104962
 3610.1 3623.2  0.6858965  0.7079860  0.2082875
 3623.2 3636.4  0.6852624  0.6953426  0.2060619
 3636.4 3649.6  0.6846235  0.6826026  0.2038192
 3649.6 3663.0  0.6839847  0.6698625  0.2015765
 3663.0 3676.5  0.6831043  0.6587781  0.1995146
 3676.5 3690.0  0.6822101  0.6476681  0.1974439
 3690.0 3703.7  0.6813159  0.6365582  0.1953733
 3703.7 3717.5  0.6804084  0.6252837  0.1932719
 3717.5 3731.3  0.6794944  0.6139268  0.1911553
 3731.3 3745.3  0.6785803  0.6025699  0.1890386
 3745.3 3759.4  0.6776530  0.5910485  0.1868913
 3759.4 3773.6  0.6767548  0.5805315  0.1849019
 3773.6 3787.9  0.6758682  0.5704870  0.1829856
 3787.9 3802.3  0.6749753  0.5603720  0.1810559
 3802.3 3816.8  0.6740763  0.5501860  0.1791127
 3816.8 3831.4  0.6731709  0.5399293  0.1771559
 3831.4 3846.2  0.6722593  0.5296021  0.1751857
 3846.2 3861.0  0.6713353  0.5191332  0.1731885
 3861.0 3876.0  0.6706008  0.5097172  0.1713934
 3876.0 3891.1  0.6699228  0.5005427  0.1696449
 3891.1 3906.2  0.6692403  0.4913070  0.1678847
 3906.2 3921.6  0.6685578  0.4820713  0.1661245
 3921.6 3937.0  0.6678618  0.4726521  0.1643293
 3937.0 3952.6  0.6671657  0.4632330  0.1625341
 3952.6 3968.3  0.6665127  0.4539071  0.1607559
 3968.3 3984.1  0.6661179  0.4456071  0.1591688
 3984.1 4000.0  0.6657205  0.4372542  0.1575717
 4000.0 4016.1  0.6653206  0.4288485  0.1559644
 4016.1 4032.3  0.6649157  0.4203370  0.1543369
 4032.3 4048.6  0.6645083  0.4117726  0.1526993
 4048.6 4065.0  0.6640984  0.4031554  0.1510516
 4065.0 4081.6  0.6639699  0.3955866  0.1495753
 4081.6 4098.4  0.6638666  0.3880294  0.1480981
 4098.4 4115.2  0.6637620  0.3803813  0.1466032
 4115.2 4132.2  0.6636574  0.3727330  0.1451082
 4132.2 4149.4  0.6635516  0.3649938  0.1435954
 4149.4 4166.7  0.6634446  0.3571636  0.1420649
 4166.7 4184.1  0.6635969  0.3503472  0.1406873
 4184.1 4201.7  0.6637594  0.3435299  0.1393077
 4201.7 4219.4  0.6639237  0.3366341  0.1379122
 4219.4 4237.3  0.6640890  0.3296992  0.1365089
 4237.3 4255.3  0.6642562  0.3226860  0.1350896
 4255.3 4273.5  0.6644795  0.3159157  0.1337052
 4273.5 4291.8  0.6648390  0.3097538  0.1324094
 4291.8 4310.3  0.6652004  0.3035582  0.1311064
 4310.3 4329.0  0.6655657  0.2972948  0.1297892
 4329.0 4347.8  0.6659351  0.2909637  0.1284577
 4347.8 4366.8  0.6663064  0.2845988  0.1271192
 4366.8 4386.0  0.6667814  0.2789135  0.1258807
 4386.0 4405.3  0.6672745  0.2732673  0.1246442
 4405.3 4424.8  0.6677702  0.2675918  0.1234014
 4424.8 4444.4  0.6682711  0.2618574  0.1221457
 4444.4 4464.3  0.6687745  0.2560935  0.1208835
 4464.3 4484.3  0.6693380  0.2507754  0.1196843
 4484.3 4504.5  0.6699249  0.2456407  0.1185114
 4504.5 4524.9  0.6705177  0.2404546  0.1173268
 4524.9 4545.5  0.6711163  0.2352173  0.1161305
 4545.5 4566.2  0.6717209  0.2299285  0.1149224
 4566.2 4587.2  0.6723773  0.2251247  0.1137878
 4587.2 4608.3  0.6730572  0.2203952  0.1126591
 4608.3 4629.6  0.6737403  0.2156432  0.1115251
 4629.6 4651.2  0.6744299  0.2108461  0.1103802
 4651.2 4672.9  0.6751324  0.2060134  0.1092243
 4672.9 4694.8  0.6758927  0.2017057  0.1081491
 4694.8 4717.0  0.6766601  0.1973583  0.1070639
 4717.0 4739.3  0.6774379  0.1929513  0.1059639
 4739.3 4761.9  0.6782193  0.1885244  0.1048589
 4761.9 4784.7  0.6790395  0.1843084  0.1037822
 4784.7 4807.7  0.6798929  0.1803002  0.1027351
 4807.7 4830.9  0.6807537  0.1762570  0.1016788
 4830.9 4854.4  0.6816220  0.1721786  0.1006133
 4854.4 4878.0  0.6825111  0.1681330  0.0995480
 4878.0 4902.0  0.6834458  0.1644431  0.0985389
 4902.0 4926.1  0.6843963  0.1606907  0.0975127
 4926.1 4950.5  0.6853507  0.1569227  0.0964823
 4950.5 4975.1  0.6863181  0.1531161  0.0954404
 4975.1 5000.0  0.6873426  0.1496826  0.0944577
 5000.0 5025.1  0.6883797  0.1462072  0.0934630
 5025.1 5050.5  0.6894251  0.1427040  0.0924604
 5050.5 5076.1  0.6904839  0.1391661  0.0914470
 5076.1 5102.0  0.6916004  0.1359676  0.0904894
 5102.0 5128.2  0.6927301  0.1327317  0.0895205
 5128.2 5154.6  0.6938728  0.1294582  0.0885405
 5154.6 5181.3  0.6950333  0.1262193  0.0875637
 5181.3 5208.3  0.6962500  0.1232290  0.0866277
 5208.3 5235.6  0.6974805  0.1202051  0.0856811
 5235.6 5263.2  0.6987246  0.1171475  0.0847240
 5263.2 5291.0  0.7000089  0.1142103  0.0837859
 5291.0 5319.1  0.7013316  0.1114210  0.0828732
 5319.1 5347.6  0.7026684  0.1086015  0.0819507
 5347.6 5376.3  0.7040244  0.1057419  0.0810151
 5376.3 5405.4  0.7054455  0.1031447  0.0801303
 5405.4 5434.8  0.7068917  0.1005375  0.0792385
 5434.8 5464.5  0.7083526  0.0979034  0.0783375
 5464.5 5494.5  0.7098618  0.0953896  0.0774592
 5494.5 5524.9  0.7114214  0.0930063  0.0766059
 5524.9 5555.6  0.7130018  0.0905913  0.0757412
 5555.6 5586.6  0.7146115  0.0882065  0.0748803
 5586.6 5618.0  0.7162986  0.0860431  0.0740672
 5618.0 5649.7  0.7180075  0.0838518  0.0732436
 5649.7 5681.8  0.7197328  0.0816395  0.0724122
 5681.8 5714.3  0.7215524  0.0796738  0.0716351
 5714.3 5747.1  0.7233953  0.0776863  0.0708489
 5747.1 5780.3  0.7252554  0.0756803  0.0700554
 5780.3 5814.0  0.7271953  0.0738678  0.0693040
 5814.0 5848.0  0.7291701  0.0720491  0.0685463
 5848.0 5882.4  0.7311624  0.0702141  0.0677819
 5882.4 5917.2  0.7332271  0.0685480  0.0670537
 5917.2 5952.4  0.7353190  0.0668743  0.0663199
 5952.4 5988.0  0.7374376  0.0651929  0.0655804
 5988.0 6024.1  0.7396196  0.0636497  0.0648700
 6024.1 6060.6  0.7418321  0.0620849  0.0641497
 6060.6 6097.6  0.7440786  0.0605426  0.0634310
 6097.6 6135.0  0.7463793  0.0590780  0.0627261
 6135.0 6172.8  0.7487047  0.0575976  0.0620136
 6172.8 6211.2  0.7510692  0.0561676  0.0613094
 6211.2 6250.0  0.7534809  0.0547590  0.0606047
 6250.0 6289.3  0.7559175  0.0533358  0.0598927
 6289.3 6329.1  0.7584003  0.0519778  0.0591920
 6329.1 6369.4  0.7609148  0.0506026  0.0584824
 6369.4 6410.3  0.7634636  0.0492376  0.0577708
 6410.3 6451.6  0.7660533  0.0478824  0.0570562
 6451.6 6493.5  0.7686682  0.0465152  0.0563350
 6493.5 6535.9  0.7713175  0.0451587  0.0556115
 6535.9 6578.9  0.7739984  0.0437860  0.0548794
 6578.9 6622.5  0.7767079  0.0423973  0.0541386
 6622.5 6666.7  0.7794507  0.0409909  0.0533883
 6666.7 6711.4  0.7822217  0.0395566  0.0526263
 6711.4 6756.8  0.7850084  0.0380918  0.0518533
 6756.8 6802.7  0.7878332  0.0365962  0.0510667
 6802.7 6849.3  0.7906570  0.0350396  0.0502625
 6849.3 6896.6  0.7935239  0.0334592  0.0494462
 6896.6 6944.4  0.7963874  0.0317894  0.0486045
 6944.4 6993.0  0.7992805  0.0301008  0.0477537
 6993.0 7042.3  0.8021770  0.0283368  0.0468802
 7042.3 7092.2  0.8051094  0.0265412  0.0459931
 7092.2 7142.9  0.8080329  0.0247004  0.0450930
 7142.9 7194.2  0.8109950  0.0228259  0.0441780
 7194.2 7246.4  0.8139437  0.0209288  0.0432564
 7246.4 7299.3  0.8169363  0.0189983  0.0423192
 7299.3 7352.9  0.8199112  0.0170681  0.0413814
 7352.9 7407.4  0.8229175  0.0151173  0.0404331
 7407.4 7462.7  0.8259082  0.0131897  0.0394891
 7462.7 7518.8  0.8289246  0.0112550  0.0385385
 7518.8 7575.8  0.8319226  0.0093646  0.0375983
 7575.8 7633.6  0.8349265  0.0075037  0.0366622
 7633.6 7692.3  0.8379210  0.0056898  0.0357365
 7692.3 7751.9  0.8408827  0.0039758  0.0348367
 7751.9 7812.5  0.8438543  0.0022975  0.0339411
 7812.5 7874.0  0.8467476  0.0009474  0.0331002
 7874.0 7936.5  0.8496224  0.0005861  0.0322820
 7936.5 8000.0  0.8524465  0.0018208  0.0315062
 8000.0 8064.5  0.8551650  0.0027832  0.0308070
 8064.5 8130.1  0.8578334  0.0035778  0.0301525
 8130.1 8196.7  0.8603662  0.0040250  0.0295966
 8196.7 8264.5  0.8627405  0.0040785  0.0291536
 8264.5 8333.3  0.8649994  0.0038094  0.0288006
 8333.3 8403.4  0.8670204  0.0029778  0.0286113
 8403.4 8474.6  0.8687613  0.0014687  0.0286183
 8474.6 8547.0  0.8704285 -0.0002744  0.0286889
 8547.0 8620.7  0.8721238 -0.0020470  0.0287607
 8620.7 8695.7  0.8738496 -0.0038513  0.0288338
 8695.7 8771.9  0.8756057 -0.0056874  0.0289082
 8771.9 8849.6  0.8773900 -0.0075530  0.0289838
 8849.6 8928.6  0.8792094 -0.0094552  0.0290609
 8928.6 9009.0  0.8810592 -0.0113893  0.0291393
 9009.0 9090.9  0.8829418 -0.0133576  0.0292190
 9090.9 9174.3  0.8848596 -0.0153627  0.0293003
 9174.3 9259.3  0.8868124 -0.0174045  0.0293830
 9259.3 9345.8  0.8888028 -0.0194855  0.0294673
 9345.8 9434.0  0.8908283 -0.0216032  0.0295531
 9434.0 9523.8  0.8928935 -0.0237625  0.0296406
 9523.8 9615.4  0.8949962 -0.0259610  0.0297297
 9615.4 9708.7  0.8971412 -0.0282035  0.0298206
 9708.7 9803.9  0.8993258 -0.0304877  0.0299131
 9803.9 9901.0  0.9015550 -0.0328184  0.0300076
 9901.0 9911.0  0.9038286 -0.0351956  0.0301039
