 1176.5 1177.9  0.5355718  3.6579440  0.6874971
 1177.9 1179.2  0.5353259  3.6600664  0.6874695
 1179.2 1180.6  0.5350975  3.6620371  0.6874440
 1180.6 1182.0  0.5348516  3.6641598  0.6874164
 1182.0 1183.4  0.5346056  3.6662822  0.6873888
 1183.4 1184.8  0.5343597  3.6684048  0.6873613
 1184.8 1186.2  0.5341138  3.6705272  0.6873338
 1186.2 1187.6  0.5338678  3.6726496  0.6873062
 1187.6 1189.1  0.5336219  3.6747720  0.6872786
 1189.1 1190.5  0.5333584  3.6770461  0.6872491
 1190.5 1191.9  0.5331125  3.6791687  0.6872216
 1191.9 1193.3  0.5328665  3.6812911  0.6871940
 1193.3 1194.7  0.5326205  3.6834135  0.6871665
 1194.7 1196.2  0.5323747  3.6855359  0.6871389
 1196.2 1197.6  0.5321112  3.6878099  0.6871094
 1197.6 1199.0  0.5318652  3.6899326  0.6870819
 1199.0 1200.5  0.5316193  3.6920550  0.6870543
 1200.5 1201.9  0.5313557  3.6943290  0.6870248
 1201.9 1203.4  0.5311098  3.6964517  0.6869972
 1203.4 1204.8  0.5308463  3.6987257  0.6869677
 1204.8 1206.3  0.5306004  3.7008481  0.6869401
 1206.3 1207.7  0.5303369  3.7031221  0.6869106
 1207.7 1209.2  0.5300909  3.7052445  0.6868831
 1209.2 1210.7  0.5298274  3.7075186  0.6868535
 1210.7 1212.1  0.5295640  3.7097926  0.6868240
 1212.1 1213.6  0.5293180  3.7119153  0.6867965
 1213.6 1215.1  0.5290545  3.7141893  0.6867669
 1215.1 1216.5  0.5287910  3.7164633  0.6867374
 1216.5 1218.0  0.5285450  3.7185857  0.6867099
 1218.0 1219.5  0.5282816  3.7208600  0.6866804
 1219.5 1221.0  0.5280181  3.7231340  0.6866508
 1221.0 1222.5  0.5277545  3.7254081  0.6866213
 1222.5 1224.0  0.5274910  3.7276821  0.6865918
 1224.0 1225.5  0.5272275  3.7299562  0.6865622
 1225.5 1227.0  0.5269640  3.7322302  0.6865327
 1227.0 1228.5  0.5267005  3.7345042  0.6865032
 1228.5 1230.0  0.5264370  3.7367785  0.6864737
 1230.0 1231.5  0.5261735  3.7390525  0.6864442
 1231.5 1233.0  0.5259100  3.7413266  0.6864147
 1233.0 1234.6  0.5256465  3.7436006  0.6863852
 1234.6 1236.1  0.5253654  3.7460263  0.6863536
 1236.1 1237.6  0.5251019  3.7483003  0.6863241
 1237.6 1239.2  0.5248384  3.7505744  0.6862946
 1239.2 1240.7  0.5245574  3.7530000  0.6862631
 1240.7 1242.2  0.5242938  3.7552741  0.6862336
 1242.2 1243.8  0.5240303  3.7575481  0.6862041
 1243.8 1245.3  0.5237492  3.7599740  0.6861726
 1245.3 1246.9  0.5234857  3.7622480  0.6861430
 1246.9 1248.4  0.5232047  3.7646737  0.6861116
 1248.4 1250.0  0.5229412  3.7669477  0.6860821
 1250.0 1251.6  0.5226601  3.7693734  0.6860506
 1251.6 1253.1  0.5223790  3.7717991  0.6860191
 1253.1 1254.7  0.5221155  3.7740731  0.6859896
 1254.7 1256.3  0.5218345  3.7764988  0.6859581
 1256.3 1257.9  0.5215534  3.7789245  0.6859266
 1257.9 1259.4  0.5212723  3.7813501  0.6858951
 1259.4 1261.0  0.5210088  3.7836242  0.6858656
 1261.0 1262.6  0.5207278  3.7860498  0.6858341
 1262.6 1264.2  0.5204467  3.7884755  0.6858026
 1264.2 1265.8  0.5201656  3.7909012  0.6857711
 1265.8 1267.4  0.5198845  3.7933271  0.6857396
 1267.4 1269.0  0.5196034  3.7957528  0.6857081
 1269.0 1270.6  0.5193224  3.7981782  0.6856766
 1270.6 1272.3  0.5190413  3.8006039  0.6856452
 1272.3 1273.9  0.5187427  3.8031814  0.6856117
 1273.9 1275.5  0.5184616  3.8056068  0.6855802
 1275.5 1277.1  0.5181805  3.8080325  0.6855487
 1277.1 1278.8  0.5178995  3.8104582  0.6855172
 1278.8 1280.4  0.5176008  3.8130357  0.6854838
 1280.4 1282.1  0.5173197  3.8154612  0.6854523
 1282.1 1283.7  0.5170211  3.8180385  0.6854188
 1283.7 1285.3  0.5167400  3.8204641  0.6853873
 1285.3 1287.0  0.5164589  3.8228900  0.6853558
 1287.0 1288.7  0.5161603  3.8254671  0.6853223
 1288.7 1290.3  0.5158617  3.8280444  0.6852889
 1290.3 1292.0  0.5155806  3.8304701  0.6852574
 1292.0 1293.7  0.5152820  3.8330474  0.6852240
 1293.7 1295.3  0.5149834  3.8356245  0.6851905
 1295.3 1297.0  0.5147023  3.8380504  0.6851590
 1297.0 1298.7  0.5144036  3.8406277  0.6851256
 1298.7 1300.4  0.5141050  3.8432047  0.6850921
 1300.4 1302.1  0.5138296  3.8455994  0.6850483
 1302.1 1303.8  0.5136302  3.8473995  0.6849710
 1303.8 1305.5  0.5134307  3.8491998  0.6848937
 1305.5 1307.2  0.5132312  3.8509998  0.6848164
 1307.2 1308.9  0.5130317  3.8527999  0.6847391
 1308.9 1310.6  0.5128321  3.8546002  0.6846618
 1310.6 1312.3  0.5126326  3.8564005  0.6845845
 1312.3 1314.1  0.5124331  3.8582006  0.6845072
 1314.1 1315.8  0.5122219  3.8601067  0.6844253
 1315.8 1317.5  0.5120224  3.8619070  0.6843480
 1317.5 1319.3  0.5118229  3.8637071  0.6842707
 1319.3 1321.0  0.5116116  3.8656132  0.6841888
 1321.0 1322.8  0.5114121  3.8674133  0.6841115
 1322.8 1324.5  0.5112008  3.8693194  0.6840296
 1324.5 1326.3  0.5110013  3.8711195  0.6839523
 1326.3 1328.0  0.5107901  3.8730257  0.6838705
 1328.0 1329.8  0.5105906  3.8748257  0.6837932
 1329.8 1331.6  0.5103793  3.8767319  0.6837113
 1331.6 1333.3  0.5101681  3.8786380  0.6836295
 1333.3 1335.1  0.5099686  3.8804383  0.6835521
 1335.1 1336.9  0.5097573  3.8823442  0.6834703
 1336.9 1338.7  0.5095461  3.8842504  0.6833885
 1338.7 1340.5  0.5093349  3.8861563  0.6833066
 1340.5 1342.3  0.5091236  3.8880625  0.6832247
 1342.3 1344.1  0.5089124  3.8899686  0.6831429
 1344.1 1345.9  0.5087011  3.8918746  0.6830610
 1345.9 1347.7  0.5084899  3.8937807  0.6829792
 1347.7 1349.5  0.5082787  3.8956866  0.6828973
 1349.5 1351.4  0.5080674  3.8975928  0.6828154
 1351.4 1353.2  0.5078584  3.8994970  0.6827031
 1353.2 1355.0  0.5076651  3.9012644  0.6825877
 1355.0 1356.9  0.5074719  3.9030318  0.6824725
 1356.9 1358.7  0.5072678  3.9048975  0.6823508
 1358.7 1360.5  0.5070746  3.9066648  0.6822355
 1360.5 1362.4  0.5068813  3.9084322  0.6821201
 1362.4 1364.3  0.5066773  3.9102979  0.6819985
 1364.3 1366.1  0.5064732  3.9121635  0.6818768
 1366.1 1368.0  0.5062800  3.9139309  0.6817615
 1368.0 1369.9  0.5060760  3.9157965  0.6816398
 1369.9 1371.7  0.5058720  3.9176621  0.6815181
 1371.7 1373.6  0.5056787  3.9194295  0.6814028
 1373.6 1375.5  0.5054747  3.9212952  0.6812811
 1375.5 1377.4  0.5052707  3.9231608  0.6811594
 1377.4 1379.3  0.5050666  3.9250264  0.6810377
 1379.3 1381.2  0.5048627  3.9268920  0.6809160
 1381.2 1383.1  0.5046586  3.9287577  0.6807943
 1383.1 1385.0  0.5044546  3.9306233  0.6806726
 1385.0 1387.0  0.5042506  3.9324889  0.6805509
 1387.0 1388.9  0.5040359  3.9344528  0.6804228
 1388.9 1390.8  0.5038319  3.9363184  0.6803011
 1390.8 1392.8  0.5036278  3.9381840  0.6801794
 1392.8 1394.7  0.5034131  3.9401479  0.6800513
 1394.7 1396.6  0.5032091  3.9420133  0.6799296
 1396.6 1398.6  0.5030051  3.9438789  0.6798079
 1398.6 1400.6  0.5027903  3.9458427  0.6796798
 1400.6 1402.5  0.5025808  3.9477575  0.6795410
 1402.5 1404.5  0.5023934  3.9494672  0.6793854
 1404.5 1406.5  0.5021961  3.9512670  0.6792215
 1406.5 1408.5  0.5019988  3.9530668  0.6790577
 1408.5 1410.4  0.5018016  3.9548666  0.6788939
 1410.4 1412.4  0.5016142  3.9565763  0.6787383
 1412.4 1414.4  0.5014169  3.9583762  0.6785744
 1414.4 1416.4  0.5012196  3.9601760  0.6784106
 1416.4 1418.4  0.5010223  3.9619758  0.6782469
 1418.4 1420.5  0.5008250  3.9637754  0.6780830
 1420.5 1422.5  0.5006179  3.9656653  0.6779110
 1422.5 1424.5  0.5004206  3.9674649  0.6777472
 1424.5 1426.5  0.5002234  3.9692647  0.6775834
 1426.5 1428.6  0.5000261  3.9710646  0.6774196
 1428.6 1430.6  0.4998190  3.9729543  0.6772476
 1430.6 1432.7  0.4996217  3.9747541  0.6770838
 1432.7 1434.7  0.4994146  3.9766438  0.6769118
 1434.7 1436.8  0.4992173  3.9784436  0.6767480
 1436.8 1438.8  0.4990101  3.9803336  0.6765760
 1438.8 1440.9  0.4988129  3.9821334  0.6764122
 1440.9 1443.0  0.4986057  3.9840231  0.6762401
 1443.0 1445.1  0.4983986  3.9859128  0.6760681
 1445.1 1447.2  0.4981914  3.9878025  0.6758961
 1447.2 1449.3  0.4979843  3.9896922  0.6757241
 1449.3 1451.4  0.4977772  3.9915822  0.6755521
 1451.4 1453.5  0.4975806  3.9933493  0.6753559
 1453.5 1455.6  0.4973893  3.9950550  0.6751477
 1455.6 1457.7  0.4971981  3.9967606  0.6749394
 1457.7 1459.9  0.4970068  3.9984663  0.6747311
 1459.9 1462.0  0.4968064  4.0002532  0.6745129
 1462.0 1464.1  0.4966152  4.0019588  0.6743047
 1464.1 1466.3  0.4964239  4.0036645  0.6740964
 1466.3 1468.4  0.4962236  4.0054517  0.6738782
 1468.4 1470.6  0.4960323  4.0071573  0.6736699
 1470.6 1472.8  0.4958319  4.0089440  0.6734518
 1472.8 1474.9  0.4956316  4.0107307  0.6732336
 1474.9 1477.1  0.4954403  4.0124364  0.6730253
 1477.1 1479.3  0.4952399  4.0142236  0.6728071
 1479.3 1481.5  0.4950396  4.0160103  0.6725889
 1481.5 1483.7  0.4948392  4.0177975  0.6723707
 1483.7 1485.9  0.4946388  4.0195842  0.6721526
 1485.9 1488.1  0.4944385  4.0213714  0.6719344
 1488.1 1490.3  0.4942381  4.0231581  0.6717162
 1490.3 1492.5  0.4940377  4.0249448  0.6714980
 1492.5 1494.8  0.4938374  4.0267320  0.6712798
 1494.8 1497.0  0.4936279  4.0286002  0.6710517
 1497.0 1499.3  0.4934275  4.0303869  0.6708335
 1499.3 1501.5  0.4932180  4.0322552  0.6706054
 1501.5 1503.8  0.4930273  4.0339007  0.6703620
 1503.8 1506.0  0.4928327  4.0355530  0.6700952
 1506.0 1508.3  0.4926465  4.0371332  0.6698400
 1508.3 1510.6  0.4924518  4.0387850  0.6695732
 1510.6 1512.9  0.4922572  4.0404372  0.6693065
 1512.9 1515.2  0.4920625  4.0420890  0.6690397
 1515.2 1517.5  0.4918679  4.0437407  0.6687729
 1517.5 1519.8  0.4916732  4.0453930  0.6685061
 1519.8 1522.1  0.4914786  4.0470448  0.6682394
 1522.1 1524.4  0.4912839  4.0486970  0.6679726
 1524.4 1526.7  0.4910893  4.0503488  0.6677058
 1526.7 1529.1  0.4908946  4.0520010  0.6674390
 1529.1 1531.4  0.4906915  4.0537248  0.6671606
 1531.4 1533.7  0.4904968  4.0553765  0.6668938
 1533.7 1536.1  0.4903022  4.0570288  0.6666270
 1536.1 1538.5  0.4900991  4.0587525  0.6663487
 1538.5 1540.8  0.4898959  4.0604763  0.6660703
 1540.8 1543.2  0.4897013  4.0621281  0.6658035
 1543.2 1545.6  0.4894982  4.0638518  0.6655251
 1545.6 1548.0  0.4892951  4.0655756  0.6652468
 1548.0 1550.4  0.4890920  4.0672994  0.6649684
 1550.4 1552.8  0.4888910  4.0689831  0.6646834
 1552.8 1555.2  0.4887008  4.0704646  0.6643654
 1555.2 1557.6  0.4885106  4.0719461  0.6640474
 1557.6 1560.1  0.4883204  4.0734277  0.6637294
 1560.1 1562.5  0.4881223  4.0749712  0.6633982
 1562.5 1564.9  0.4879321  4.0764527  0.6630802
 1564.9 1567.4  0.4877420  4.0779343  0.6627622
 1567.4 1569.9  0.4875439  4.0794778  0.6624310
 1569.9 1572.3  0.4873458  4.0810208  0.6620998
 1572.3 1574.8  0.4871556  4.0825028  0.6617818
 1574.8 1577.3  0.4869575  4.0840459  0.6614505
 1577.3 1579.8  0.4867594  4.0855894  0.6611193
 1579.8 1582.3  0.4865613  4.0871325  0.6607881
 1582.3 1584.8  0.4863632  4.0886760  0.6604568
 1584.8 1587.3  0.4861650  4.0902195  0.6601256
 1587.3 1589.8  0.4859670  4.0917625  0.6597943
 1589.8 1592.4  0.4857689  4.0933061  0.6594631
 1592.4 1594.9  0.4855628  4.0949111  0.6591187
 1594.9 1597.4  0.4853647  4.0964541  0.6587874
 1597.4 1600.0  0.4851666  4.0979977  0.6584561
 1600.0 1602.6  0.4849606  4.0996027  0.6581117
 1602.6 1605.1  0.4847678  4.1009383  0.6577244
 1605.1 1607.7  0.4845823  4.1022224  0.6573520
 1607.7 1610.3  0.4843895  4.1035581  0.6569647
 1610.3 1612.9  0.4841967  4.1048937  0.6565773
 1612.9 1615.5  0.4840038  4.1062293  0.6561900
 1615.5 1618.1  0.4838110  4.1075649  0.6558027
 1618.1 1620.7  0.4836182  4.1089005  0.6554154
 1620.7 1623.4  0.4834254  4.1102362  0.6550280
 1623.4 1626.0  0.4832251  4.1116233  0.6546258
 1626.0 1628.7  0.4830323  4.1129589  0.6542385
 1628.7 1631.3  0.4828320  4.1143460  0.6538363
 1631.3 1634.0  0.4826392  4.1156816  0.6534490
 1634.0 1636.7  0.4824390  4.1170688  0.6530468
 1636.7 1639.3  0.4822387  4.1184559  0.6526446
 1639.3 1642.0  0.4820459  4.1197915  0.6522573
 1642.0 1644.7  0.4818456  4.1211782  0.6518551
 1644.7 1647.4  0.4816454  4.1225653  0.6514528
 1647.4 1650.2  0.4814451  4.1239524  0.6510506
 1650.2 1652.9  0.4812388  4.1253715  0.6506301
 1652.9 1655.6  0.4810558  4.1265006  0.6501822
 1655.6 1658.4  0.4808728  4.1276293  0.6497342
 1658.4 1661.1  0.4806830  4.1287999  0.6492696
 1661.1 1663.9  0.4805000  4.1299291  0.6488217
 1663.9 1666.7  0.4803103  4.1310997  0.6483572
 1666.7 1669.4  0.4801205  4.1322703  0.6478926
 1669.4 1672.2  0.4799375  4.1333995  0.6474446
 1672.2 1675.0  0.4797477  4.1345701  0.6469801
 1675.0 1677.9  0.4795580  4.1357408  0.6465155
 1677.9 1680.7  0.4793614  4.1369534  0.6460344
 1680.7 1683.5  0.4791717  4.1381240  0.6455698
 1683.5 1686.3  0.4789819  4.1392946  0.6451052
 1686.3 1689.2  0.4787921  4.1404653  0.6446407
 1689.2 1692.0  0.4785956  4.1416779  0.6441596
 1692.0 1694.9  0.4784058  4.1428485  0.6436950
 1694.9 1697.8  0.4782093  4.1440611  0.6432139
 1697.8 1700.7  0.4780127  4.1452737  0.6427327
 1700.7 1703.6  0.4778339  4.1463647  0.6422821
 1703.6 1706.5  0.4777108  4.1470742  0.6419274
 1706.5 1709.4  0.4775877  4.1477838  0.6415727
 1709.4 1712.3  0.4774646  4.1484938  0.6412180
 1712.3 1715.3  0.4773415  4.1492033  0.6408633
 1715.3 1718.2  0.4772142  4.1499372  0.6404963
 1718.2 1721.2  0.4770911  4.1506467  0.6401417
 1721.2 1724.1  0.4769638  4.1513810  0.6397747
 1724.1 1727.1  0.4768406  4.1520905  0.6394200
 1727.1 1730.1  0.4767133  4.1528244  0.6390530
 1730.1 1733.1  0.4765860  4.1535587  0.6386861
 1733.1 1736.1  0.4764586  4.1542926  0.6383192
 1736.1 1739.1  0.4763313  4.1550269  0.6379523
 1739.1 1742.2  0.4762040  4.1557608  0.6375853
 1742.2 1745.2  0.4760724  4.1565194  0.6372061
 1745.2 1748.3  0.4759451  4.1572533  0.6368392
 1748.3 1751.3  0.4758134  4.1580119  0.6364601
 1751.3 1754.4  0.4756861  4.1587462  0.6360931
 1754.4 1757.5  0.4755494  4.1595292  0.6356865
 1757.5 1760.6  0.4753783  4.1604795  0.6350947
 1760.6 1763.7  0.4752072  4.1614299  0.6345029
 1763.7 1766.8  0.4750361  4.1623802  0.6339111
 1766.8 1769.9  0.4748650  4.1633306  0.6333194
 1769.9 1773.0  0.4746939  4.1642809  0.6327276
 1773.0 1776.2  0.4745337  4.1651678  0.6321177
 1776.2 1779.4  0.4743688  4.1660814  0.6314877
 1779.4 1782.5  0.4742038  4.1669950  0.6308576
 1782.5 1785.7  0.4740440  4.1678801  0.6302472
 1785.7 1788.9  0.4738790  4.1687937  0.6296171
 1788.9 1792.1  0.4737253  4.1696501  0.6289692
 1792.1 1795.3  0.4735728  4.1705008  0.6283195
 1795.3 1798.6  0.4734203  4.1713514  0.6276698
 1798.6 1801.8  0.4732630  4.1722283  0.6269997
 1801.8 1805.1  0.4731105  4.1730790  0.6263500
 1805.1 1808.3  0.4729624  4.1739221  0.6256397
 1808.3 1811.6  0.4728194  4.1747375  0.6249484
 1811.6 1814.9  0.4726719  4.1755781  0.6242356
 1814.9 1818.2  0.4725244  4.1764188  0.6235226
 1818.2 1821.5  0.4723780  4.1772547  0.6228098
 1821.5 1824.8  0.4722502  4.1780133  0.6220968
 1824.8 1828.2  0.4721223  4.1787715  0.6213839
 1828.2 1831.5  0.4719906  4.1795530  0.6206494
 1831.5 1834.9  0.4718627  4.1803112  0.6199365
 1834.9 1838.2  0.4717310  4.1810927  0.6192019
 1838.2 1841.6  0.4716192  4.1817989  0.6184669
 1841.6 1845.0  0.4715045  4.1825252  0.6177089
 1845.0 1848.4  0.4713899  4.1832514  0.6169509
 1848.4 1851.9  0.4712752  4.1839776  0.6161929
 1851.9 1855.3  0.4711572  4.1847248  0.6154126
 1855.3 1858.7  0.4710580  4.1854205  0.6146083
 1858.7 1862.2  0.4709592  4.1861148  0.6138026
 1862.2 1865.7  0.4708575  4.1868296  0.6129732
 1865.7 1869.2  0.4707558  4.1875443  0.6121437
 1869.2 1872.7  0.4706555  4.1882558  0.6113142
 1872.7 1876.2  0.4705772  4.1889029  0.6104825
 1876.2 1879.7  0.4704989  4.1895499  0.6096507
 1879.7 1883.2  0.4704206  4.1901975  0.6088189
 1883.2 1886.8  0.4703423  4.1908445  0.6079872
 1886.8 1890.4  0.4702618  4.1915102  0.6071317
 1890.4 1893.9  0.4702029  4.1921344  0.6062497
 1893.9 1897.5  0.4701468  4.1927390  0.6053905
 1897.5 1901.1  0.4700892  4.1933608  0.6045069
 1901.1 1904.8  0.4700315  4.1939826  0.6036233
 1904.8 1908.4  0.4699723  4.1946216  0.6027151
 1908.4 1912.0  0.4699373  4.1952219  0.6017795
 1912.0 1915.7  0.4699037  4.1958208  0.6008409
 1915.7 1919.4  0.4698691  4.1964369  0.5998762
 1919.4 1923.1  0.4698345  4.1970525  0.5989115
 1923.1 1926.8  0.4698007  4.1976671  0.5979466
 1926.8 1930.5  0.4697942  4.1982331  0.5969767
 1930.5 1934.2  0.4697876  4.1987987  0.5960068
 1934.2 1938.0  0.4697810  4.1993647  0.5950369
 1938.0 1941.7  0.4697743  4.1999454  0.5940408
 1941.7 1945.5  0.4697677  4.2005115  0.5930710
 1945.5 1949.3  0.4697886  4.2010665  0.5920438
 1949.3 1953.1  0.4698119  4.2016191  0.5910139
 1953.1 1956.9  0.4698352  4.2021723  0.5899841
 1956.9 1960.8  0.4698585  4.2027249  0.5889543
 1960.8 1964.6  0.4698824  4.2032924  0.5878973
 1964.6 1968.5  0.4699357  4.2038379  0.5868086
 1968.5 1972.4  0.4699921  4.2043972  0.5856878
 1972.4 1976.3  0.4700485  4.2049565  0.5845670
 1976.3 1980.2  0.4701049  4.2055159  0.5834463
 1980.2 1984.1  0.4701626  4.2060738  0.5823253
 1984.1 1988.1  0.4702449  4.2066026  0.5812007
 1988.1 1992.0  0.4703292  4.2071452  0.5800472
 1992.0 1996.0  0.4704114  4.2076740  0.5789226
 1996.0 2000.0  0.4704958  4.2082162  0.5777692
 2000.0 2004.0  0.4705801  4.2087588  0.5766157
 2004.0 2008.0  0.4706909  4.2093043  0.5754011
 2008.0 2012.1  0.4708017  4.2098498  0.5741864
 2012.1 2016.1  0.4709153  4.2104087  0.5729414
 2016.1 2020.2  0.4710261  4.2109542  0.5717268
 2020.2 2024.3  0.4711404  4.2115121  0.5704819
 2024.3 2028.4  0.4712696  4.2120547  0.5692386
 2028.4 2032.5  0.4713987  4.2125969  0.5679954
 2032.5 2036.7  0.4715279  4.2131391  0.5667521
 2036.7 2040.8  0.4716602  4.2136941  0.5654786
 2040.8 2045.0  0.4717894  4.2142367  0.5642353
 2045.0 2049.2  0.4719342  4.2147961  0.5629370
 2049.2 2053.4  0.4720795  4.2153554  0.5616374
 2053.4 2057.6  0.4722249  4.2159147  0.5603378
 2057.6 2061.9  0.4723703  4.2164745  0.5590381
 2061.9 2066.1  0.4725191  4.2170472  0.5577076
 2066.1 2070.4  0.4726746  4.2176323  0.5563551
 2070.4 2074.7  0.4728341  4.2182317  0.5549693
 2074.7 2079.0  0.4729936  4.2188315  0.5535834
 2079.0 2083.3  0.4731531  4.2194309  0.5521975
 2083.3 2087.7  0.4733125  4.2200322  0.5508102
 2087.7 2092.1  0.4734755  4.2206683  0.5493736
 2092.1 2096.4  0.4736384  4.2213039  0.5479368
 2096.4 2100.8  0.4737977  4.2219253  0.5465329
 2100.8 2105.3  0.4739607  4.2225614  0.5450961
 2105.3 2109.7  0.4741265  4.2232132  0.5436279
 2109.7 2114.2  0.4742784  4.2238669  0.5422076
 2114.2 2118.6  0.4744337  4.2245359  0.5407550
 2118.6 2123.1  0.4745855  4.2251897  0.5393347
 2123.1 2127.7  0.4747407  4.2258587  0.5378821
 2127.7 2132.2  0.4748995  4.2265420  0.5363973
 2132.2 2136.8  0.4750399  4.2272520  0.5349342
 2136.8 2141.3  0.4751824  4.2279801  0.5334378
 2141.3 2145.9  0.4753218  4.2286925  0.5319740
 2145.9 2150.5  0.4754643  4.2294211  0.5304776
 2150.5 2155.2  0.4756068  4.2301493  0.5289813
 2155.2 2159.8  0.4757349  4.2309942  0.5273569
 2159.8 2164.5  0.4758583  4.2318330  0.5257559
 2164.5 2169.2  0.4759844  4.2326903  0.5241202
 2169.2 2173.9  0.4761105  4.2335472  0.5224844
 2173.9 2178.6  0.4762365  4.2344046  0.5208487
 2178.6 2183.4  0.4763159  4.2352095  0.5194256
 2183.4 2188.2  0.4763960  4.2360306  0.5179769
 2188.2 2193.0  0.4764761  4.2368517  0.5165283
 2193.0 2197.8  0.4765562  4.2376728  0.5150796
 2197.8 2202.6  0.4766363  4.2384939  0.5136309
 2202.6 2207.5  0.4766949  4.2394366  0.5120617
 2207.5 2212.4  0.4767363  4.2405038  0.5103557
 2212.4 2217.3  0.4767776  4.2415714  0.5086498
 2217.3 2222.2  0.4768189  4.2426391  0.5069437
 2222.2 2227.2  0.4768578  4.2437086  0.5052413
 2227.2 2232.1  0.4768382  4.2448521  0.5035904
 2232.1 2237.1  0.4768190  4.2459726  0.5019724
 2237.1 2242.2  0.4767995  4.2471161  0.5003216
 2242.2 2247.2  0.4767795  4.2482824  0.4986377
 2247.2 2252.3  0.4767570  4.2494297  0.4969888
 2252.3 2257.3  0.4766626  4.2506976  0.4953566
 2257.3 2262.4  0.4765701  4.2519403  0.4937565
 2262.4 2267.6  0.4764757  4.2532082  0.4921243
 2267.6 2272.7  0.4763794  4.2545009  0.4904601
 2272.7 2277.9  0.4762850  4.2557688  0.4888280
 2277.9 2283.1  0.4760986  4.2572265  0.4871601
 2283.1 2288.3  0.4759066  4.2586951  0.4854918
 2288.3 2293.6  0.4757146  4.2601633  0.4838236
 2293.6 2298.9  0.4755189  4.2616596  0.4821233
 2298.9 2304.1  0.4753233  4.2631564  0.4804231
 2304.1 2309.5  0.4750315  4.2647591  0.4788202
 2309.5 2314.8  0.4747264  4.2664266  0.4771571
 2314.8 2320.2  0.4744270  4.2680631  0.4755248
 2320.2 2325.6  0.4741219  4.2697301  0.4738617
 2325.6 2331.0  0.4738168  4.2713976  0.4721986
 2331.0 2336.4  0.4733852  4.2732792  0.4705509
 2336.4 2341.9  0.4729436  4.2751780  0.4689044
 2341.9 2347.4  0.4724938  4.2771120  0.4672274
 2347.4 2352.9  0.4720439  4.2790461  0.4655504
 2352.9 2358.5  0.4715941  4.2809801  0.4638734
 2358.5 2364.1  0.4709912  4.2831788  0.4622272
 2364.1 2369.7  0.4703857  4.2853818  0.4605821
 2369.7 2375.3  0.4697802  4.2875843  0.4589370
 2375.3 2381.0  0.4691747  4.2897873  0.4572919
 2381.0 2386.6  0.4685584  4.2920294  0.4556175
 2386.6 2392.3  0.4678501  4.2944593  0.4540839
 2392.3 2398.1  0.4671292  4.2969327  0.4525229
 2398.1 2403.8  0.4663956  4.2994499  0.4509345
 2403.8 2409.6  0.4656748  4.3019233  0.4493735
 2409.6 2415.5  0.4649412  4.3044400  0.4477851
 2415.5 2421.3  0.4641525  4.3073583  0.4462629
 2421.3 2427.2  0.4633742  4.3102531  0.4447732
 2427.2 2433.1  0.4625825  4.3131976  0.4432578
 2433.1 2439.0  0.4617907  4.3161421  0.4417424
 2439.0 2445.0  0.4609990  4.3190866  0.4402270
 2445.0 2451.0  0.4602740  4.3224826  0.4388617
 2451.0 2457.0  0.4595490  4.3258786  0.4374965
 2457.0 2463.1  0.4588241  4.3292742  0.4361312
 2463.1 2469.1  0.4580870  4.3327270  0.4347432
 2469.1 2475.2  0.4573654  4.3361306  0.4333817
 2475.2 2481.4  0.4568341  4.3400617  0.4322242
 2481.4 2487.6  0.4562941  4.3440566  0.4310476
 2487.6 2493.8  0.4557540  4.3480520  0.4298710
 2493.8 2500.0  0.4552140  4.3520470  0.4286944
 2500.0 2506.3  0.4546740  4.3560424  0.4275179
 2506.3 2512.6  0.4544749  4.3605943  0.4266277
 2512.6 2518.9  0.4542757  4.3651462  0.4257375
 2518.9 2525.3  0.4540766  4.3696976  0.4248473
 2525.3 2531.6  0.4538743  4.3743219  0.4239430
 2531.6 2538.1  0.4536752  4.3788738  0.4230528
 2538.1 2544.5  0.4539481  4.3842692  0.4224637
 2544.5 2551.0  0.4542477  4.3896270  0.4219049
 2551.0 2557.5  0.4545521  4.3950682  0.4213373
 2557.5 2564.1  0.4548564  4.4005094  0.4207698
 2564.1 2570.7  0.4551762  4.4060473  0.4202002
 2570.7 2577.3  0.4561959  4.4124451  0.4200662
 2577.3 2584.0  0.4572156  4.4188423  0.4199322
 2584.0 2590.7  0.4582508  4.4253368  0.4197963
 2590.7 2597.4  0.4592859  4.4318309  0.4196603
 2597.4 2604.2  0.4603703  4.4383640  0.4195547
 2604.2 2611.0  0.4622581  4.4456158  0.4199337
 2611.0 2617.8  0.4641459  4.4528675  0.4203128
 2617.8 2624.7  0.4660337  4.4601192  0.4206918
 2624.7 2631.6  0.4679493  4.4674778  0.4210765
 2631.6 2638.5  0.4698649  4.4748363  0.4214611
 2638.5 2645.5  0.4727177  4.4829483  0.4223505
 2645.5 2652.5  0.4756705  4.4912248  0.4232842
 2652.5 2659.6  0.4786232  4.4995012  0.4242180
 2659.6 2666.7  0.4816182  4.5078964  0.4251651
 2666.7 2673.8  0.4846130  4.5162911  0.4261122
 2673.8 2681.0  0.4884476  4.5248051  0.4274659
 2681.0 2688.2  0.4923736  4.5334435  0.4288569
 2688.2 2695.4  0.4962997  4.5420823  0.4302478
 2695.4 2702.7  0.5002257  4.5507212  0.4316388
 2702.7 2710.0  0.5042063  4.5594802  0.4330491
 2710.0 2717.4  0.5088916  4.5676446  0.4347274
 2717.4 2724.8  0.5136717  4.5758948  0.4364402
 2724.8 2732.2  0.5184519  4.5841451  0.4381531
 2732.2 2739.7  0.5232320  4.5923953  0.4398659
 2739.7 2747.3  0.5280766  4.6007566  0.4416019
 2747.3 2754.8  0.5335422  4.6077976  0.4434706
 2754.8 2762.4  0.5389584  4.6146879  0.4453192
 2762.4 2770.1  0.5444466  4.6216698  0.4471925
 2770.1 2777.8  0.5500073  4.6287436  0.4490904
 2777.8 2785.5  0.5555679  4.6358175  0.4509883
 2785.5 2793.3  0.5615028  4.6405139  0.4528106
 2793.3 2801.1  0.5675249  4.6452069  0.4546545
 2801.1 2809.0  0.5735471  4.6499000  0.4564984
 2809.0 2816.9  0.5796463  4.6546531  0.4583660
 2816.9 2824.9  0.5857456  4.6594067  0.4602335
 2824.9 2832.9  0.5921708  4.6606388  0.4618443
 2832.9 2840.9  0.5985992  4.6618252  0.4634516
 2840.9 2849.0  0.6050276  4.6630120  0.4650588
 2849.0 2857.1  0.6115363  4.6642137  0.4666862
 2857.1 2865.3  0.6180423  4.6653562  0.4683064
 2865.3 2873.6  0.6243998  4.6617413  0.4693723
 2873.6 2881.8  0.6308351  4.6580820  0.4704512
 2881.8 2890.2  0.6371926  4.6544671  0.4715171
 2890.2 2898.6  0.6437052  4.6507635  0.4726090
 2898.6 2907.0  0.6502180  4.6470604  0.4737009
 2907.0 2915.5  0.6565431  4.6371431  0.4740144
 2915.5 2924.0  0.6629342  4.6267934  0.4742923
 2924.0 2932.6  0.6693252  4.6164436  0.4745702
 2932.6 2941.2  0.6757916  4.6059723  0.4748514
 2941.2 2949.9  0.6822433  4.5953431  0.4751103
 2949.9 2958.6  0.6881604  4.5778732  0.4744280
 2958.6 2967.4  0.6940776  4.5604029  0.4737457
 2967.4 2976.2  0.7000625  4.5427322  0.4730555
 2976.2 2985.1  0.7060477  4.5250616  0.4723653
 2985.1 2994.0  0.7120945  4.5071120  0.4716572
 2994.0 3003.0  0.7175819  4.4823627  0.4700579
 3003.0 3012.0  0.7231311  4.4573345  0.4684406
 3012.0 3021.1  0.7286803  4.4323068  0.4668232
 3021.1 3030.3  0.7342911  4.4070005  0.4651879
 3030.3 3039.5  0.7399402  4.3812428  0.4635127
 3039.5 3048.8  0.7448965  4.3503346  0.4611858
 3048.8 3058.1  0.7499068  4.3190904  0.4588337
 3058.1 3067.5  0.7549171  4.2878461  0.4564815
 3067.5 3076.9  0.7599813  4.2562661  0.4541041
 3076.9 3086.4  0.7650453  4.2246861  0.4517266
 3086.4 3096.0  0.7695161  4.1878920  0.4488184
 3096.0 3105.6  0.7740270  4.1506577  0.4458740
 3105.6 3115.3  0.7785380  4.1134233  0.4429297
 3115.3 3125.0  0.7830958  4.0758018  0.4399548
 3125.0 3134.8  0.7876536  4.0381804  0.4369798
 3134.8 3144.7  0.7914421  3.9977746  0.4338136
 3144.7 3154.6  0.7952692  3.9569569  0.4306151
 3154.6 3164.6  0.7990963  3.9161384  0.4274165
 3164.6 3174.6  0.8029621  3.8749082  0.4241856
 3174.6 3184.7  0.8068279  3.8336780  0.4209548
 3184.7 3194.9  0.8099957  3.7903740  0.4177464
 3194.9 3205.1  0.8131641  3.7465720  0.4145085
 3205.1 3215.4  0.8163327  3.7027686  0.4112705
 3215.4 3225.8  0.8195322  3.6585376  0.4080009
 3225.8 3236.2  0.8227027  3.6138523  0.4047228
 3236.2 3246.8  0.8251520  3.5688844  0.4017257
 3246.8 3257.3  0.8276484  3.5230510  0.3986710
 3257.3 3268.0  0.8301212  3.4776506  0.3956451
 3268.0 3278.7  0.8326412  3.4313855  0.3925615
 3278.7 3289.5  0.8349076  3.3853314  0.3896120
 3289.5 3300.3  0.8367110  3.3392494  0.3868908
 3300.3 3311.3  0.8385146  3.2931671  0.3841696
 3311.3 3322.3  0.8403515  3.2462318  0.3813981
 3322.3 3333.3  0.8421884  3.1992965  0.3786265
 3333.3 3344.5  0.8435466  3.1532159  0.3761114
 3344.5 3355.7  0.8447710  3.1065807  0.3736355
 3355.7 3367.0  0.8459953  3.0599456  0.3711596
 3367.0 3378.4  0.8472306  3.0128937  0.3686616
 3378.4 3389.8  0.8482900  2.9692247  0.3663789
 3389.8 3401.4  0.8489095  2.9344938  0.3646547
 3401.4 3413.0  0.8495399  2.8991547  0.3629002
 3413.0 3424.7  0.8501703  2.8638146  0.3611458
 3424.7 3436.4  0.8508061  2.8281705  0.3593762
 3436.4 3448.3  0.8513863  2.7197778  0.3543345
 3448.3 3460.2  0.8519750  2.6075830  0.3491189
 3460.2 3472.2  0.8519918  2.5561941  0.3467126
 3472.2 3484.3  0.8519125  2.5145919  0.3447581
 3484.3 3496.5  0.8518326  2.4726427  0.3427873
 3496.5 3508.8  0.8517519  2.4303472  0.3408003
 3508.8 3521.1  0.8516707  2.3877048  0.3387969
 3521.1 3533.6  0.8515894  2.3450623  0.3367936
 3533.6 3546.1  0.8515069  2.3017268  0.3347577
 3546.1 3558.7  0.8514243  2.2583911  0.3327218
 3558.7 3571.4  0.8510928  2.2188940  0.3308067
 3571.4 3584.2  0.8506464  2.1809738  0.3289384
 3584.2 3597.1  0.8501966  2.1427548  0.3270554
 3597.1 3610.1  0.8497432  2.1042368  0.3251576
 3610.1 3623.2  0.8492864  2.0654209  0.3232451
 3623.2 3636.4  0.8488261  2.0263066  0.3213180
 3636.4 3649.6  0.8483621  1.9868937  0.3193761
 3649.6 3663.0  0.8478982  1.9474800  0.3174342
 3663.0 3676.5  0.8472576  1.9130027  0.3156511
 3676.5 3690.0  0.8466070  1.8784394  0.3138604
 3690.0 3703.7  0.8459563  1.8438762  0.3120697
 3703.7 3717.5  0.8452960  1.8088011  0.3102526
 3717.5 3731.3  0.8446309  1.7734697  0.3084221
 3731.3 3745.3  0.8439658  1.7381382  0.3065917
 3745.3 3759.4  0.8432910  1.7022948  0.3047347
 3759.4 3773.6  0.8426107  1.6696310  0.3030055
 3773.6 3787.9  0.8419253  1.6384646  0.3013349
 3787.9 3802.3  0.8412350  1.6070794  0.2996526
 3802.3 3816.8  0.8405399  1.5754741  0.2979585
 3816.8 3831.4  0.8398400  1.5436497  0.2962527
 3831.4 3846.2  0.8391352  1.5116060  0.2945351
 3846.2 3861.0  0.8384208  1.4791230  0.2927940
 3861.0 3876.0  0.8378011  1.4501350  0.2912112
 3876.0 3891.1  0.8372061  1.4219792  0.2896625
 3891.1 3906.2  0.8366071  1.3936355  0.2881034
 3906.2 3921.6  0.8360081  1.3652922  0.2865444
 3921.6 3937.0  0.8353972  1.3363853  0.2849543
 3937.0 3952.6  0.8347864  1.3074789  0.2833643
 3952.6 3968.3  0.8341982  1.2789280  0.2817851
 3968.3 3984.1  0.8337606  1.2538751  0.2803541
 3984.1 4000.0  0.8333201  1.2286626  0.2789141
 4000.0 4016.1  0.8328768  1.2032907  0.2774649
 4016.1 4032.3  0.8324280  1.1775992  0.2759975
 4032.3 4048.6  0.8319764  1.1517485  0.2745209
 4048.6 4065.0  0.8315219  1.1257380  0.2730353
 4065.0 4081.6  0.8312539  1.1033198  0.2716841
 4081.6 4098.4  0.8310004  1.0809822  0.2703299
 4098.4 4115.2  0.8307439  1.0583761  0.2689595
 4115.2 4132.2  0.8304874  1.0357691  0.2675890
 4132.2 4149.4  0.8302279  1.0128934  0.2662022
 4149.4 4166.7  0.8299653  0.9897491  0.2647992
 4166.7 4184.1  0.8298864  0.9700230  0.2635159
 4184.1 4201.7  0.8298138  0.9503117  0.2622298
 4201.7 4219.4  0.8297403  0.9303736  0.2609289
 4219.4 4237.3  0.8296664  0.9103227  0.2596207
 4237.3 4255.3  0.8295917  0.8900449  0.2582977
 4255.3 4273.5  0.8295575  0.8705592  0.2570005
 4273.5 4291.8  0.8296220  0.8530502  0.2557694
 4291.8 4310.3  0.8296868  0.8354453  0.2545315
 4310.3 4329.0  0.8297524  0.8176479  0.2532801
 4329.0 4347.8  0.8298187  0.7996579  0.2520152
 4347.8 4366.8  0.8298853  0.7815720  0.2507435
 4366.8 4386.0  0.8300318  0.7655569  0.2495447
 4386.0 4405.3  0.8301902  0.7496725  0.2483446
 4405.3 4424.8  0.8303494  0.7337056  0.2471384
 4424.8 4444.4  0.8305103  0.7175732  0.2459196
 4444.4 4464.3  0.8306721  0.7013580  0.2446945
 4464.3 4484.3  0.8308808  0.6864541  0.2435120
 4484.3 4504.5  0.8311082  0.6720889  0.2423476
 4504.5 4524.9  0.8313377  0.6575799  0.2411716
 4524.9 4545.5  0.8315696  0.6429275  0.2399839
 4545.5 4566.2  0.8318037  0.6281313  0.2387846
 4566.2 4587.2  0.8320809  0.6147460  0.2376383
 4587.2 4608.3  0.8323740  0.6015847  0.2364921
 4608.3 4629.6  0.8326684  0.5883611  0.2353404
 4629.6 4651.2  0.8329656  0.5750116  0.2341777
 4651.2 4672.9  0.8332697  0.5615672  0.2330024
 4672.9 4694.8  0.8336213  0.5496471  0.2318856
 4694.8 4717.0  0.8339761  0.5376170  0.2307584
 4717.0 4739.3  0.8343358  0.5254220  0.2296159
 4739.3 4761.9  0.8346971  0.5131723  0.2284681
 4761.9 4784.7  0.8350869  0.5015394  0.2273369
 4784.7 4807.7  0.8355016  0.4905127  0.2262248
 4807.7 4830.9  0.8359199  0.4793894  0.2251028
 4830.9 4854.4  0.8363417  0.4681695  0.2239712
 4854.4 4878.0  0.8367770  0.4570510  0.2228352
 4878.0 4902.0  0.8372481  0.4469599  0.2217395
 4902.0 4926.1  0.8377272  0.4366979  0.2206252
 4926.1 4950.5  0.8382084  0.4263930  0.2195062
 4950.5 4975.1  0.8386964  0.4159841  0.2183744
 4975.1 5000.0  0.8392277  0.4066493  0.2172835
 5000.0 5025.1  0.8397654  0.3972008  0.2161793
 5025.1 5050.5  0.8403075  0.3876764  0.2150661
 5050.5 5076.1  0.8408568  0.3780590  0.2139407
 5076.1 5102.0  0.8414488  0.3694128  0.2128534
 5102.0 5128.2  0.8420479  0.3606654  0.2117535
 5128.2 5154.6  0.8426538  0.3518165  0.2106408
 5154.6 5181.3  0.8432712  0.3430686  0.2095276
 5181.3 5208.3  0.8439283  0.3350284  0.2084401
 5208.3 5235.6  0.8445928  0.3268979  0.2073403
 5235.6 5263.2  0.8452647  0.3186769  0.2062283
 5263.2 5291.0  0.8459635  0.3107965  0.2051257
 5291.0 5319.1  0.8466887  0.3033326  0.2040391
 5319.1 5347.6  0.8474218  0.2957880  0.2029408
 5347.6 5376.3  0.8481653  0.2881362  0.2018268
 5376.3 5405.4  0.8489540  0.2812117  0.2007473
 5405.4 5434.8  0.8497574  0.2742628  0.1996566
 5434.8 5464.5  0.8505690  0.2672425  0.1985547
 5464.5 5494.5  0.8514123  0.2605517  0.1974650
 5494.5 5524.9  0.8522888  0.2542183  0.1963891
 5524.9 5555.6  0.8531770  0.2478005  0.1952989
 5555.6 5586.6  0.8540834  0.2414646  0.1942071
 5586.6 5618.0  0.8550412  0.2357247  0.1931458
 5618.0 5649.7  0.8560114  0.2299108  0.1920709
 5649.7 5681.8  0.8569909  0.2240412  0.1909857
 5681.8 5714.3  0.8580323  0.2188303  0.1899344
 5714.3 5747.1  0.8590873  0.2135614  0.1888704
 5747.1 5780.3  0.8601520  0.2082438  0.1877966
 5780.3 5814.0  0.8612688  0.2034422  0.1867478
 5814.0 5848.0  0.8624064  0.1986246  0.1856868
 5848.0 5882.4  0.8635539  0.1937642  0.1846164
 5882.4 5917.2  0.8647485  0.1893540  0.1835667
 5917.2 5952.4  0.8659591  0.1849243  0.1825069
 5952.4 5988.0  0.8671855  0.1804740  0.1814369
 5988.0 6024.1  0.8684527  0.1763927  0.1803825
 6024.1 6060.6  0.8697376  0.1722540  0.1793133
 6060.6 6097.6  0.8710432  0.1681759  0.1782393
 6097.6 6135.0  0.8723826  0.1643052  0.1771682
 6135.0 6172.8  0.8737366  0.1603926  0.1760855
 6172.8 6211.2  0.8751147  0.1566143  0.1750032
 6211.2 6250.0  0.8765212  0.1528936  0.1739116
 6250.0 6289.3  0.8779424  0.1491343  0.1728086
 6289.3 6329.1  0.8793919  0.1455487  0.1717069
 6329.1 6369.4  0.8808599  0.1419175  0.1705911
 6369.4 6410.3  0.8823481  0.1383138  0.1694667
 6410.3 6451.6  0.8838606  0.1347364  0.1683313
 6451.6 6493.5  0.8853878  0.1311271  0.1671851
 6493.5 6535.9  0.8869347  0.1275459  0.1660290
 6535.9 6578.9  0.8885000  0.1239219  0.1648590
 6578.9 6622.5  0.8900812  0.1202548  0.1636743
 6622.5 6666.7  0.8916813  0.1165407  0.1624739
 6666.7 6711.4  0.8932968  0.1127518  0.1612564
 6711.4 6756.8  0.8949199  0.1088808  0.1600239
 6756.8 6802.7  0.8965646  0.1049281  0.1587713
 6802.7 6849.3  0.8982056  0.1008114  0.1574994
 6849.3 6896.6  0.8998716  0.0966319  0.1562082
 6896.6 6944.4  0.9015307  0.0922115  0.1548895
 6944.4 6993.0  0.9032069  0.0877417  0.1535567
 6993.0 7042.3  0.9048804  0.0830681  0.1521972
 7042.3 7092.2  0.9065740  0.0783101  0.1508175
 7092.2 7142.9  0.9082577  0.0734290  0.1494215
 7142.9 7194.2  0.9099627  0.0684576  0.1480031
 7194.2 7246.4  0.9116548  0.0634218  0.1465736
 7246.4 7299.3  0.9133711  0.0582968  0.1451200
 7299.3 7352.9  0.9150710  0.0531667  0.1436588
 7352.9 7407.4  0.9167878  0.0479814  0.1421803
 7407.4 7462.7  0.9184881  0.0428508  0.1406962
 7462.7 7518.8  0.9202009  0.0376993  0.1391969
 7518.8 7575.8  0.9218960  0.0326589  0.1376979
 7575.8 7633.6  0.9235895  0.0276915  0.1361920
 7633.6 7692.3  0.9252714  0.0228432  0.1346860
 7692.3 7751.9  0.9269249  0.0182508  0.1331922
 7751.9 7812.5  0.9285796  0.0137372  0.1316915
 7812.5 7874.0  0.9301742  0.0097310  0.1302267
 7874.0 7936.5  0.9317505  0.0059619  0.1287708
 7936.5 8000.0  0.9332855  0.0026024  0.1273400
 8000.0 8064.5  0.9347418  0.0019296  0.1259637
 8064.5 8130.1  0.9361573  0.0022749  0.1246143
 8130.1 8196.7  0.9374729  0.0035971  0.1233370
 8196.7 8264.5  0.9386734  0.0038987  0.1221455
 8264.5 8333.3  0.9397873  0.0033652  0.1210174
 8333.3 8403.4  0.9407318  0.0013725  0.1200190
 8403.4 8474.6  0.9414759  0.0032068  0.1191747
 8474.6 8547.0  0.9421625  0.0062973  0.1183721
 8547.0 8620.7  0.9428607  0.0094400  0.1175560
 8620.7 8695.7  0.9435713  0.0126391  0.1167253
 8695.7 8771.9  0.9442945  0.0158946  0.1158799
 8771.9 8849.6  0.9450293  0.0192022  0.1150209
 8849.6 8928.6  0.9457785  0.0225749  0.1141451
 8928.6 9009.0  0.9465404  0.0260041  0.1132546
 9009.0 9090.9  0.9473156  0.0294940  0.1123484
 9090.9 9174.3  0.9481054  0.0330491  0.1114252
 9174.3 9259.3  0.9489096  0.0366692  0.1104851
 9259.3 9345.8  0.9497293  0.0403588  0.1095270
 9345.8 9434.0  0.9505633  0.0441135  0.1085520
 9434.0 9523.8  0.9514139  0.0479420  0.1075578
 9523.8 9615.4  0.9522797  0.0518399  0.1065455
 9615.4 9708.7  0.9531630  0.0558160  0.1055130
 9708.7 9803.9  0.9540628  0.0598659  0.1044613
 9803.9 9901.0  0.9549807  0.0639983  0.1033883
 9901.0 9911.0  0.9559171  0.0682131  0.1022938
