 1176.5 1177.9  0.3374740 29.2657413  0.9344326
 1177.9 1179.2  0.3372653 29.2895908  0.9344476
 1179.2 1180.6  0.3370716 29.3117332  0.9344615
 1180.6 1182.0  0.3368630 29.3355827  0.9344766
 1182.0 1183.4  0.3366543 29.3594322  0.9344915
 1183.4 1184.8  0.3364457 29.3832817  0.9345065
 1184.8 1186.2  0.3362370 29.4071312  0.9345216
 1186.2 1187.6  0.3360284 29.4309769  0.9345365
 1187.6 1189.1  0.3358198 29.4548264  0.9345515
 1189.1 1190.5  0.3355962 29.4803791  0.9345676
 1190.5 1191.9  0.3353876 29.5042267  0.9345826
 1191.9 1193.3  0.3351789 29.5280762  0.9345976
 1193.3 1194.7  0.3349703 29.5519257  0.9346126
 1194.7 1196.2  0.3347616 29.5757732  0.9346276
 1196.2 1197.6  0.3345381 29.6013241  0.9346437
 1197.6 1199.0  0.3343295 29.6251736  0.9346587
 1199.0 1200.5  0.3341208 29.6490231  0.9346737
 1200.5 1201.9  0.3338973 29.6745758  0.9346898
 1201.9 1203.4  0.3336886 29.6984234  0.9347048
 1203.4 1204.8  0.3334651 29.7239761  0.9347208
 1204.8 1206.3  0.3332565 29.7478256  0.9347358
 1206.3 1207.7  0.3330329 29.7733784  0.9347519
 1207.7 1209.2  0.3328243 29.7972240  0.9347669
 1209.2 1210.7  0.3326007 29.8227768  0.9347830
 1210.7 1212.1  0.3323772 29.8483295  0.9347990
 1212.1 1213.6  0.3321685 29.8721771  0.9348140
 1213.6 1215.1  0.3319450 29.8977299  0.9348301
 1215.1 1216.5  0.3317215 29.9232826  0.9348462
 1216.5 1218.0  0.3315128 29.9471321  0.9348612
 1218.0 1219.5  0.3312893 29.9726830  0.9348773
 1219.5 1221.0  0.3310657 29.9982357  0.9348933
 1221.0 1222.5  0.3308422 30.0237885  0.9349094
 1222.5 1224.0  0.3306186 30.0493393  0.9349254
 1224.0 1225.5  0.3303951 30.0748920  0.9349415
 1225.5 1227.0  0.3301715 30.1004448  0.9349576
 1227.0 1228.5  0.3299480 30.1259956  0.9349737
 1228.5 1230.0  0.3297244 30.1515484  0.9349898
 1230.0 1231.5  0.3295009 30.1771011  0.9350058
 1231.5 1233.0  0.3292773 30.2026520  0.9350219
 1233.0 1234.6  0.3290538 30.2282047  0.9350380
 1234.6 1236.1  0.3288154 30.2554607  0.9350551
 1236.1 1237.6  0.3285918 30.2810116  0.9350712
 1237.6 1239.2  0.3283683 30.3065643  0.9350873
 1239.2 1240.7  0.3281298 30.3338203  0.9351044
 1240.7 1242.2  0.3279063 30.3593712  0.9351205
 1242.2 1243.8  0.3276827 30.3849239  0.9351365
 1243.8 1245.3  0.3274443 30.4121819  0.9351537
 1245.3 1246.9  0.3272207 30.4377327  0.9351698
 1246.9 1248.4  0.3269823 30.4649887  0.9351869
 1248.4 1250.0  0.3267587 30.4905396  0.9352030
 1250.0 1251.6  0.3265203 30.5177956  0.9352201
 1251.6 1253.1  0.3262818 30.5450516  0.9352372
 1253.1 1254.7  0.3260583 30.5706024  0.9352533
 1254.7 1256.3  0.3258198 30.5978584  0.9352704
 1256.3 1257.9  0.3255814 30.6251163  0.9352876
 1257.9 1259.4  0.3253430 30.6523705  0.9353048
 1259.4 1261.0  0.3251194 30.6779232  0.9353208
 1261.0 1262.6  0.3248810 30.7051773  0.9353380
 1262.6 1264.2  0.3246425 30.7324333  0.9353551
 1264.2 1265.8  0.3244041 30.7596893  0.9353722
 1265.8 1267.4  0.3241656 30.7869453  0.9353894
 1267.4 1269.0  0.3239272 30.8142014  0.9354065
 1269.0 1270.6  0.3236887 30.8414555  0.9354237
 1270.6 1272.3  0.3234503 30.8687115  0.9354408
 1272.3 1273.9  0.3231969 30.8976707  0.9354590
 1273.9 1275.5  0.3229585 30.9249268  0.9354762
 1275.5 1277.1  0.3227200 30.9521828  0.9354933
 1277.1 1278.8  0.3224816 30.9794369  0.9355105
 1278.8 1280.4  0.3222282 31.0083981  0.9355286
 1280.4 1282.1  0.3219898 31.0356522  0.9355458
 1282.1 1283.7  0.3217364 31.0646114  0.9355640
 1283.7 1285.3  0.3214980 31.0918655  0.9355811
 1285.3 1287.0  0.3212595 31.1191235  0.9355983
 1287.0 1288.7  0.3210062 31.1480808  0.9356165
 1288.7 1290.3  0.3207528 31.1770401  0.9356347
 1290.3 1292.0  0.3205144 31.2042980  0.9356518
 1292.0 1293.7  0.3202610 31.2332554  0.9356701
 1293.7 1295.3  0.3200077 31.2622147  0.9356883
 1295.3 1297.0  0.3197692 31.2894707  0.9357054
 1297.0 1298.7  0.3195159 31.3184299  0.9357237
 1298.7 1300.4  0.3192625 31.3473873  0.9357418
 1300.4 1302.1  0.3190284 31.3741932  0.9357569
 1302.1 1303.8  0.3188566 31.3939972  0.9357614
 1303.8 1305.5  0.3186848 31.4138031  0.9357659
 1305.5 1307.2  0.3185130 31.4336071  0.9357705
 1307.2 1308.9  0.3183413 31.4534111  0.9357750
 1308.9 1310.6  0.3181695 31.4732151  0.9357795
 1310.6 1312.3  0.3179977 31.4930191  0.9357840
 1312.3 1314.1  0.3178259 31.5128250  0.9357886
 1314.1 1315.8  0.3176440 31.5337925  0.9357934
 1315.8 1317.5  0.3174722 31.5535984  0.9357979
 1317.5 1319.3  0.3173005 31.5734024  0.9358025
 1319.3 1321.0  0.3171186 31.5943718  0.9358072
 1321.0 1322.8  0.3169468 31.6141758  0.9358118
 1322.8 1324.5  0.3167650 31.6351452  0.9358166
 1324.5 1326.3  0.3165932 31.6549492  0.9358211
 1326.3 1328.0  0.3164113 31.6759186  0.9358259
 1328.0 1329.8  0.3162395 31.6957226  0.9358305
 1329.8 1331.6  0.3160576 31.7166939  0.9358352
 1331.6 1333.3  0.3158757 31.7376614  0.9358401
 1333.3 1335.1  0.3157040 31.7574673  0.9358446
 1335.1 1336.9  0.3155221 31.7784348  0.9358494
 1336.9 1338.7  0.3153402 31.7994041  0.9358542
 1338.7 1340.5  0.3151583 31.8203735  0.9358590
 1340.5 1342.3  0.3149764 31.8413429  0.9358638
 1342.3 1344.1  0.3147945 31.8623142  0.9358686
 1344.1 1345.9  0.3146127 31.8832817  0.9358734
 1345.9 1347.7  0.3144308 31.9042511  0.9358782
 1347.7 1349.5  0.3142489 31.9252205  0.9358830
 1349.5 1351.4  0.3140670 31.9461899  0.9358878
 1351.4 1353.2  0.3138868 31.9670544  0.9358884
 1353.2 1355.0  0.3137200 31.9863911  0.9358876
 1355.0 1356.9  0.3135531 32.0057297  0.9358867
 1356.9 1358.7  0.3133771 32.0261383  0.9358857
 1358.7 1360.5  0.3132102 32.0454750  0.9358848
 1360.5 1362.4  0.3130434 32.0648117  0.9358840
 1362.4 1364.3  0.3128673 32.0852242  0.9358830
 1364.3 1366.1  0.3126913 32.1056328  0.9358821
 1366.1 1368.0  0.3125245 32.1249695  0.9358813
 1368.0 1369.9  0.3123484 32.1453819  0.9358803
 1369.9 1371.7  0.3121723 32.1657906  0.9358793
 1371.7 1373.6  0.3120055 32.1851273  0.9358785
 1373.6 1375.5  0.3118294 32.2055397  0.9358776
 1375.5 1377.4  0.3116533 32.2259521  0.9358766
 1377.4 1379.3  0.3114773 32.2463608  0.9358757
 1379.3 1381.2  0.3113012 32.2667732  0.9358748
 1381.2 1383.1  0.3111251 32.2871819  0.9358739
 1383.1 1385.0  0.3109491 32.3075943  0.9358729
 1385.0 1387.0  0.3107730 32.3280029  0.9358720
 1387.0 1388.9  0.3105876 32.3494911  0.9358710
 1388.9 1390.8  0.3104115 32.3698997  0.9358701
 1390.8 1392.8  0.3102355 32.3903122  0.9358692
 1392.8 1394.7  0.3100501 32.4117966  0.9358681
 1394.7 1396.6  0.3098741 32.4322090  0.9358672
 1396.6 1398.6  0.3096980 32.4526176  0.9358663
 1398.6 1400.6  0.3095126 32.4741020  0.9358653
 1400.6 1402.5  0.3093321 32.4950638  0.9358627
 1402.5 1404.5  0.3091712 32.5138168  0.9358564
 1404.5 1406.5  0.3090018 32.5335579  0.9358498
 1406.5 1408.5  0.3088324 32.5532990  0.9358432
 1408.5 1410.4  0.3086631 32.5730362  0.9358366
 1410.4 1412.4  0.3085022 32.5917892  0.9358303
 1412.4 1414.4  0.3083328 32.6115303  0.9358237
 1414.4 1416.4  0.3081634 32.6312675  0.9358171
 1416.4 1418.4  0.3079941 32.6510086  0.9358105
 1418.4 1420.5  0.3078247 32.6707497  0.9358039
 1420.5 1422.5  0.3076469 32.6914749  0.9357970
 1422.5 1424.5  0.3074775 32.7112160  0.9357904
 1424.5 1426.5  0.3073081 32.7309532  0.9357837
 1426.5 1428.6  0.3071388 32.7506943  0.9357771
 1428.6 1430.6  0.3069609 32.7714195  0.9357702
 1430.6 1432.7  0.3067916 32.7911606  0.9357636
 1432.7 1434.7  0.3066137 32.8118858  0.9357567
 1434.7 1436.8  0.3064443 32.8316269  0.9357501
 1436.8 1438.8  0.3062665 32.8523560  0.9357432
 1438.8 1440.9  0.3060971 32.8720932  0.9357365
 1440.9 1443.0  0.3059193 32.8928185  0.9357296
 1443.0 1445.1  0.3057415 32.9135475  0.9357227
 1445.1 1447.2  0.3055637 32.9342728  0.9357157
 1447.2 1449.3  0.3053858 32.9549980  0.9357088
 1449.3 1451.4  0.3052080 32.9757271  0.9357019
 1451.4 1453.5  0.3050408 32.9952698  0.9356915
 1453.5 1455.6  0.3048791 33.0142212  0.9356793
 1455.6 1457.7  0.3047173 33.0331726  0.9356672
 1457.7 1459.9  0.3045555 33.0521240  0.9356550
 1459.9 1462.0  0.3043861 33.0719795  0.9356422
 1462.0 1464.1  0.3042243 33.0909309  0.9356301
 1464.1 1466.3  0.3040625 33.1098824  0.9356179
 1466.3 1468.4  0.3038931 33.1297379  0.9356052
 1468.4 1470.6  0.3037313 33.1486893  0.9355931
 1470.6 1472.8  0.3035618 33.1685410  0.9355803
 1472.8 1474.9  0.3033924 33.1883965  0.9355676
 1474.9 1477.1  0.3032306 33.2073479  0.9355554
 1477.1 1479.3  0.3030611 33.2271996  0.9355427
 1479.3 1481.5  0.3028916 33.2470551  0.9355299
 1481.5 1483.7  0.3027222 33.2669106  0.9355172
 1483.7 1485.9  0.3025527 33.2867622  0.9355044
 1485.9 1488.1  0.3023832 33.3066177  0.9354917
 1488.1 1490.3  0.3022138 33.3264732  0.9354790
 1490.3 1492.5  0.3020443 33.3463249  0.9354662
 1492.5 1494.8  0.3018748 33.3661804  0.9354535
 1494.8 1497.0  0.3016977 33.3869362  0.9354402
 1497.0 1499.3  0.3015282 33.4067917  0.9354274
 1499.3 1501.5  0.3013510 33.4275475  0.9354141
 1501.5 1503.8  0.3011926 33.4461670  0.9353981
 1503.8 1506.0  0.3010324 33.4650269  0.9353798
 1506.0 1508.3  0.3008792 33.4830666  0.9353622
 1508.3 1510.6  0.3007190 33.5019302  0.9353439
 1510.6 1512.9  0.3005588 33.5207901  0.9353256
 1512.9 1515.2  0.3003986 33.5396500  0.9353072
 1515.2 1517.5  0.3002384 33.5585098  0.9352888
 1517.5 1519.8  0.3000782 33.5773735  0.9352705
 1519.8 1522.1  0.2999180 33.5962334  0.9352522
 1522.1 1524.4  0.2997578 33.6150932  0.9352338
 1524.4 1526.7  0.2995976 33.6339569  0.9352155
 1526.7 1529.1  0.2994374 33.6528168  0.9351972
 1529.1 1531.4  0.2992702 33.6724968  0.9351780
 1531.4 1533.7  0.2991100 33.6913605  0.9351597
 1533.7 1536.1  0.2989498 33.7102203  0.9351413
 1536.1 1538.5  0.2987826 33.7299004  0.9351222
 1538.5 1540.8  0.2986155 33.7495804  0.9351031
 1540.8 1543.2  0.2984553 33.7684441  0.9350847
 1543.2 1545.6  0.2982881 33.7881241  0.9350656
 1545.6 1548.0  0.2981209 33.8078041  0.9350464
 1548.0 1550.4  0.2979538 33.8274879  0.9350273
 1550.4 1552.8  0.2977895 33.8468437  0.9350074
 1552.8 1555.2  0.2976395 33.8645821  0.9349837
 1555.2 1557.6  0.2974896 33.8823166  0.9349599
 1557.6 1560.1  0.2973397 33.9000549  0.9349362
 1560.1 1562.5  0.2971835 33.9185295  0.9349115
 1562.5 1564.9  0.2970335 33.9362679  0.9348878
 1564.9 1567.4  0.2968836 33.9540062  0.9348640
 1567.4 1569.9  0.2967274 33.9724808  0.9348393
 1569.9 1572.3  0.2965712 33.9909592  0.9348146
 1572.3 1574.8  0.2964213 34.0086975  0.9347909
 1574.8 1577.3  0.2962651 34.0271721  0.9347662
 1577.3 1579.8  0.2961089 34.0456505  0.9347415
 1579.8 1582.3  0.2959527 34.0641251  0.9347168
 1582.3 1584.8  0.2957965 34.0825996  0.9346920
 1584.8 1587.3  0.2956403 34.1010780  0.9346673
 1587.3 1589.8  0.2954841 34.1195526  0.9346426
 1589.8 1592.4  0.2953280 34.1380310  0.9346179
 1592.4 1594.9  0.2951655 34.1572456  0.9345922
 1594.9 1597.4  0.2950093 34.1757202  0.9345675
 1597.4 1600.0  0.2948531 34.1941986  0.9345428
 1600.0 1602.6  0.2946907 34.2134132  0.9345171
 1602.6 1605.1  0.2945468 34.2305260  0.9344866
 1605.1 1607.7  0.2944084 34.2469788  0.9344574
 1607.7 1610.3  0.2942646 34.2640915  0.9344270
 1610.3 1612.9  0.2941206 34.2812042  0.9343965
 1612.9 1615.5  0.2939768 34.2983170  0.9343660
 1615.5 1618.1  0.2938329 34.3154297  0.9343356
 1618.1 1620.7  0.2936890 34.3325424  0.9343052
 1620.7 1623.4  0.2935451 34.3496552  0.9342747
 1623.4 1626.0  0.2933956 34.3674278  0.9342431
 1626.0 1628.7  0.2932518 34.3845406  0.9342127
 1628.7 1631.3  0.2931023 34.4023094  0.9341811
 1631.3 1634.0  0.2929584 34.4194221  0.9341506
 1634.0 1636.7  0.2928090 34.4371948  0.9341190
 1636.7 1639.3  0.2926596 34.4549637  0.9340874
 1639.3 1642.0  0.2925157 34.4720802  0.9340570
 1642.0 1644.7  0.2923662 34.4898491  0.9340253
 1644.7 1647.4  0.2922168 34.5076180  0.9339938
 1647.4 1650.2  0.2920674 34.5253906  0.9339622
 1650.2 1652.9  0.2919139 34.5436516  0.9339289
 1652.9 1655.6  0.2917846 34.5591812  0.9338914
 1655.6 1658.4  0.2916552 34.5747108  0.9338539
 1658.4 1661.1  0.2915210 34.5908165  0.9338151
 1661.1 1663.9  0.2913916 34.6063461  0.9337776
 1663.9 1666.7  0.2912575 34.6224518  0.9337387
 1666.7 1669.4  0.2911233 34.6385536  0.9336998
 1669.4 1672.2  0.2909940 34.6540833  0.9336623
 1672.2 1675.0  0.2908598 34.6701889  0.9336234
 1675.0 1677.9  0.2907256 34.6862946  0.9335846
 1677.9 1680.7  0.2905867 34.7029724  0.9335443
 1680.7 1683.5  0.2904525 34.7190781  0.9335054
 1683.5 1686.3  0.2903184 34.7351799  0.9334665
 1686.3 1689.2  0.2901842 34.7512856  0.9334276
 1689.2 1692.0  0.2900453 34.7679634  0.9333873
 1692.0 1694.9  0.2899111 34.7840691  0.9333485
 1694.9 1697.8  0.2897722 34.8007507  0.9333082
 1697.8 1700.7  0.2896332 34.8174286  0.9332680
 1700.7 1703.6  0.2895075 34.8325462  0.9332298
 1703.6 1706.5  0.2894234 34.8427505  0.9331985
 1706.5 1709.4  0.2893394 34.8529549  0.9331671
 1709.4 1712.3  0.2892553 34.8631592  0.9331357
 1712.3 1715.3  0.2891712 34.8733635  0.9331043
 1715.3 1718.2  0.2890843 34.8839188  0.9330719
 1718.2 1721.2  0.2890002 34.8941231  0.9330406
 1721.2 1724.1  0.2889132 34.9046822  0.9330081
 1724.1 1727.1  0.2888292 34.9148865  0.9329768
 1727.1 1730.1  0.2887422 34.9254417  0.9329443
 1730.1 1733.1  0.2886553 34.9360008  0.9329119
 1733.1 1736.1  0.2885683 34.9465561  0.9328794
 1736.1 1739.1  0.2884813 34.9571114  0.9328470
 1739.1 1742.2  0.2883943 34.9676704  0.9328145
 1742.2 1745.2  0.2883045 34.9785767  0.9327810
 1745.2 1748.3  0.2882175 34.9891319  0.9327486
 1748.3 1751.3  0.2881276 35.0000420  0.9327151
 1751.3 1754.4  0.2880407 35.0105972  0.9326826
 1754.4 1757.5  0.2879477 35.0219116  0.9326463
 1757.5 1760.6  0.2878339 35.0359535  0.9325907
 1760.6 1763.7  0.2877201 35.0499992  0.9325352
 1763.7 1766.8  0.2876063 35.0640411  0.9324797
 1766.8 1769.9  0.2874925 35.0780869  0.9324241
 1769.9 1773.0  0.2873787 35.0921288  0.9323686
 1773.0 1776.2  0.2872731 35.1052933  0.9323097
 1776.2 1779.4  0.2871644 35.1188545  0.9322488
 1779.4 1782.5  0.2870557 35.1324120  0.9321879
 1782.5 1785.7  0.2869504 35.1455460  0.9321289
 1785.7 1788.9  0.2868417 35.1591072  0.9320680
 1788.9 1792.1  0.2867411 35.1717987  0.9320037
 1792.1 1795.3  0.2866414 35.1844025  0.9319389
 1795.3 1798.6  0.2865417 35.1970062  0.9318742
 1798.6 1801.8  0.2864389 35.2100029  0.9318074
 1801.8 1805.1  0.2863392 35.2226105  0.9317427
 1805.1 1808.3  0.2862429 35.2349854  0.9316697
 1808.3 1811.6  0.2861499 35.2469521  0.9315986
 1811.6 1814.9  0.2860539 35.2592888  0.9315252
 1814.9 1818.2  0.2859580 35.2716293  0.9314519
 1818.2 1821.5  0.2858629 35.2838783  0.9313784
 1821.5 1824.8  0.2857799 35.2947884  0.9313028
 1824.8 1828.2  0.2856969 35.3057022  0.9312271
 1828.2 1831.5  0.2856114 35.3169403  0.9311491
 1831.5 1834.9  0.2855284 35.3278542  0.9310734
 1834.9 1838.2  0.2854429 35.3390923  0.9309955
 1838.2 1841.6  0.2853702 35.3489304  0.9309149
 1841.6 1845.0  0.2852956 35.3590279  0.9308318
 1845.0 1848.4  0.2852210 35.3691292  0.9307487
 1848.4 1851.9  0.2851465 35.3792305  0.9306656
 1851.9 1855.3  0.2850697 35.3896255  0.9305800
 1855.3 1858.7  0.2850046 35.3988152  0.9304889
 1858.7 1862.2  0.2849397 35.4079781  0.9303976
 1862.2 1865.7  0.2848729 35.4174080  0.9303036
 1865.7 1869.2  0.2848061 35.4268379  0.9302095
 1869.2 1872.7  0.2847402 35.4361801  0.9301153
 1872.7 1876.2  0.2846875 35.4440804  0.9300179
 1876.2 1879.7  0.2846349 35.4519768  0.9299206
 1879.7 1883.2  0.2845823 35.4598770  0.9298232
 1883.2 1886.8  0.2845297 35.4677734  0.9297258
 1886.8 1890.4  0.2844755 35.4758987  0.9296256
 1890.4 1893.9  0.2844339 35.4827347  0.9295190
 1893.9 1897.5  0.2843942 35.4893036  0.9294150
 1897.5 1901.1  0.2843534 35.4960632  0.9293080
 1901.1 1904.8  0.2843125 35.5028229  0.9292010
 1904.8 1908.4  0.2842706 35.5097733  0.9290910
 1908.4 1912.0  0.2842423 35.5153122  0.9289741
 1912.0 1915.7  0.2842148 35.5207825  0.9288566
 1915.7 1919.4  0.2841866 35.5264053  0.9287359
 1919.4 1923.1  0.2841583 35.5320244  0.9286151
 1923.1 1926.8  0.2841305 35.5376015  0.9284942
 1926.8 1930.5  0.2841178 35.5415573  0.9283687
 1930.5 1934.2  0.2841052 35.5455132  0.9282433
 1934.2 1938.0  0.2840925 35.5494690  0.9281178
 1938.0 1941.7  0.2840796 35.5535316  0.9279889
 1941.7 1945.5  0.2840669 35.5574875  0.9278635
 1945.5 1949.3  0.2840688 35.5600471  0.9277265
 1949.3 1953.1  0.2840719 35.5624809  0.9275889
 1953.1 1956.9  0.2840751 35.5649109  0.9274513
 1956.9 1960.8  0.2840782 35.5673447  0.9273137
 1960.8 1964.6  0.2840814 35.5698395  0.9271724
 1964.6 1968.5  0.2841002 35.5707703  0.9270226
 1968.5 1972.4  0.2841203 35.5716362  0.9268680
 1972.4 1976.3  0.2841404 35.5725060  0.9267135
 1976.3 1980.2  0.2841605 35.5733719  0.9265590
 1980.2 1984.1  0.2841813 35.5741653  0.9264042
 1984.1 1988.1  0.2842151 35.5735931  0.9262450
 1988.1 1992.0  0.2842497 35.5730019  0.9260817
 1992.0 1996.0  0.2842835 35.5724258  0.9259225
 1996.0 2000.0  0.2843181 35.5718384  0.9257591
 2000.0 2004.0  0.2843527 35.5712471  0.9255958
 2004.0 2008.0  0.2844006 35.5694084  0.9254197
 2008.0 2012.1  0.2844484 35.5675697  0.9252437
 2012.1 2016.1  0.2844975 35.5656815  0.9250633
 2016.1 2020.2  0.2845454 35.5638428  0.9248872
 2020.2 2024.3  0.2845949 35.5619164  0.9247066
 2024.3 2028.4  0.2846518 35.5591850  0.9245230
 2028.4 2032.5  0.2847088 35.5564575  0.9243394
 2032.5 2036.7  0.2847658 35.5537262  0.9241557
 2036.7 2040.8  0.2848241 35.5509300  0.9239676
 2040.8 2045.0  0.2848811 35.5481987  0.9237840
 2045.0 2049.2  0.2849452 35.5448532  0.9235892
 2049.2 2053.4  0.2850096 35.5414772  0.9233941
 2053.4 2057.6  0.2850740 35.5381012  0.9231991
 2057.6 2061.9  0.2851384 35.5347290  0.9230040
 2061.9 2066.1  0.2852043 35.5312729  0.9228042
 2066.1 2070.4  0.2852726 35.5276146  0.9225986
 2070.4 2074.7  0.2853427 35.5238609  0.9223878
 2074.7 2079.0  0.2854128 35.5201073  0.9221771
 2079.0 2083.3  0.2854828 35.5163536  0.9219663
 2083.3 2087.7  0.2855528 35.5126152  0.9217551
 2087.7 2092.1  0.2856230 35.5089798  0.9215344
 2092.1 2096.4  0.2856932 35.5053444  0.9213136
 2096.4 2100.8  0.2857618 35.5017891  0.9210978
 2100.8 2105.3  0.2858320 35.4981537  0.9208770
 2105.3 2109.7  0.2859033 35.4944839  0.9206512
 2109.7 2114.2  0.2859663 35.4915619  0.9204312
 2114.2 2118.6  0.2860307 35.4885750  0.9202061
 2118.6 2123.1  0.2860937 35.4856529  0.9199861
 2123.1 2127.7  0.2861581 35.4826660  0.9197611
 2127.7 2132.2  0.2862239 35.4796104  0.9195310
 2132.2 2136.8  0.2862786 35.4776764  0.9193032
 2136.8 2141.3  0.2863339 35.4757729  0.9190701
 2141.3 2145.9  0.2863879 35.4739113  0.9188421
 2145.9 2150.5  0.2864431 35.4720116  0.9186090
 2150.5 2155.2  0.2864983 35.4701080  0.9183758
 2155.2 2159.8  0.2865419 35.4697723  0.9181221
 2159.8 2164.5  0.2865830 35.4696312  0.9178718
 2164.5 2169.2  0.2866251 35.4694862  0.9176162
 2169.2 2173.9  0.2866672 35.4693413  0.9173605
 2173.9 2178.6  0.2867092 35.4691963  0.9171049
 2178.6 2183.4  0.2867275 35.4710083  0.9168824
 2183.4 2188.2  0.2867456 35.4729004  0.9166559
 2188.2 2193.0  0.2867638 35.4747963  0.9164294
 2193.0 2197.8  0.2867819 35.4766884  0.9162029
 2197.8 2202.6  0.2868001 35.4785805  0.9159764
 2202.6 2207.5  0.2868029 35.4824181  0.9157313
 2207.5 2212.4  0.2867925 35.4880066  0.9154652
 2212.4 2217.3  0.2867821 35.4935951  0.9151990
 2217.3 2222.2  0.2867717 35.4991875  0.9149328
 2222.2 2227.2  0.2867600 35.5049133  0.9146672
 2227.2 2232.1  0.2867145 35.5140724  0.9144109
 2232.1 2237.1  0.2866700 35.5230484  0.9141597
 2237.1 2242.2  0.2866246 35.5322113  0.9139034
 2242.2 2247.2  0.2865782 35.5415535  0.9136419
 2247.2 2252.3  0.2865311 35.5508842  0.9133860
 2252.3 2257.3  0.2864418 35.5646400  0.9131346
 2257.3 2262.4  0.2863542 35.5781250  0.9128882
 2262.4 2267.6  0.2862649 35.5918808  0.9126368
 2267.6 2272.7  0.2861739 35.6059036  0.9123805
 2272.7 2277.9  0.2860845 35.6196594  0.9121292
 2277.9 2283.1  0.2859403 35.6393318  0.9118752
 2283.1 2288.3  0.2857927 35.6593513  0.9116215
 2288.3 2293.6  0.2856452 35.6793671  0.9113677
 2293.6 2298.9  0.2854948 35.6997719  0.9111090
 2298.9 2304.1  0.2853444 35.7201729  0.9108504
 2304.1 2309.5  0.2851396 35.7460899  0.9106105
 2309.5 2314.8  0.2849258 35.7731247  0.9103616
 2314.8 2320.2  0.2847159 35.7996597  0.9101174
 2320.2 2325.6  0.2845020 35.8266907  0.9098685
 2325.6 2331.0  0.2842881 35.8537254  0.9096196
 2331.0 2336.4  0.2840005 35.8885345  0.9093782
 2336.4 2341.9  0.2837070 35.9239616  0.9091373
 2341.9 2347.4  0.2834080 35.9600487  0.9088920
 2347.4 2352.9  0.2831090 35.9961357  0.9086467
 2352.9 2358.5  0.2828101 36.0322227  0.9084014
 2358.5 2364.1  0.2824218 36.0777397  0.9081677
 2364.1 2369.7  0.2820320 36.1234207  0.9079342
 2369.7 2375.3  0.2816422 36.1690979  0.9077008
 2375.3 2381.0  0.2812524 36.2147751  0.9074673
 2381.0 2386.6  0.2808557 36.2612686  0.9072297
 2386.6 2392.3  0.2804046 36.3135681  0.9070212
 2392.3 2398.1  0.2799454 36.3668022  0.9068090
 2398.1 2403.8  0.2794782 36.4209709  0.9065930
 2403.8 2409.6  0.2790190 36.4742050  0.9063808
 2409.6 2415.5  0.2785518 36.5283737  0.9061648
 2415.5 2421.3  0.2780434 36.5879288  0.9059702
 2421.3 2427.2  0.2775413 36.6467972  0.9057807
 2427.2 2433.1  0.2770306 36.7066765  0.9055879
 2433.1 2439.0  0.2765198 36.7665596  0.9053951
 2439.0 2445.0  0.2760090 36.8264389  0.9052023
 2445.0 2451.0  0.2755204 36.8858719  0.9050468
 2451.0 2457.0  0.2750319 36.9453087  0.9048913
 2457.0 2463.1  0.2745433 37.0047417  0.9047358
 2463.1 2469.1  0.2740466 37.0651703  0.9045777
 2469.1 2475.2  0.2735596 37.1244850  0.9044231
 2475.2 2481.4  0.2731584 37.1776085  0.9043169
 2481.4 2487.6  0.2727506 37.2316017  0.9042090
 2487.6 2493.8  0.2723428 37.2856026  0.9041012
 2493.8 2500.0  0.2719351 37.3395958  0.9039933
 2500.0 2506.3  0.2715273 37.3935928  0.9038854
 2506.3 2512.6  0.2712846 37.4339867  0.9038413
 2512.6 2518.9  0.2710420 37.4743805  0.9037971
 2518.9 2525.3  0.2707993 37.5147705  0.9037529
 2525.3 2531.6  0.2705528 37.5558052  0.9037080
 2531.6 2538.1  0.2703101 37.5961990  0.9036639
 2538.1 2544.5  0.2702938 37.6182709  0.9036930
 2544.5 2551.0  0.2702928 37.6387367  0.9037265
 2551.0 2557.5  0.2702918 37.6595268  0.9037606
 2557.5 2564.1  0.2702909 37.6803131  0.9037946
 2564.1 2570.7  0.2702952 37.7009621  0.9038307
 2570.7 2577.3  0.2706468 37.6918716  0.9039640
 2577.3 2584.0  0.2709984 37.6827812  0.9040974
 2584.0 2590.7  0.2713554 37.6735535  0.9042327
 2590.7 2597.4  0.2717123 37.6643257  0.9043681
 2597.4 2604.2  0.2720944 37.6528664  0.9045098
 2604.2 2611.0  0.2728851 37.6055908  0.9047543
 2611.0 2617.8  0.2736757 37.5583153  0.9049988
 2617.8 2624.7  0.2744664 37.5110397  0.9052433
 2624.7 2631.6  0.2752686 37.4630699  0.9054914
 2631.6 2638.5  0.2760709 37.4151001  0.9057395
 2638.5 2645.5  0.2773707 37.3254776  0.9060991
 2645.5 2652.5  0.2787203 37.2319527  0.9064708
 2652.5 2659.6  0.2800700 37.1384315  0.9068426
 2659.6 2666.7  0.2814389 37.0435715  0.9072196
 2666.7 2673.8  0.2828079 36.9487152  0.9075967
 2673.8 2681.0  0.2846841 36.8145332  0.9080621
 2681.0 2688.2  0.2866094 36.6767082  0.9085380
 2688.2 2695.4  0.2885346 36.5388832  0.9090140
 2695.4 2702.7  0.2904599 36.4010544  0.9094899
 2702.7 2710.0  0.2924120 36.2613144  0.9099724
 2710.0 2717.4  0.2948760 36.0863991  0.9105141
 2717.4 2724.8  0.2973960 35.9075623  0.9110657
 2724.8 2732.2  0.2999161 35.7287178  0.9116173
 2732.2 2739.7  0.3024361 35.5498810  0.9121690
 2739.7 2747.3  0.3049901 35.3686256  0.9127281
 2747.3 2754.8  0.3081018 35.1541862  0.9133202
 2754.8 2762.4  0.3111937 34.9413261  0.9139056
 2762.4 2770.1  0.3143268 34.7256317  0.9144989
 2770.1 2777.8  0.3175012 34.5070877  0.9150999
 2777.8 2785.5  0.3206756 34.2885551  0.9157009
 2785.5 2793.3  0.3243777 34.0448990  0.9162884
 2793.3 2801.1  0.3281421 33.7974014  0.9168832
 2801.1 2809.0  0.3319066 33.5499001  0.9174780
 2809.0 2816.9  0.3357192 33.2992325  0.9180804
 2816.9 2824.9  0.3395319 33.0485649  0.9186828
 2824.9 2832.9  0.3439994 32.7720642  0.9192387
 2832.9 2840.9  0.3484746 32.4952812  0.9197940
 2840.9 2849.0  0.3529498 32.2184982  0.9203492
 2849.0 2857.1  0.3574810 31.9382496  0.9209114
 2857.1 2865.3  0.3620176 31.6579437  0.9214721
 2865.3 2873.6  0.3670447 31.3695278  0.9219155
 2873.6 2881.8  0.3721332 31.0775909  0.9223644
 2881.8 2890.2  0.3771603 30.7891750  0.9228078
 2890.2 2898.6  0.3823101 30.4937267  0.9232619
 2898.6 2907.0  0.3874599 30.1982689  0.9237162
 2907.0 2915.5  0.3932771 29.8928757  0.9240134
 2915.5 2924.0  0.3991974 29.5833397  0.9243063
 2924.0 2932.6  0.4051177 29.2738037  0.9245991
 2932.6 2941.2  0.4111077 28.9606228  0.9248953
 2941.2 2949.9  0.4171076 28.6476383  0.9251869
 2949.9 2958.6  0.4236029 28.3390388  0.9252812
 2958.6 2967.4  0.4300985 28.0304317  0.9253754
 2967.4 2976.2  0.4366684 27.7182903  0.9254707
 2976.2 2985.1  0.4432385 27.4061394  0.9255661
 2985.1 2994.0  0.4498883 27.0905190  0.9256604
 2994.0 3003.0  0.4569727 26.7819214  0.9255689
 3003.0 3012.0  0.4641368 26.4698524  0.9254764
 3012.0 3021.1  0.4713009 26.1577835  0.9253839
 3021.1 3030.3  0.4785447 25.8422432  0.9252904
 3030.3 3039.5  0.4858705 25.5238876  0.9251910
 3039.5 3048.8  0.4932708 25.2247066  0.9249488
 3048.8 3058.1  0.5007517 24.9222698  0.9247038
 3058.1 3067.5  0.5082327 24.6198330  0.9244589
 3067.5 3076.9  0.5157939 24.3141499  0.9242114
 3076.9 3086.4  0.5233551 24.0084667  0.9239638
 3086.4 3096.0  0.5309966 23.7198410  0.9236040
 3096.0 3105.6  0.5387187 23.4283924  0.9232392
 3105.6 3115.3  0.5464407 23.1369457  0.9228743
 3115.3 3125.0  0.5542431 22.8424664  0.9225057
 3125.0 3134.8  0.5620455 22.5479870  0.9221370
 3134.8 3144.7  0.5694253 22.2871437  0.9217168
 3144.7 3154.6  0.5768803 22.0236416  0.9212922
 3154.6 3164.6  0.5843356 21.7601337  0.9208677
 3164.6 3174.6  0.5918660 21.4939690  0.9204389
 3174.6 3184.7  0.5993963 21.2278023  0.9200101
 3184.7 3194.9  0.6063851 20.9967041  0.9195770
 3194.9 3205.1  0.6134176 20.7648849  0.9191396
 3205.1 3215.4  0.6204501 20.5330582  0.9187021
 3215.4 3225.8  0.6275514 20.2989693  0.9182604
 3225.8 3236.2  0.6346531 20.0661030  0.9178182
 3236.2 3246.8  0.6409305 19.8752518  0.9174215
 3246.8 3257.3  0.6473287 19.6807289  0.9170172
 3257.3 3268.0  0.6536665 19.4880409  0.9166166
 3268.0 3278.7  0.6601250 19.2916851  0.9162085
 3278.7 3289.5  0.6662542 19.1106205  0.9158233
 3289.5 3300.3  0.6718120 18.9570637  0.9154785
 3300.3 3311.3  0.6773698 18.8035049  0.9151337
 3311.3 3322.3  0.6830305 18.6471043  0.9147825
 3322.3 3333.3  0.6886911 18.4907055  0.9144313
 3333.3 3344.5  0.6937041 18.3621216  0.9141238
 3344.5 3355.7  0.6985936 18.2404156  0.9138253
 3355.7 3367.0  0.7034831 18.1187096  0.9135268
 3367.0 3378.4  0.7084163 17.9959145  0.9132256
 3378.4 3389.8  0.7128906 17.8864613  0.9129527
 3389.8 3401.4  0.7161826 17.8109512  0.9127527
 3401.4 3413.0  0.7195323 17.7341194  0.9125492
 3413.0 3424.7  0.7228820 17.6572838  0.9123457
 3424.7 3436.4  0.7262605 17.5797882  0.9121404
 3436.4 3448.3  0.7350307 17.3967552  0.9115904
 3448.3 3460.2  0.7440952 17.2077637  0.9110218
 3460.2 3472.2  0.7480140 17.1244335  0.9107644
 3472.2 3484.3  0.7511008 17.0581589  0.9105573
 3484.3 3496.5  0.7542135 16.9913311  0.9103484
 3496.5 3508.8  0.7573518 16.9239540  0.9101377
 3508.8 3521.1  0.7605158 16.8560219  0.9099253
 3521.1 3533.6  0.7636799 16.7880898  0.9097130
 3533.6 3546.1  0.7668954 16.7190533  0.9094971
 3546.1 3558.7  0.7701109 16.6500168  0.9092814
 3558.7 3571.4  0.7728502 16.5868225  0.9090840
 3571.4 3584.2  0.7753844 16.5260124  0.9088942
 3584.2 3597.1  0.7779387 16.4647236  0.9087029
 3597.1 3610.1  0.7805129 16.4029541  0.9085100
 3610.1 3623.2  0.7831070 16.3407078  0.9083157
 3623.2 3636.4  0.7857211 16.2779846  0.9081199
 3636.4 3649.6  0.7883551 16.2147808  0.9079226
 3649.6 3663.0  0.7909892 16.1515751  0.9077253
 3663.0 3676.5  0.7932160 16.0930271  0.9075549
 3676.5 3690.0  0.7954456 16.0342140  0.9073843
 3690.0 3703.7  0.7976753 15.9754028  0.9072136
 3703.7 3717.5  0.7999379 15.9157190  0.9070404
 3717.5 3731.3  0.8022171 15.8556004  0.9068659
 3731.3 3745.3  0.8044963 15.7954807  0.9066914
 3745.3 3759.4  0.8068085 15.7344913  0.9065144
 3759.4 3773.6  0.8090031 15.6762381  0.9063607
 3773.6 3787.9  0.8111458 15.6191683  0.9062185
 3787.9 3802.3  0.8133036 15.5616989  0.9060751
 3802.3 3816.8  0.8154765 15.5038252  0.9059308
 3816.8 3831.4  0.8176645 15.4455509  0.9057855
 3831.4 3846.2  0.8198676 15.3868752  0.9056392
 3846.2 3861.0  0.8221008 15.3273945  0.9054908
 3861.0 3876.0  0.8242986 15.2709932  0.9053713
 3876.0 3891.1  0.8265136 15.2149076  0.9052603
 3891.1 3906.2  0.8287435 15.1584473  0.9051486
 3906.2 3921.6  0.8309733 15.1019888  0.9050368
 3921.6 3937.0  0.8332475 15.0444069  0.9049228
 3937.0 3952.6  0.8355216 14.9868269  0.9048088
 3952.6 3968.3  0.8378152 14.9291887  0.9046990
 3968.3 3984.1  0.8400726 14.8746624  0.9046171
 3984.1 4000.0  0.8423445 14.8197880  0.9045347
 4000.0 4016.1  0.8446307 14.7645674  0.9044517
 4016.1 4032.3  0.8469457 14.7086515  0.9043677
 4032.3 4048.6  0.8492751 14.6523886  0.9042832
 4048.6 4065.0  0.8516188 14.5957775  0.9041981
 4065.0 4081.6  0.8538575 14.5427752  0.9041373
 4081.6 4098.4  0.8561121 14.4894991  0.9040781
 4098.4 4115.2  0.8583939 14.4355822  0.9040182
 4115.2 4132.2  0.8606758 14.3816633  0.9039583
 4132.2 4149.4  0.8629848 14.3271036  0.9038977
 4149.4 4166.7  0.8653209 14.2719040  0.9038364
 4166.7 4184.1  0.8674993 14.2203970  0.9037951
 4184.1 4201.7  0.8696840 14.1687393  0.9037542
 4201.7 4219.4  0.8718939 14.1164865  0.9037130
 4219.4 4237.3  0.8741163 14.0639391  0.9036714
 4237.3 4255.3  0.8763638 14.0107965  0.9036295
 4255.3 4273.5  0.8785645 13.9584227  0.9035918
 4273.5 4291.8  0.8806459 13.9080505  0.9035649
 4291.8 4310.3  0.8827385 13.8574028  0.9035378
 4310.3 4329.0  0.8848541 13.8062010  0.9035104
 4329.0 4347.8  0.8869926 13.7544451  0.9034827
 4347.8 4366.8  0.8891425 13.7024136  0.9034549
 4366.8 4386.0  0.8911176 13.6526155  0.9034364
 4386.0 4405.3  0.8930874 13.6026621  0.9034189
 4405.3 4424.8  0.8950675 13.5524502  0.9034014
 4424.8 4444.4  0.8970680 13.5017166  0.9033836
 4444.4 4464.3  0.8990788 13.4507227  0.9033658
 4464.3 4484.3  0.9009619 13.4009295  0.9033535
 4484.3 4504.5  0.9027920 13.3516655  0.9033434
 4504.5 4524.9  0.9046406 13.3019094  0.9033331
 4524.9 4545.5  0.9065073 13.2516603  0.9033228
 4545.5 4566.2  0.9083923 13.2009192  0.9033124
 4566.2 4587.2  0.9101320 13.1518335  0.9033070
 4587.2 4608.3  0.9118533 13.1025743  0.9033029
 4608.3 4629.6  0.9135827 13.0530806  0.9032989
 4629.6 4651.2  0.9153287 13.0031166  0.9032947
 4651.2 4672.9  0.9170893 12.9525700  0.9032909
 4672.9 4694.8  0.9186912 12.9038448  0.9032921
 4694.8 4717.0  0.9203078 12.8546705  0.9032933
 4717.0 4739.3  0.9219466 12.8048210  0.9032946
 4739.3 4761.9  0.9235927 12.7547493  0.9032958
 4761.9 4784.7  0.9251776 12.7050285  0.9032993
 4784.7 4807.7  0.9267008 12.6557989  0.9033048
 4807.7 4830.9  0.9282373 12.6061382  0.9033104
 4830.9 4854.4  0.9297872 12.5560465  0.9033160
 4854.4 4878.0  0.9313303 12.5056353  0.9033223
 4878.0 4902.0  0.9327631 12.4564457  0.9033312
 4902.0 4926.1  0.9342202 12.4064236  0.9033402
 4926.1 4950.5  0.9356833 12.3561926  0.9033493
 4950.5 4975.1  0.9371620 12.3053694  0.9033585
 4975.1 5000.0  0.9385234 12.2557163  0.9033699
 5000.0 5025.1  0.9399014 12.2054577  0.9033815
 5025.1 5050.5  0.9412904 12.1547956  0.9033931
 5050.5 5076.1  0.9426937 12.1035585  0.9034048
 5076.1 5102.0  0.9439873 12.0533943  0.9034177
 5102.0 5128.2  0.9452960 12.0026436  0.9034306
 5128.2 5154.6  0.9466200 11.9513035  0.9034438
 5154.6 5181.3  0.9479338 11.8998203  0.9034570
 5181.3 5208.3  0.9491655 11.8489380  0.9034702
 5208.3 5235.6  0.9504111 11.7974844  0.9034835
 5235.6 5263.2  0.9516705 11.7454576  0.9034969
 5263.2 5291.0  0.9528893 11.6935244  0.9035099
 5291.0 5319.1  0.9540569 11.6419449  0.9035221
 5319.1 5347.6  0.9552372 11.5898085  0.9035345
 5347.6 5376.3  0.9564342 11.5369301  0.9035470
 5376.3 5405.4  0.9575348 11.4849558  0.9035570
 5405.4 5434.8  0.9586411 11.4323740  0.9035669
 5434.8 5464.5  0.9597588 11.3792515  0.9035769
 5464.5 5494.5  0.9608304 11.3262825  0.9035847
 5494.5 5524.9  0.9618519 11.2735176  0.9035904
 5524.9 5555.6  0.9628870 11.2200489  0.9035961
 5555.6 5586.6  0.9639102 11.1663189  0.9036008
 5586.6 5618.0  0.9648433 11.1132746  0.9036006
 5618.0 5649.7  0.9657885 11.0595465  0.9036005
 5649.7 5681.8  0.9667428 11.0053043  0.9036003
 5681.8 5714.3  0.9675942 10.9517651  0.9035939
 5714.3 5747.1  0.9684551 10.8975716  0.9035873
 5747.1 5780.3  0.9693241 10.8428764  0.9035808
 5780.3 5814.0  0.9701121 10.7886190  0.9035690
 5814.0 5848.0  0.9709032 10.7336512  0.9035565
 5848.0 5882.4  0.9717012 10.6781940  0.9035439
 5882.4 5917.2  0.9724288 10.6230478  0.9035268
 5917.2 5952.4  0.9731598 10.5673208  0.9035092
 5952.4 5988.0  0.9738944 10.5110121  0.9034911
 5988.0 6024.1  0.9745713 10.4548588  0.9034690
 6024.1 6060.6  0.9752576 10.3979177  0.9034466
 6060.6 6097.6  0.9759347 10.3405476  0.9034230
 6097.6 6135.0  0.9765795 10.2828922  0.9033965
 6135.0 6172.8  0.9772312 10.2246132  0.9033699
 6172.8 6211.2  0.9778619 10.1660461  0.9033412
 6211.2 6250.0  0.9784841 10.1067715  0.9033111
 6250.0 6289.3  0.9791127 10.0468807  0.9032806
 6289.3 6329.1  0.9797140  9.9866400  0.9032475
 6329.1 6369.4  0.9803229  9.9256325  0.9032139
 6369.4 6410.3  0.9809277  9.8639975  0.9031790
 6410.3 6451.6  0.9815287  9.8015966  0.9031427
 6451.6 6493.5  0.9821350  9.7385912  0.9031059
 6493.5 6535.9  0.9827367  9.6748238  0.9030675
 6535.9 6578.9  0.9833456  9.6102953  0.9030285
 6578.9 6622.5  0.9839612  9.5448694  0.9029886
 6622.5 6666.7  0.9845844  9.4785385  0.9029477
 6666.7 6711.4  0.9852195  9.4112492  0.9029062
 6711.4 6756.8  0.9858673  9.3431244  0.9028640
 6756.8 6802.7  0.9865283  9.2738934  0.9028212
 6802.7 6849.3  0.9872144  9.2036695  0.9027781
 6849.3 6896.6  0.9879109  9.1323757  0.9027343
 6896.6 6944.4  0.9886441  9.0596733  0.9026901
 6944.4 6993.0  0.9893855  8.9861965  0.9026453
 6993.0 7042.3  0.9901575  8.9112453  0.9025996
 7042.3 7092.2  0.9909431  8.8351822  0.9025531
 7092.2 7142.9  0.9917462  8.7580681  0.9025049
 7142.9 7194.2  0.9925637  8.6796961  0.9024556
 7194.2 7246.4  0.9933888  8.6003847  0.9024037
 7246.4 7299.3  0.9942280  8.5196819  0.9023505
 7299.3 7352.9  0.9950645  8.4380178  0.9022930
 7352.9 7407.4  0.9959095  8.3552971  0.9022343
 7407.4 7462.7  0.9967415  8.2714567  0.9021698
 7462.7 7518.8  0.9975758  8.1864882  0.9021027
 7518.8 7575.8  0.9983879  8.1006441  0.9020294
 7575.8 7633.6  0.9991390  8.0137148  0.9019510
 7633.6 7692.3  0.9998097  7.9259238  0.9018666
 7692.3 7751.9  1.0000000  7.8373957  0.9017729
 7751.9 7812.5  1.0000000  7.7477937  0.9016742
 7812.5 7874.0  1.0000000  7.6577959  0.9015602
 7874.0 7936.5  1.0000000  7.5670252  0.9014378
 7936.5 8000.0  1.0000000  7.4756727  0.9013027
 8000.0 8064.5  1.0000000  7.3842983  0.9011485
 8064.5 8130.1  1.0000000  7.2923880  0.9009814
 8130.1 8196.7  1.0000000  7.2006917  0.9007908
 8196.7 8264.5  1.0000000  7.1095743  0.9005746
 8264.5 8333.3  1.0000000  7.0184126  0.9003360
 8333.3 8403.4  1.0000000  6.9286637  0.9000624
 8403.4 8474.6  1.0000000  6.8404860  0.8997464
 8474.6 8547.0  1.0000000  6.7519641  0.8994135
 8547.0 8620.7  1.0000000  6.6619492  0.8990750
 8620.7 8695.7  1.0000000  6.5703182  0.8987305
 8695.7 8771.9  1.0000000  6.4770708  0.8983799
 8771.9 8849.6  1.0000000  6.3823314  0.8980237
 8849.6 8928.6  1.0000000  6.2857285  0.8976604
 8928.6 9009.0  1.0000000  6.1875081  0.8972911
 9009.0 9090.9  1.0000000  6.0875468  0.8969153
 9090.9 9174.3  1.0000000  5.9857202  0.8965324
 9174.3 9259.3  1.0000000  5.8820300  0.8961425
 9259.3 9345.8  1.0000000  5.7763500  0.8957452
 9345.8 9434.0  1.0000000  5.6688051  0.8953408
 9434.0 9523.8  1.0000000  5.5591459  0.8949285
 9523.8 9615.4  1.0000000  5.4474983  0.8945087
 9615.4 9708.7  1.0000000  5.3336115  0.8940805
 9708.7 9803.9  1.0000000  5.2176123  0.8936443
 9803.9 9901.0  1.0000000  5.0992503  0.8931993
 9901.0 9911.0  1.0000000  4.9785271  0.8927454
