 1176.5 1177.9  0.3746093 22.0964527  0.9184467
 1177.9 1179.2  0.3743900 22.1135674  0.9184623
 1179.2 1180.6  0.3741864 22.1294575  0.9184768
 1180.6 1182.0  0.3739671 22.1465721  0.9184924
 1182.0 1183.4  0.3737478 22.1636868  0.9185081
 1183.4 1184.8  0.3735285 22.1808014  0.9185237
 1184.8 1186.2  0.3733093 22.1979160  0.9185393
 1186.2 1187.6  0.3730900 22.2150288  0.9185550
 1187.6 1189.1  0.3728707 22.2321434  0.9185706
 1189.1 1190.5  0.3726358 22.2504807  0.9185873
 1190.5 1191.9  0.3724165 22.2675934  0.9186029
 1191.9 1193.3  0.3721972 22.2847080  0.9186186
 1193.3 1194.7  0.3719779 22.3018227  0.9186342
 1194.7 1196.2  0.3717587 22.3189354  0.9186499
 1196.2 1197.6  0.3715237 22.3372726  0.9186665
 1197.6 1199.0  0.3713045 22.3543873  0.9186822
 1199.0 1200.5  0.3710852 22.3715019  0.9186978
 1200.5 1201.9  0.3708502 22.3898373  0.9187146
 1201.9 1203.4  0.3706309 22.4069519  0.9187302
 1203.4 1204.8  0.3703960 22.4252892  0.9187469
 1204.8 1206.3  0.3701767 22.4424038  0.9187626
 1206.3 1207.7  0.3699418 22.4607391  0.9187793
 1207.7 1209.2  0.3697225 22.4778519  0.9187949
 1209.2 1210.7  0.3694876 22.4961891  0.9188117
 1210.7 1212.1  0.3692526 22.5145264  0.9188284
 1212.1 1213.6  0.3690334 22.5316391  0.9188441
 1213.6 1215.1  0.3687984 22.5499763  0.9188608
 1215.1 1216.5  0.3685635 22.5683136  0.9188775
 1216.5 1218.0  0.3683442 22.5854282  0.9188932
 1218.0 1219.5  0.3681093 22.6037636  0.9189100
 1219.5 1221.0  0.3678743 22.6221008  0.9189267
 1221.0 1222.5  0.3676394 22.6404362  0.9189434
 1222.5 1224.0  0.3674044 22.6587734  0.9189602
 1224.0 1225.5  0.3671695 22.6771107  0.9189769
 1225.5 1227.0  0.3669346 22.6954460  0.9189937
 1227.0 1228.5  0.3666996 22.7137833  0.9190104
 1228.5 1230.0  0.3664647 22.7321205  0.9190271
 1230.0 1231.5  0.3662297 22.7504559  0.9190439
 1231.5 1233.0  0.3659948 22.7687931  0.9190606
 1233.0 1234.6  0.3657598 22.7871284  0.9190774
 1234.6 1236.1  0.3655093 22.8066883  0.9190953
 1236.1 1237.6  0.3652743 22.8250237  0.9191120
 1237.6 1239.2  0.3650394 22.8433609  0.9191288
 1239.2 1240.7  0.3647888 22.8629189  0.9191466
 1240.7 1242.2  0.3645538 22.8812561  0.9191633
 1242.2 1243.8  0.3643189 22.8995934  0.9191801
 1243.8 1245.3  0.3640683 22.9191532  0.9191980
 1245.3 1246.9  0.3638333 22.9374886  0.9192147
 1246.9 1248.4  0.3635828 22.9570484  0.9192326
 1248.4 1250.0  0.3633478 22.9753838  0.9192493
 1250.0 1251.6  0.3630972 22.9949436  0.9192672
 1251.6 1253.1  0.3628466 23.0145016  0.9192851
 1253.1 1254.7  0.3626117 23.0328388  0.9193018
 1254.7 1256.3  0.3623611 23.0523968  0.9193196
 1256.3 1257.9  0.3621105 23.0719566  0.9193375
 1257.9 1259.4  0.3618599 23.0915165  0.9193554
 1259.4 1261.0  0.3616249 23.1098518  0.9193721
 1261.0 1262.6  0.3613743 23.1294117  0.9193900
 1262.6 1264.2  0.3611237 23.1489697  0.9194078
 1264.2 1265.8  0.3608731 23.1685295  0.9194257
 1265.8 1267.4  0.3606225 23.1880894  0.9194435
 1267.4 1269.0  0.3603719 23.2076473  0.9194614
 1269.0 1270.6  0.3601213 23.2272053  0.9194793
 1270.6 1272.3  0.3598707 23.2467651  0.9194971
 1272.3 1273.9  0.3596044 23.2675476  0.9195161
 1273.9 1275.5  0.3593538 23.2871056  0.9195340
 1275.5 1277.1  0.3591032 23.3066635  0.9195518
 1277.1 1278.8  0.3588526 23.3262234  0.9195697
 1278.8 1280.4  0.3585864 23.3470058  0.9195887
 1280.4 1282.1  0.3583358 23.3665638  0.9196066
 1282.1 1283.7  0.3580695 23.3873444  0.9196255
 1283.7 1285.3  0.3578189 23.4069042  0.9196434
 1285.3 1287.0  0.3575683 23.4264641  0.9196613
 1287.0 1288.7  0.3573020 23.4472446  0.9196802
 1288.7 1290.3  0.3570358 23.4680252  0.9196993
 1290.3 1292.0  0.3567851 23.4875851  0.9197171
 1292.0 1293.7  0.3565189 23.5083656  0.9197361
 1293.7 1295.3  0.3562526 23.5291462  0.9197550
 1295.3 1297.0  0.3560020 23.5487080  0.9197729
 1297.0 1298.7  0.3557358 23.5694885  0.9197919
 1298.7 1300.4  0.3554695 23.5902691  0.9198109
 1300.4 1302.1  0.3552235 23.6095104  0.9198260
 1302.1 1303.8  0.3550434 23.6237431  0.9198288
 1303.8 1305.5  0.3548633 23.6379776  0.9198316
 1305.5 1307.2  0.3546832 23.6522121  0.9198343
 1307.2 1308.9  0.3545031 23.6664448  0.9198371
 1308.9 1310.6  0.3543230 23.6806793  0.9198399
 1310.6 1312.3  0.3541429 23.6949139  0.9198427
 1312.3 1314.1  0.3539628 23.7091484  0.9198454
 1314.1 1315.8  0.3537721 23.7242184  0.9198483
 1315.8 1317.5  0.3535920 23.7384529  0.9198511
 1317.5 1319.3  0.3534119 23.7526855  0.9198539
 1319.3 1321.0  0.3532212 23.7677574  0.9198568
 1321.0 1322.8  0.3530411 23.7819901  0.9198596
 1322.8 1324.5  0.3528505 23.7970619  0.9198625
 1324.5 1326.3  0.3526704 23.8112965  0.9198653
 1326.3 1328.0  0.3524797 23.8263664  0.9198682
 1328.0 1329.8  0.3522996 23.8406010  0.9198710
 1329.8 1331.6  0.3521089 23.8556728  0.9198739
 1331.6 1333.3  0.3519182 23.8707428  0.9198768
 1333.3 1335.1  0.3517381 23.8849773  0.9198796
 1335.1 1336.9  0.3515474 23.9000473  0.9198825
 1336.9 1338.7  0.3513567 23.9151192  0.9198855
 1338.7 1340.5  0.3511660 23.9301891  0.9198884
 1340.5 1342.3  0.3509753 23.9452610  0.9198913
 1342.3 1344.1  0.3507846 23.9603329  0.9198943
 1344.1 1345.9  0.3505940 23.9754028  0.9198972
 1345.9 1347.7  0.3504032 23.9904747  0.9199001
 1347.7 1349.5  0.3502126 24.0055447  0.9199030
 1349.5 1351.4  0.3500219 24.0206165  0.9199060
 1351.4 1353.2  0.3498330 24.0356197  0.9199036
 1353.2 1355.0  0.3496583 24.0495243  0.9198994
 1355.0 1356.9  0.3494836 24.0634308  0.9198952
 1356.9 1358.7  0.3492992 24.0781097  0.9198908
 1358.7 1360.5  0.3491245 24.0920162  0.9198867
 1360.5 1362.4  0.3489497 24.1059227  0.9198825
 1362.4 1364.3  0.3487653 24.1206017  0.9198781
 1364.3 1366.1  0.3485809 24.1352787  0.9198737
 1366.1 1368.0  0.3484062 24.1491852  0.9198696
 1368.0 1369.9  0.3482217 24.1638641  0.9198652
 1369.9 1371.7  0.3480373 24.1785431  0.9198608
 1371.7 1373.6  0.3478626 24.1924477  0.9198566
 1373.6 1375.5  0.3476782 24.2071266  0.9198523
 1375.5 1377.4  0.3474938 24.2218056  0.9198478
 1377.4 1379.3  0.3473094 24.2364845  0.9198434
 1379.3 1381.2  0.3471249 24.2511635  0.9198391
 1381.2 1383.1  0.3469405 24.2658424  0.9198347
 1383.1 1385.0  0.3467561 24.2805195  0.9198303
 1385.0 1387.0  0.3465717 24.2951984  0.9198259
 1387.0 1388.9  0.3463775 24.3106499  0.9198213
 1388.9 1390.8  0.3461931 24.3253288  0.9198169
 1390.8 1392.8  0.3460087 24.3400078  0.9198125
 1392.8 1394.7  0.3458146 24.3554592  0.9198079
 1394.7 1396.6  0.3456301 24.3701363  0.9198035
 1396.6 1398.6  0.3454457 24.3848152  0.9197991
 1398.6 1400.6  0.3452516 24.4002666  0.9197944
 1400.6 1402.5  0.3450625 24.4153423  0.9197877
 1402.5 1404.5  0.3448940 24.4288330  0.9197767
 1404.5 1406.5  0.3447166 24.4430313  0.9197650
 1406.5 1408.5  0.3445393 24.4572296  0.9197534
 1408.5 1410.4  0.3443619 24.4714298  0.9197417
 1410.4 1412.4  0.3441934 24.4849186  0.9197306
 1412.4 1414.4  0.3440160 24.4991169  0.9197190
 1414.4 1416.4  0.3438387 24.5133171  0.9197073
 1416.4 1418.4  0.3436613 24.5275154  0.9196957
 1418.4 1420.5  0.3434840 24.5417156  0.9196840
 1420.5 1422.5  0.3432977 24.5566235  0.9196718
 1422.5 1424.5  0.3431204 24.5708237  0.9196601
 1424.5 1426.5  0.3429430 24.5850220  0.9196485
 1426.5 1428.6  0.3427657 24.5992203  0.9196368
 1428.6 1430.6  0.3425795 24.6141300  0.9196246
 1430.6 1432.7  0.3424021 24.6283283  0.9196129
 1432.7 1434.7  0.3422159 24.6432381  0.9196007
 1434.7 1436.8  0.3420385 24.6574364  0.9195890
 1436.8 1438.8  0.3418523 24.6723461  0.9195768
 1438.8 1440.9  0.3416749 24.6865463  0.9195651
 1440.9 1443.0  0.3414887 24.7014542  0.9195529
 1443.0 1445.1  0.3413025 24.7163639  0.9195406
 1445.1 1447.2  0.3411162 24.7312717  0.9195284
 1447.2 1449.3  0.3409300 24.7461815  0.9195162
 1449.3 1451.4  0.3407438 24.7610912  0.9195039
 1451.4 1453.5  0.3405687 24.7751465  0.9194874
 1453.5 1455.6  0.3403992 24.7887745  0.9194686
 1455.6 1457.7  0.3402297 24.8024025  0.9194498
 1457.7 1459.9  0.3400602 24.8160305  0.9194310
 1459.9 1462.0  0.3398826 24.8303089  0.9194114
 1462.0 1464.1  0.3397131 24.8439369  0.9193926
 1464.1 1466.3  0.3395436 24.8575668  0.9193738
 1466.3 1468.4  0.3393660 24.8718452  0.9193541
 1468.4 1470.6  0.3391965 24.8854733  0.9193354
 1470.6 1472.8  0.3390189 24.8997498  0.9193157
 1472.8 1474.9  0.3388413 24.9140282  0.9192960
 1474.9 1477.1  0.3386718 24.9276562  0.9192772
 1477.1 1479.3  0.3384942 24.9419346  0.9192575
 1479.3 1481.5  0.3383167 24.9562130  0.9192379
 1481.5 1483.7  0.3381391 24.9704895  0.9192182
 1483.7 1485.9  0.3379615 24.9847660  0.9191985
 1485.9 1488.1  0.3377839 24.9990444  0.9191788
 1488.1 1490.3  0.3376064 25.0133228  0.9191592
 1490.3 1492.5  0.3374288 25.0276012  0.9191395
 1492.5 1494.8  0.3372512 25.0418777  0.9191198
 1494.8 1497.0  0.3370655 25.0568047  0.9190993
 1497.0 1499.3  0.3368880 25.0710812  0.9190796
 1499.3 1501.5  0.3367023 25.0860081  0.9190590
 1501.5 1503.8  0.3365361 25.0993881  0.9190353
 1503.8 1506.0  0.3363680 25.1129398  0.9190084
 1506.0 1508.3  0.3362071 25.1259022  0.9189827
 1508.3 1510.6  0.3360389 25.1394539  0.9189558
 1510.6 1512.9  0.3358708 25.1530037  0.9189289
 1512.9 1515.2  0.3357026 25.1665554  0.9189020
 1515.2 1517.5  0.3355345 25.1801052  0.9188752
 1517.5 1519.8  0.3353663 25.1936569  0.9188483
 1519.8 1522.1  0.3351981 25.2072086  0.9188214
 1522.1 1524.4  0.3350299 25.2207584  0.9187945
 1524.4 1526.7  0.3348618 25.2343102  0.9187676
 1526.7 1529.1  0.3346936 25.2478600  0.9187407
 1529.1 1531.4  0.3345181 25.2620010  0.9187127
 1531.4 1533.7  0.3343500 25.2755508  0.9186859
 1533.7 1536.1  0.3341818 25.2891026  0.9186590
 1536.1 1538.5  0.3340063 25.3032417  0.9186309
 1538.5 1540.8  0.3338308 25.3173828  0.9186029
 1540.8 1543.2  0.3336627 25.3309345  0.9185760
 1543.2 1545.6  0.3334872 25.3450737  0.9185479
 1545.6 1548.0  0.3333117 25.3592148  0.9185199
 1548.0 1550.4  0.3331362 25.3733540  0.9184918
 1550.4 1552.8  0.3329637 25.3872585  0.9184628
 1552.8 1555.2  0.3328057 25.3999786  0.9184291
 1555.2 1557.6  0.3326478 25.4127007  0.9183953
 1557.6 1560.1  0.3324898 25.4254208  0.9183615
 1560.1 1562.5  0.3323253 25.4386730  0.9183263
 1562.5 1564.9  0.3321674 25.4513931  0.9182925
 1564.9 1567.4  0.3320094 25.4641151  0.9182587
 1567.4 1569.9  0.3318449 25.4773655  0.9182234
 1569.9 1572.3  0.3316804 25.4906178  0.9181883
 1572.3 1574.8  0.3315224 25.5033379  0.9181545
 1574.8 1577.3  0.3313579 25.5165901  0.9181193
 1577.3 1579.8  0.3311934 25.5298405  0.9180841
 1579.8 1582.3  0.3310288 25.5430927  0.9180489
 1582.3 1584.8  0.3308643 25.5563431  0.9180136
 1584.8 1587.3  0.3306998 25.5695953  0.9179785
 1587.3 1589.8  0.3305353 25.5828457  0.9179432
 1589.8 1592.4  0.3303708 25.5960979  0.9179081
 1592.4 1594.9  0.3301996 25.6098785  0.9178714
 1594.9 1597.4  0.3300351 25.6231289  0.9178362
 1597.4 1600.0  0.3298706 25.6363811  0.9178010
 1600.0 1602.6  0.3296995 25.6501617  0.9177644
 1602.6 1605.1  0.3295472 25.6624050  0.9177219
 1605.1 1607.7  0.3294008 25.6741772  0.9176809
 1607.7 1610.3  0.3292485 25.6864185  0.9176383
 1610.3 1612.9  0.3290962 25.6986618  0.9175957
 1612.9 1615.5  0.3289439 25.7109051  0.9175531
 1615.5 1618.1  0.3287916 25.7231483  0.9175106
 1618.1 1620.7  0.3286393 25.7353897  0.9174680
 1620.7 1623.4  0.3284871 25.7476330  0.9174254
 1623.4 1626.0  0.3283289 25.7603474  0.9173812
 1626.0 1628.7  0.3281766 25.7725906  0.9173386
 1628.7 1631.3  0.3280185 25.7853031  0.9172944
 1631.3 1634.0  0.3278662 25.7975464  0.9172518
 1634.0 1636.7  0.3277080 25.8102608  0.9172075
 1636.7 1639.3  0.3275499 25.8229733  0.9171634
 1639.3 1642.0  0.3273976 25.8352165  0.9171208
 1642.0 1644.7  0.3272395 25.8479309  0.9170765
 1644.7 1647.4  0.3270813 25.8606434  0.9170323
 1647.4 1650.2  0.3269232 25.8733578  0.9169881
 1650.2 1652.9  0.3267607 25.8864212  0.9169417
 1652.9 1655.6  0.3266232 25.8975086  0.9168901
 1655.6 1658.4  0.3264857 25.9085941  0.9168385
 1658.4 1661.1  0.3263431 25.9200897  0.9167850
 1661.1 1663.9  0.3262056 25.9311752  0.9167334
 1663.9 1666.7  0.3260630 25.9426708  0.9166799
 1666.7 1669.4  0.3259204 25.9541664  0.9166264
 1669.4 1672.2  0.3257829 25.9652519  0.9165748
 1672.2 1675.0  0.3256403 25.9767494  0.9165213
 1675.0 1677.9  0.3254977 25.9882450  0.9164678
 1677.9 1680.7  0.3253500 26.0001526  0.9164124
 1680.7 1683.5  0.3252074 26.0116482  0.9163588
 1683.5 1686.3  0.3250647 26.0231438  0.9163053
 1686.3 1689.2  0.3249221 26.0346394  0.9162518
 1689.2 1692.0  0.3247744 26.0465469  0.9161964
 1692.0 1694.9  0.3246318 26.0580425  0.9161429
 1694.9 1697.8  0.3244841 26.0699501  0.9160874
 1697.8 1700.7  0.3243365 26.0818558  0.9160320
 1700.7 1703.6  0.3242028 26.0926456  0.9159797
 1703.6 1706.5  0.3241132 26.0999241  0.9159370
 1706.5 1709.4  0.3240237 26.1072025  0.9158943
 1709.4 1712.3  0.3239341 26.1144791  0.9158517
 1712.3 1715.3  0.3238446 26.1217575  0.9158089
 1715.3 1718.2  0.3237519 26.1292858  0.9157647
 1718.2 1721.2  0.3236624 26.1365643  0.9157221
 1721.2 1724.1  0.3235697 26.1440926  0.9156779
 1724.1 1727.1  0.3234802 26.1513710  0.9156352
 1727.1 1730.1  0.3233875 26.1589012  0.9155911
 1730.1 1733.1  0.3232949 26.1664295  0.9155469
 1733.1 1736.1  0.3232022 26.1739578  0.9155028
 1736.1 1739.1  0.3231096 26.1814880  0.9154586
 1739.1 1742.2  0.3230169 26.1890163  0.9154145
 1742.2 1745.2  0.3229212 26.1967964  0.9153688
 1745.2 1748.3  0.3228286 26.2043247  0.9153246
 1748.3 1751.3  0.3227328 26.2121048  0.9152790
 1751.3 1754.4  0.3226402 26.2196331  0.9152349
 1754.4 1757.5  0.3225411 26.2277031  0.9151855
 1757.5 1760.6  0.3224198 26.2377186  0.9151106
 1760.6 1763.7  0.3222985 26.2477341  0.9150358
 1763.7 1766.8  0.3221772 26.2577515  0.9149610
 1766.8 1769.9  0.3220558 26.2677670  0.9148862
 1769.9 1773.0  0.3219345 26.2777843  0.9148113
 1773.0 1776.2  0.3218220 26.2871780  0.9147323
 1776.2 1779.4  0.3217062 26.2968521  0.9146506
 1779.4 1782.5  0.3215904 26.3065281  0.9145688
 1782.5 1785.7  0.3214782 26.3159008  0.9144896
 1785.7 1788.9  0.3213623 26.3255749  0.9144079
 1788.9 1792.1  0.3212553 26.3346405  0.9143218
 1792.1 1795.3  0.3211492 26.3436432  0.9142354
 1795.3 1798.6  0.3210430 26.3526440  0.9141488
 1798.6 1801.8  0.3209336 26.3619270  0.9140596
 1801.8 1805.1  0.3208275 26.3709297  0.9139732
 1805.1 1808.3  0.3207251 26.3797817  0.9138761
 1808.3 1811.6  0.3206262 26.3883381  0.9137814
 1811.6 1814.9  0.3205243 26.3971634  0.9136838
 1814.9 1818.2  0.3204224 26.4059868  0.9135863
 1818.2 1821.5  0.3203213 26.4147491  0.9134885
 1821.5 1824.8  0.3202334 26.4225674  0.9133882
 1824.8 1828.2  0.3201455 26.4303856  0.9132878
 1828.2 1831.5  0.3200549 26.4384422  0.9131845
 1831.5 1834.9  0.3199670 26.4462605  0.9130841
 1834.9 1838.2  0.3198765 26.4543152  0.9129807
 1838.2 1841.6  0.3197998 26.4613819  0.9128744
 1841.6 1845.0  0.3197212 26.4686413  0.9127647
 1845.0 1848.4  0.3196426 26.4758987  0.9126549
 1848.4 1851.9  0.3195639 26.4831562  0.9125451
 1851.9 1855.3  0.3194830 26.4906273  0.9124321
 1855.3 1858.7  0.3194148 26.4972591  0.9123123
 1858.7 1862.2  0.3193470 26.5038719  0.9121921
 1862.2 1865.7  0.3192771 26.5106773  0.9120684
 1865.7 1869.2  0.3192073 26.5174847  0.9119446
 1869.2 1872.7  0.3191383 26.5242310  0.9118207
 1872.7 1876.2  0.3190839 26.5299664  0.9116930
 1876.2 1879.7  0.3190296 26.5357037  0.9115652
 1879.7 1883.2  0.3189752 26.5414410  0.9114376
 1883.2 1886.8  0.3189209 26.5471764  0.9113098
 1886.8 1890.4  0.3188650 26.5530777  0.9111785
 1890.4 1893.9  0.3188230 26.5580864  0.9110391
 1893.9 1897.5  0.3187830 26.5629063  0.9109032
 1897.5 1901.1  0.3187418 26.5678616  0.9107633
 1901.1 1904.8  0.3187006 26.5728188  0.9106235
 1904.8 1908.4  0.3186583 26.5779133  0.9104797
 1908.4 1912.0  0.3186312 26.5820370  0.9103274
 1912.0 1915.7  0.3186050 26.5861130  0.9101743
 1915.7 1919.4  0.3185781 26.5903034  0.9100170
 1919.4 1923.1  0.3185511 26.5944920  0.9098597
 1923.1 1926.8  0.3185246 26.5986500  0.9097022
 1926.8 1930.5  0.3185151 26.6016865  0.9095392
 1930.5 1934.2  0.3185055 26.6047230  0.9093762
 1934.2 1938.0  0.3184959 26.6077576  0.9092132
 1938.0 1941.7  0.3184861 26.6108761  0.9090458
 1941.7 1945.5  0.3184765 26.6139126  0.9088829
 1945.5 1949.3  0.3184832 26.6160011  0.9087054
 1949.3 1953.1  0.3184915 26.6180019  0.9085271
 1953.1 1956.9  0.3184997 26.6200027  0.9083487
 1956.9 1960.8  0.3185079 26.6220036  0.9081704
 1960.8 1964.6  0.3185163 26.6240578  0.9079874
 1964.6 1968.5  0.3185421 26.6250381  0.9077936
 1968.5 1972.4  0.3185696 26.6259880  0.9075940
 1972.4 1976.3  0.3185972 26.6269379  0.9073942
 1976.3 1980.2  0.3186247 26.6278877  0.9071946
 1980.2 1984.1  0.3186530 26.6287861  0.9069945
 1984.1 1988.1  0.3186958 26.6287403  0.9067892
 1988.1 1992.0  0.3187396 26.6286945  0.9065785
 1992.0 1996.0  0.3187824 26.6286507  0.9063732
 1996.0 2000.0  0.3188262 26.6286049  0.9061626
 2000.0 2004.0  0.3188701 26.6285591  0.9059519
 2004.0 2008.0  0.3189290 26.6276703  0.9057253
 2008.0 2012.1  0.3189879 26.6267815  0.9054986
 2012.1 2016.1  0.3190483 26.6258698  0.9052663
 2016.1 2020.2  0.3191072 26.6249809  0.9050397
 2020.2 2024.3  0.3191681 26.6240406  0.9048072
 2024.3 2028.4  0.3192372 26.6225433  0.9045711
 2028.4 2032.5  0.3193063 26.6210461  0.9043350
 2032.5 2036.7  0.3193754 26.6195507  0.9040988
 2036.7 2040.8  0.3194462 26.6180172  0.9038569
 2040.8 2045.0  0.3195153 26.6165199  0.9036208
 2045.0 2049.2  0.3195926 26.6146164  0.9033707
 2049.2 2053.4  0.3196701 26.6126919  0.9031202
 2053.4 2057.6  0.3197477 26.6107693  0.9028696
 2057.6 2061.9  0.3198253 26.6088448  0.9026191
 2061.9 2066.1  0.3199047 26.6068764  0.9023626
 2066.1 2070.4  0.3199869 26.6047707  0.9020987
 2070.4 2074.7  0.3200712 26.6026115  0.9018283
 2074.7 2079.0  0.3201554 26.6004524  0.9015578
 2079.0 2083.3  0.3202396 26.5982914  0.9012873
 2083.3 2087.7  0.3203238 26.5961418  0.9010164
 2087.7 2092.1  0.3204083 26.5940781  0.9007332
 2092.1 2096.4  0.3204927 26.5920124  0.9004500
 2096.4 2100.8  0.3205753 26.5899963  0.9001732
 2100.8 2105.3  0.3206598 26.5879307  0.8998900
 2105.3 2109.7  0.3207456 26.5858536  0.8996004
 2109.7 2114.2  0.3208219 26.5842743  0.8993184
 2114.2 2118.6  0.3208998 26.5826607  0.8990300
 2118.6 2123.1  0.3209761 26.5810814  0.8987479
 2123.1 2127.7  0.3210541 26.5794678  0.8984594
 2127.7 2132.2  0.3211338 26.5778160  0.8981646
 2132.2 2136.8  0.3212009 26.5769291  0.8978725
 2136.8 2141.3  0.3212687 26.5760746  0.8975737
 2141.3 2145.9  0.3213350 26.5752392  0.8972814
 2145.9 2150.5  0.3214028 26.5743847  0.8969826
 2150.5 2155.2  0.3214705 26.5735302  0.8966838
 2155.2 2159.8  0.3215257 26.5737915  0.8963585
 2159.8 2164.5  0.3215780 26.5741787  0.8960378
 2164.5 2169.2  0.3216315 26.5745773  0.8957102
 2169.2 2173.9  0.3216850 26.5749741  0.8953825
 2173.9 2178.6  0.3217385 26.5753708  0.8950549
 2178.6 2183.4  0.3217644 26.5770493  0.8947696
 2183.4 2188.2  0.3217903 26.5787926  0.8944792
 2188.2 2193.0  0.3218161 26.5805378  0.8941888
 2193.0 2197.8  0.3218420 26.5822811  0.8938984
 2197.8 2202.6  0.3218679 26.5840244  0.8936079
 2202.6 2207.5  0.3218769 26.5871410  0.8932936
 2207.5 2212.4  0.3218717 26.5915070  0.8929521
 2212.4 2217.3  0.3218665 26.5958748  0.8926107
 2217.3 2222.2  0.3218613 26.6002407  0.8922693
 2222.2 2227.2  0.3218545 26.6047020  0.8919286
 2227.2 2232.1  0.3218096 26.6115093  0.8915995
 2232.1 2237.1  0.3217657 26.6181793  0.8912770
 2237.1 2242.2  0.3217208 26.6249866  0.8909479
 2242.2 2247.2  0.3216751 26.6319313  0.8906122
 2247.2 2252.3  0.3216283 26.6388569  0.8902836
 2252.3 2257.3  0.3215342 26.6488228  0.8899606
 2257.3 2262.4  0.3214419 26.6585941  0.8896439
 2262.4 2267.6  0.3213477 26.6685600  0.8893209
 2267.6 2272.7  0.3212517 26.6787224  0.8889916
 2272.7 2277.9  0.3211575 26.6886883  0.8886686
 2277.9 2283.1  0.3210018 26.7027397  0.8883418
 2283.1 2288.3  0.3208424 26.7170315  0.8880152
 2288.3 2293.6  0.3206829 26.7313213  0.8876886
 2293.6 2298.9  0.3205205 26.7458878  0.8873556
 2298.9 2304.1  0.3203580 26.7604523  0.8870227
 2304.1 2309.5  0.3201340 26.7787857  0.8867134
 2309.5 2314.8  0.3199001 26.7979050  0.8863925
 2314.8 2320.2  0.3196705 26.8166714  0.8860775
 2320.2 2325.6  0.3194366 26.8357906  0.8857567
 2325.6 2331.0  0.3192027 26.8549118  0.8854358
 2331.0 2336.4  0.3188860 26.8793812  0.8851237
 2336.4 2341.9  0.3185626 26.9042797  0.8848122
 2341.9 2347.4  0.3182332 26.9296398  0.8844951
 2347.4 2352.9  0.3179038 26.9549980  0.8841779
 2352.9 2358.5  0.3175744 26.9803581  0.8838608
 2358.5 2364.1  0.3171448 27.0122108  0.8835576
 2364.1 2369.7  0.3167134 27.0441742  0.8832547
 2369.7 2375.3  0.3162821 27.0761356  0.8829519
 2375.3 2381.0  0.3158507 27.1080990  0.8826490
 2381.0 2386.6  0.3154117 27.1406326  0.8823407
 2386.6 2392.3  0.3149118 27.1771717  0.8820689
 2392.3 2398.1  0.3144031 27.2143631  0.8817921
 2398.1 2403.8  0.3138854 27.2522087  0.8815106
 2403.8 2409.6  0.3133766 27.2894001  0.8812338
 2409.6 2415.5  0.3128589 27.3272438  0.8809522
 2415.5 2421.3  0.3122967 27.3689213  0.8806966
 2421.3 2427.2  0.3117415 27.4101200  0.8804474
 2427.2 2433.1  0.3111767 27.4520283  0.8801940
 2433.1 2439.0  0.3106120 27.4939384  0.8799406
 2439.0 2445.0  0.3100472 27.5358467  0.8796872
 2445.0 2451.0  0.3095106 27.5776749  0.8794798
 2451.0 2457.0  0.3089741 27.6195030  0.8792723
 2457.0 2463.1  0.3084375 27.6613312  0.8790650
 2463.1 2469.1  0.3078919 27.7038574  0.8788541
 2469.1 2475.2  0.3073572 27.7456074  0.8786477
 2475.2 2481.4  0.3069237 27.7834396  0.8785015
 2481.4 2487.6  0.3064831 27.8218918  0.8783528
 2487.6 2493.8  0.3060424 27.8603477  0.8782041
 2493.8 2500.0  0.3056018 27.8987999  0.8780555
 2500.0 2506.3  0.3051612 27.9372520  0.8779068
 2506.3 2512.6  0.3049124 27.9667969  0.8778374
 2512.6 2518.9  0.3046637 27.9963417  0.8777680
 2518.9 2525.3  0.3044150 28.0258846  0.8776985
 2525.3 2531.6  0.3041623 28.0558987  0.8776280
 2531.6 2538.1  0.3039135 28.0854435  0.8775586
 2538.1 2544.5  0.3039283 28.1030407  0.8775798
 2544.5 2551.0  0.3039604 28.1195354  0.8776067
 2551.0 2557.5  0.3039930 28.1362896  0.8776340
 2557.5 2564.1  0.3040256 28.1530418  0.8776613
 2564.1 2570.7  0.3040649 28.1697521  0.8776909
 2570.7 2577.3  0.3045058 28.1668148  0.8778415
 2577.3 2584.0  0.3049467 28.1638775  0.8779920
 2584.0 2590.7  0.3053943 28.1608944  0.8781449
 2590.7 2597.4  0.3058418 28.1579132  0.8782977
 2597.4 2604.2  0.3063184 28.1534462  0.8784585
 2604.2 2611.0  0.3072653 28.1251717  0.8787477
 2611.0 2617.8  0.3082121 28.0968971  0.8790369
 2617.8 2624.7  0.3091590 28.0686226  0.8793261
 2624.7 2631.6  0.3101198 28.0399323  0.8796195
 2631.6 2638.5  0.3110806 28.0112419  0.8799130
 2638.5 2645.5  0.3126098 27.9549160  0.8803453
 2645.5 2652.5  0.3141966 27.8960476  0.8807927
 2652.5 2659.6  0.3157835 27.8371811  0.8812400
 2659.6 2666.7  0.3173930 27.7774715  0.8816937
 2666.7 2673.8  0.3190025 27.7177639  0.8821473
 2673.8 2681.0  0.3211793 27.6318932  0.8827116
 2681.0 2688.2  0.3234121 27.5436440  0.8832887
 2688.2 2695.4  0.3256448 27.4553947  0.8838658
 2695.4 2702.7  0.3278776 27.3671455  0.8844429
 2702.7 2710.0  0.3301415 27.2776680  0.8850280
 2710.0 2717.4  0.3329627 27.1647491  0.8856874
 2717.4 2724.8  0.3358468 27.0492687  0.8863590
 2724.8 2732.2  0.3387310 26.9337826  0.8870307
 2732.2 2739.7  0.3416151 26.8183022  0.8877023
 2739.7 2747.3  0.3445382 26.7012577  0.8883830
 2747.3 2754.8  0.3480529 26.5620975  0.8891056
 2754.8 2762.4  0.3515438 26.4239349  0.8898201
 2762.4 2770.1  0.3550811 26.2839355  0.8905441
 2770.1 2777.8  0.3586652 26.1420860  0.8912776
 2777.8 2785.5  0.3622491 26.0002403  0.8920111
 2785.5 2793.3  0.3663705 25.8415451  0.8927290
 2793.3 2801.1  0.3705600 25.6803303  0.8934557
 2801.1 2809.0  0.3747495 25.5191174  0.8941825
 2809.0 2816.9  0.3789925 25.3558388  0.8949186
 2816.9 2824.9  0.3832356 25.1925621  0.8956547
 2824.9 2832.9  0.3881310 25.0119762  0.8963340
 2832.9 2840.9  0.3930340 24.8311977  0.8970125
 2840.9 2849.0  0.3979369 24.6504211  0.8976911
 2849.0 2857.1  0.4029012 24.4673805  0.8983781
 2857.1 2865.3  0.4078703 24.2842979  0.8990632
 2865.3 2873.6  0.4132865 24.0955067  0.8996043
 2873.6 2881.8  0.4187688 23.9044132  0.9001519
 2881.8 2890.2  0.4241849 23.7156239  0.9006930
 2890.2 2898.6  0.4297332 23.5222301  0.9012472
 2898.6 2907.0  0.4352816 23.3288307  0.9018015
 2907.0 2915.5  0.4414393 23.1285229  0.9021621
 2915.5 2924.0  0.4477012 22.9254761  0.9025173
 2924.0 2932.6  0.4539631 22.7224312  0.9028725
 2932.6 2941.2  0.4602987 22.5169945  0.9032319
 2941.2 2949.9  0.4666420 22.3116722  0.9035854
 2949.9 2958.6  0.4733900 22.1085873  0.9036948
 2958.6 2967.4  0.4801383 21.9054985  0.9038042
 2967.4 2976.2  0.4869638 21.7000828  0.9039149
 2976.2 2985.1  0.4937895 21.4946632  0.9040255
 2985.1 2994.0  0.5006966 21.2869434  0.9041348
 2994.0 3003.0  0.5079342 21.0825825  0.9040121
 3003.0 3012.0  0.5152532 20.8759232  0.9038880
 3012.0 3021.1  0.5225722 20.6692657  0.9037640
 3021.1 3030.3  0.5299726 20.4603081  0.9036385
 3030.3 3039.5  0.5374529 20.2494164  0.9035056
 3039.5 3048.8  0.5448927 20.0491734  0.9031917
 3048.8 3058.1  0.5524136 19.8467503  0.9028743
 3058.1 3067.5  0.5599344 19.6443291  0.9025569
 3067.5 3076.9  0.5675360 19.4397335  0.9022361
 3076.9 3086.4  0.5751376 19.2351379  0.9019153
 3086.4 3096.0  0.5826889 19.0386772  0.9014476
 3096.0 3105.6  0.5903184 18.8402557  0.9009734
 3105.6 3115.3  0.5979479 18.6418343  0.9004992
 3115.3 3125.0  0.6056567 18.4413490  0.9000201
 3125.0 3134.8  0.6133656 18.2408638  0.8995410
 3134.8 3144.7  0.6205106 18.0585823  0.8989875
 3144.7 3154.6  0.6277284 17.8744431  0.8984284
 3154.6 3164.6  0.6349463 17.6902981  0.8978692
 3164.6 3174.6  0.6422371 17.5042973  0.8973044
 3174.6 3184.7  0.6495279 17.3182964  0.8967396
 3184.7 3194.9  0.6561232 17.1502972  0.8961550
 3194.9 3205.1  0.6627517 16.9814587  0.8955640
 3205.1 3215.4  0.6693805 16.8126183  0.8949730
 3215.4 3225.8  0.6760740 16.6421280  0.8943763
 3225.8 3236.2  0.6827518 16.4718399  0.8937772
 3236.2 3246.8  0.6884579 16.3239288  0.8932191
 3246.8 3257.3  0.6942739 16.1731682  0.8926502
 3257.3 3268.0  0.7000350 16.0238342  0.8920868
 3268.0 3278.7  0.7059059 15.8716536  0.8915126
 3278.7 3289.5  0.7114049 15.7280464  0.8909626
 3289.5 3300.3  0.7162452 15.5994644  0.8904534
 3300.3 3311.3  0.7210856 15.4708824  0.8899443
 3311.3 3322.3  0.7260156 15.3399200  0.8894257
 3322.3 3333.3  0.7309455 15.2089577  0.8889071
 3333.3 3344.5  0.7351858 15.0953140  0.8884398
 3344.5 3355.7  0.7392747 14.9853411  0.8879810
 3355.7 3367.0  0.7433637 14.8753681  0.8875222
 3367.0 3378.4  0.7474891 14.7644119  0.8870593
 3378.4 3389.8  0.7512096 14.6644535  0.8866381
 3389.8 3401.4  0.7538916 14.5926752  0.8863246
 3401.4 3413.0  0.7566206 14.5196400  0.8860057
 3413.0 3424.7  0.7593497 14.4466028  0.8856867
 3424.7 3436.4  0.7621022 14.3729372  0.8853649
 3436.4 3448.3  0.7692140 14.2001896  0.8845274
 3448.3 3460.2  0.7765641 14.0218334  0.8836618
 3460.2 3472.2  0.7798542 13.9510126  0.8832951
 3472.2 3484.3  0.7824896 13.8976669  0.8830091
 3484.3 3496.5  0.7851470 13.8438778  0.8827208
 3496.5 3508.8  0.7878264 13.7896442  0.8824301
 3508.8 3521.1  0.7905276 13.7349653  0.8821371
 3521.1 3533.6  0.7932290 13.6802864  0.8818439
 3533.6 3546.1  0.7959742 13.6247196  0.8815461
 3546.1 3558.7  0.7987194 13.5691519  0.8812482
 3558.7 3571.4  0.8012229 13.5287495  0.8810074
 3571.4 3584.2  0.8036272 13.4950781  0.8807915
 3584.2 3597.1  0.8060504 13.4611425  0.8805739
 3597.1 3610.1  0.8084925 13.4269409  0.8803546
 3610.1 3623.2  0.8109536 13.3924742  0.8801336
 3623.2 3636.4  0.8134335 13.3577433  0.8799109
 3636.4 3649.6  0.8159324 13.3227472  0.8796865
 3649.6 3663.0  0.8184314 13.2877502  0.8794621
 3663.0 3676.5  0.8206654 13.2612324  0.8792899
 3676.5 3690.0  0.8229066 13.2347956  0.8791180
 3690.0 3703.7  0.8251479 13.2083597  0.8789462
 3703.7 3717.5  0.8274224 13.1815319  0.8787718
 3717.5 3731.3  0.8297135 13.1545076  0.8785962
 3731.3 3745.3  0.8320045 13.1274834  0.8784206
 3745.3 3759.4  0.8343288 13.1000681  0.8782424
 3759.4 3773.6  0.8364715 13.0692120  0.8780809
 3773.6 3787.9  0.8385296 13.0365028  0.8779272
 3787.9 3802.3  0.8406021 13.0035629  0.8777725
 3802.3 3816.8  0.8426892 12.9703932  0.8776166
 3816.8 3831.4  0.8447907 12.9369926  0.8774598
 3831.4 3846.2  0.8469067 12.9033632  0.8773018
 3846.2 3861.0  0.8490518 12.8692713  0.8771417
 3861.0 3876.0  0.8510042 12.8267822  0.8769903
 3876.0 3891.1  0.8529158 12.7807770  0.8768399
 3891.1 3906.2  0.8548400 12.7344656  0.8766885
 3906.2 3921.6  0.8567642 12.6881552  0.8765371
 3921.6 3937.0  0.8587266 12.6409235  0.8763827
 3937.0 3952.6  0.8606891 12.5936918  0.8762283
 3952.6 3968.3  0.8626465 12.5449114  0.8760753
 3968.3 3984.1  0.8644631 12.4911079  0.8759387
 3984.1 4000.0  0.8662912 12.4369612  0.8758011
 4000.0 4016.1  0.8681309 12.3824730  0.8756627
 4016.1 4032.3  0.8699937 12.3272982  0.8755226
 4032.3 4048.6  0.8718681 12.2717819  0.8753816
 4048.6 4065.0  0.8737541 12.2159214  0.8752397
 4065.0 4081.6  0.8755537 12.1627502  0.8751292
 4081.6 4098.4  0.8773661 12.1092157  0.8750204
 4098.4 4115.2  0.8792003 12.0550375  0.8749102
 4115.2 4132.2  0.8810345 12.0008574  0.8748001
 4132.2 4149.4  0.8828905 11.9460335  0.8746887
 4149.4 4166.7  0.8847683 11.8905649  0.8745759
 4166.7 4184.1  0.8865673 11.8411322  0.8744982
 4184.1 4201.7  0.8883734 11.7916441  0.8744215
 4201.7 4219.4  0.8902003 11.7415876  0.8743438
 4219.4 4237.3  0.8920375 11.6912470  0.8742657
 4237.3 4255.3  0.8938954 11.6403370  0.8741866
 4255.3 4273.5  0.8957240 11.5904818  0.8741149
 4273.5 4291.8  0.8974763 11.5433197  0.8740609
 4291.8 4310.3  0.8992381 11.4958982  0.8740066
 4310.3 4329.0  0.9010192 11.4479589  0.8739517
 4329.0 4347.8  0.9028196 11.3994999  0.8738963
 4347.8 4366.8  0.9046296 11.3507833  0.8738405
 4366.8 4386.0  0.9062979 11.3034678  0.8737975
 4386.0 4405.3  0.9079624 11.2559080  0.8737559
 4405.3 4424.8  0.9096357 11.2081003  0.8737139
 4424.8 4444.4  0.9113262 11.1597977  0.8736716
 4444.4 4464.3  0.9130255 11.1112471  0.8736290
 4464.3 4484.3  0.9146122 11.0626631  0.8735924
 4484.3 4504.5  0.9161524 11.0141144  0.8735580
 4504.5 4524.9  0.9177081 10.9650793  0.8735234
 4524.9 4545.5  0.9192791 10.9155598  0.8734884
 4545.5 4566.2  0.9208655 10.8655539  0.8734531
 4566.2 4587.2  0.9223241 10.8159590  0.8734232
 4587.2 4608.3  0.9237656 10.7658300  0.8733944
 4608.3 4629.6  0.9252139 10.7154636  0.8733655
 4629.6 4651.2  0.9266760 10.6646185  0.8733363
 4651.2 4672.9  0.9281502 10.6131029  0.8733070
 4672.9 4694.8  0.9294851 10.5621376  0.8732831
 4694.8 4717.0  0.9308323 10.5107012  0.8732591
 4717.0 4739.3  0.9321980 10.4585600  0.8732347
 4739.3 4761.9  0.9335699 10.4061842  0.8732101
 4761.9 4784.7  0.9348877 10.3535519  0.8731878
 4784.7 4807.7  0.9361514 10.3008585  0.8731675
 4807.7 4830.9  0.9374261 10.2477036  0.8731470
 4830.9 4854.4  0.9387119 10.1940880  0.8731263
 4854.4 4878.0  0.9399912 10.1399450  0.8731059
 4878.0 4902.0  0.9411750 10.0863008  0.8730884
 4902.0 4926.1  0.9423789 10.0317478  0.8730705
 4926.1 4950.5  0.9435878  9.9769669  0.8730525
 4950.5 4975.1  0.9448095  9.9215250  0.8730344
 4975.1 5000.0  0.9459306  9.8665829  0.8730184
 5000.0 5025.1  0.9470654  9.8109703  0.8730022
 5025.1 5050.5  0.9482092  9.7549114  0.8729858
 5050.5 5076.1  0.9493647  9.6982040  0.8729693
 5076.1 5102.0  0.9504274  9.6421146  0.8729537
 5102.0 5128.2  0.9515025  9.5853682  0.8729380
 5128.2 5154.6  0.9525902  9.5279636  0.8729220
 5154.6 5181.3  0.9536692  9.4703350  0.8729059
 5181.3 5208.3  0.9546798  9.4130812  0.8728893
 5208.3 5235.6  0.9557018  9.3551817  0.8728726
 5235.6 5263.2  0.9567351  9.2966394  0.8728557
 5263.2 5291.0  0.9577353  9.2381430  0.8728379
 5291.0 5319.1  0.9586937  9.1799803  0.8728192
 5319.1 5347.6  0.9596626  9.1211891  0.8728002
 5347.6 5376.3  0.9606451  9.0615616  0.8727810
 5376.3 5405.4  0.9615507  9.0030794  0.8727588
 5405.4 5434.8  0.9624612  8.9439259  0.8727359
 5434.8 5464.5  0.9633810  8.8841619  0.8727129
 5464.5 5494.5  0.9642652  8.8247824  0.8726872
 5494.5 5524.9  0.9651105  8.7658539  0.8726586
 5524.9 5555.6  0.9659671  8.7061405  0.8726297
 5555.6 5586.6  0.9668152  8.6462631  0.8725993
 5586.6 5618.0  0.9675946  8.5877304  0.8725632
 5618.0 5649.7  0.9683840  8.5284414  0.8725268
 5649.7 5681.8  0.9691811  8.4685869  0.8724899
 5681.8 5714.3  0.9699005  8.4103012  0.8724458
 5714.3 5747.1  0.9706281  8.3513107  0.8724010
 5747.1 5780.3  0.9713624  8.2917757  0.8723558
 5780.3 5814.0  0.9720360  8.2333813  0.8723044
 5814.0 5848.0  0.9727129  8.1742868  0.8722517
 5848.0 5882.4  0.9733959  8.1146669  0.8721986
 5882.4 5917.2  0.9740260  8.0559816  0.8721400
 5917.2 5952.4  0.9746596  7.9967141  0.8720803
 5952.4 5988.0  0.9752967  7.9368653  0.8720197
 5988.0 6024.1  0.9758906  7.8776941  0.8719542
 6024.1 6060.6  0.9764929  7.8176923  0.8718878
 6060.6 6097.6  0.9770890  7.7573724  0.8718195
 6097.6 6135.0  0.9776613  7.6970859  0.8717476
 6135.0 6172.8  0.9782398  7.6361475  0.8716750
 6172.8 6211.2  0.9788032  7.5751386  0.8715996
 6211.2 6250.0  0.9793611  7.5135493  0.8715218
 6250.0 6289.3  0.9799248  7.4513197  0.8714432
 6289.3 6329.1  0.9804685  7.3890381  0.8713610
 6329.1 6369.4  0.9810190  7.3259635  0.8712776
 6369.4 6410.3  0.9815673  7.2623553  0.8711923
 6410.3 6451.6  0.9821137  7.1980810  0.8711046
 6451.6 6493.5  0.9826650  7.1331906  0.8710160
 6493.5 6535.9  0.9832137  7.0676742  0.8709246
 6535.9 6578.9  0.9837688  7.0013762  0.8708321
 6578.9 6622.5  0.9843298  6.9342175  0.8707376
 6622.5 6666.7  0.9848976  6.8661604  0.8706414
 6666.7 6711.4  0.9854754  6.7971268  0.8705435
 6711.4 6756.8  0.9860634  6.7272472  0.8704441
 6756.8 6802.7  0.9866627  6.6562238  0.8703431
 6802.7 6849.3  0.9872812  6.5841317  0.8702410
 6849.3 6896.6  0.9879092  6.5109415  0.8701373
 6896.6 6944.4  0.9885651  6.4362268  0.8700318
 6944.4 6993.0  0.9892283  6.3607163  0.8699252
 6993.0 7042.3  0.9899149  6.2836914  0.8698159
 7042.3 7092.2  0.9906131  6.2055244  0.8697050
 7092.2 7142.9  0.9913238  6.1263895  0.8695908
 7142.9 7194.2  0.9920468  6.0459833  0.8694744
 7194.2 7246.4  0.9927744  5.9648514  0.8693535
 7246.4 7299.3  0.9935141  5.8823342  0.8692299
 7299.3 7352.9  0.9942499  5.7992401  0.8691000
 7352.9 7407.4  0.9949932  5.7151341  0.8689676
 7407.4 7462.7  0.9957241  5.6304789  0.8688263
 7462.7 7518.8  0.9964570  5.5448756  0.8686809
 7518.8 7575.8  0.9971706  5.4590392  0.8685262
 7575.8 7633.6  0.9978716  5.3726110  0.8683639
 7633.6 7692.3  0.9985529  5.2859335  0.8681928
 7692.3 7751.9  0.9991945  5.1995420  0.8680085
 7751.9 7812.5  0.9998096  5.1125603  0.8678166
 7812.5 7874.0  0.9999272  5.0269365  0.8676037
 7874.0 7936.5  1.0000000  4.9414554  0.8673788
 7936.5 8000.0  1.0000000  4.8568292  0.8671363
 8000.0 8064.5  1.0000000  4.7744312  0.8668677
 8064.5 8130.1  1.0000000  4.6929727  0.8665811
 8130.1 8196.7  1.0000000  4.6145282  0.8662627
 8196.7 8264.5  1.0000000  4.5397558  0.8659097
 8264.5 8333.3  1.0000000  4.4675632  0.8655263
 8333.3 8403.4  1.0000000  4.4010754  0.8650962
 8403.4 8474.6  1.0000000  4.3413391  0.8646092
 8474.6 8547.0  1.0000000  4.2832108  0.8640991
 8547.0 8620.7  1.0000000  4.2241011  0.8635805
 8620.7 8695.7  1.0000000  4.1639309  0.8630525
 8695.7 8771.9  1.0000000  4.1026993  0.8625152
 8771.9 8849.6  1.0000000  4.0404878  0.8619694
 8849.6 8928.6  1.0000000  3.9770525  0.8614127
 8928.6 9009.0  1.0000000  3.9125552  0.8608468
 9009.0 9090.9  1.0000000  3.8469145  0.8602708
 9090.9 9174.3  1.0000000  3.7800493  0.8596841
 9174.3 9259.3  1.0000000  3.7119603  0.8590866
 9259.3 9345.8  1.0000000  3.6425643  0.8584777
 9345.8 9434.0  1.0000000  3.5719440  0.8578580
 9434.0 9523.8  1.0000000  3.4999354  0.8572261
 9523.8 9615.4  1.0000000  3.4266210  0.8565828
 9615.4 9708.7  1.0000000  3.3518362  0.8559266
 9708.7 9803.9  1.0000000  3.2756643  0.8552582
 9803.9 9901.0  1.0000000  3.1979408  0.8545762
 9901.0 9911.0  1.0000000  3.1186666  0.8538806
