 1176.5 1177.9  0.1753496  1.1427828  0.0369917
 1177.9 1179.2  0.1748664  1.1406569  0.0369447
 1179.2 1180.6  0.1744178  1.1386830  0.0369011
 1180.6 1182.0  0.1739346  1.1365571  0.0368541
 1182.0 1183.4  0.1734514  1.1344312  0.0368071
 1183.4 1184.8  0.1729682  1.1323054  0.0367601
 1184.8 1186.2  0.1724850  1.1301794  0.0367131
 1186.2 1187.6  0.1720019  1.1280538  0.0366661
 1187.6 1189.1  0.1715187  1.1259278  0.0366191
 1189.1 1190.5  0.1710010  1.1236502  0.0365687
 1190.5 1191.9  0.1705178  1.1215242  0.0365217
 1191.9 1193.3  0.1700346  1.1193984  0.0364748
 1193.3 1194.7  0.1695514  1.1172725  0.0364278
 1194.7 1196.2  0.1690683  1.1151468  0.0363808
 1196.2 1197.6  0.1685506  1.1128690  0.0363304
 1197.6 1199.0  0.1680674  1.1107432  0.0362834
 1199.0 1200.5  0.1675842  1.1086173  0.0362364
 1200.5 1201.9  0.1670666  1.1063396  0.0361861
 1201.9 1203.4  0.1665834  1.1042137  0.0361391
 1203.4 1204.8  0.1660657  1.1019360  0.0360887
 1204.8 1206.3  0.1655825  1.0998101  0.0360417
 1206.3 1207.7  0.1650648  1.0975324  0.0359914
 1207.7 1209.2  0.1645817  1.0954068  0.0359444
 1209.2 1210.7  0.1640640  1.0931290  0.0358941
 1210.7 1212.1  0.1635463  1.0908513  0.0358437
 1212.1 1213.6  0.1630631  1.0887254  0.0357967
 1213.6 1215.1  0.1625454  1.0864477  0.0357464
 1215.1 1216.5  0.1620277  1.0841700  0.0356960
 1216.5 1218.0  0.1615445  1.0820441  0.0356490
 1218.0 1219.5  0.1610269  1.0797664  0.0355987
 1219.5 1221.0  0.1605092  1.0774888  0.0355483
 1221.0 1222.5  0.1599915  1.0752110  0.0354980
 1222.5 1224.0  0.1594738  1.0729333  0.0354476
 1224.0 1225.5  0.1589561  1.0706556  0.0353973
 1225.5 1227.0  0.1584384  1.0683780  0.0353469
 1227.0 1228.5  0.1579207  1.0661002  0.0352966
 1228.5 1230.0  0.1574030  1.0638225  0.0352462
 1230.0 1231.5  0.1568853  1.0615449  0.0351959
 1231.5 1233.0  0.1563676  1.0592672  0.0351455
 1233.0 1234.6  0.1558500  1.0569894  0.0350952
 1234.6 1236.1  0.1552978  1.0545599  0.0350415
 1236.1 1237.6  0.1547801  1.0522822  0.0349911
 1237.6 1239.2  0.1542624  1.0500045  0.0349408
 1239.2 1240.7  0.1537102  1.0475750  0.0348871
 1240.7 1242.2  0.1531925  1.0452973  0.0348367
 1242.2 1243.8  0.1526748  1.0430197  0.0347864
 1243.8 1245.3  0.1521226  1.0405899  0.0347326
 1245.3 1246.9  0.1516049  1.0383122  0.0346823
 1246.9 1248.4  0.1510527  1.0358827  0.0346286
 1248.4 1250.0  0.1505350  1.0336050  0.0345782
 1250.0 1251.6  0.1499828  1.0311755  0.0345245
 1251.6 1253.1  0.1494306  1.0287460  0.0344708
 1253.1 1254.7  0.1489129  1.0264683  0.0344205
 1254.7 1256.3  0.1483607  1.0240388  0.0343668
 1256.3 1257.9  0.1478085  1.0216091  0.0343131
 1257.9 1259.4  0.1472563  1.0191796  0.0342594
 1259.4 1261.0  0.1467386  1.0169019  0.0342090
 1261.0 1262.6  0.1461864  1.0144724  0.0341553
 1262.6 1264.2  0.1456342  1.0120429  0.0341016
 1264.2 1265.8  0.1450820  1.0096134  0.0340479
 1265.8 1267.4  0.1445298  1.0071837  0.0339942
 1267.4 1269.0  0.1439776  1.0047542  0.0339405
 1269.0 1270.6  0.1434254  1.0023246  0.0338868
 1270.6 1272.3  0.1428732  0.9998951  0.0338331
 1272.3 1273.9  0.1422865  0.9973136  0.0337760
 1273.9 1275.5  0.1417343  0.9948841  0.0337223
 1275.5 1277.1  0.1411821  0.9924546  0.0336686
 1277.1 1278.8  0.1406299  0.9900251  0.0336149
 1278.8 1280.4  0.1400432  0.9874436  0.0335578
 1280.4 1282.1  0.1394910  0.9850141  0.0335041
 1282.1 1283.7  0.1389043  0.9824328  0.0334470
 1283.7 1285.3  0.1383521  0.9800032  0.0333933
 1285.3 1287.0  0.1377998  0.9775736  0.0333396
 1287.0 1288.7  0.1372131  0.9749922  0.0332826
 1288.7 1290.3  0.1366265  0.9724109  0.0332255
 1290.3 1292.0  0.1360742  0.9699812  0.0331718
 1292.0 1293.7  0.1354875  0.9673999  0.0331147
 1293.7 1295.3  0.1349008  0.9648186  0.0330577
 1295.3 1297.0  0.1343486  0.9623889  0.0330040
 1297.0 1298.7  0.1337619  0.9598076  0.0329469
 1298.7 1300.4  0.1331752  0.9572263  0.0328898
 1300.4 1302.1  0.1326292  0.9548174  0.0328363
 1302.1 1303.8  0.1322159  0.9529699  0.0327942
 1303.8 1305.5  0.1318025  0.9511223  0.0327522
 1305.5 1307.2  0.1313891  0.9492748  0.0327101
 1307.2 1308.9  0.1309758  0.9474273  0.0326680
 1308.9 1310.6  0.1305624  0.9455796  0.0326259
 1310.6 1312.3  0.1301491  0.9437321  0.0325839
 1312.3 1314.1  0.1297357  0.9418845  0.0325418
 1314.1 1315.8  0.1292980  0.9399284  0.0324973
 1315.8 1317.5  0.1288846  0.9380807  0.0324552
 1317.5 1319.3  0.1284713  0.9362332  0.0324131
 1319.3 1321.0  0.1280336  0.9342769  0.0323686
 1321.0 1322.8  0.1276202  0.9324294  0.0323265
 1322.8 1324.5  0.1271825  0.9304731  0.0322819
 1324.5 1326.3  0.1267692  0.9286256  0.0322399
 1326.3 1328.0  0.1263315  0.9266694  0.0321953
 1328.0 1329.8  0.1259181  0.9248219  0.0321533
 1329.8 1331.6  0.1254804  0.9228656  0.0321087
 1331.6 1333.3  0.1250428  0.9209094  0.0320642
 1333.3 1335.1  0.1246294  0.9190618  0.0320221
 1335.1 1336.9  0.1241917  0.9171056  0.0319775
 1336.9 1338.7  0.1237540  0.9151493  0.0319330
 1338.7 1340.5  0.1233164  0.9131932  0.0318885
 1340.5 1342.3  0.1228787  0.9112369  0.0318439
 1342.3 1344.1  0.1224410  0.9092806  0.0317994
 1344.1 1345.9  0.1220033  0.9073244  0.0317548
 1345.9 1347.7  0.1215656  0.9053681  0.0317103
 1347.7 1349.5  0.1211280  0.9034120  0.0316657
 1349.5 1351.4  0.1206903  0.9014557  0.0316212
 1351.4 1353.2  0.1202504  0.8994697  0.0315752
 1353.2 1355.0  0.1198413  0.8976151  0.0315320
 1355.0 1356.9  0.1194321  0.8957604  0.0314888
 1356.9 1358.7  0.1190001  0.8938027  0.0314432
 1358.7 1360.5  0.1185910  0.8919481  0.0314000
 1360.5 1362.4  0.1181818  0.8900934  0.0313568
 1362.4 1364.3  0.1177498  0.8881357  0.0313112
 1364.3 1366.1  0.1173179  0.8861780  0.0312656
 1366.1 1368.0  0.1169087  0.8843234  0.0312224
 1368.0 1369.9  0.1164768  0.8823656  0.0311768
 1369.9 1371.7  0.1160449  0.8804079  0.0311312
 1371.7 1373.6  0.1156357  0.8785533  0.0310880
 1373.6 1375.5  0.1152038  0.8765956  0.0310424
 1375.5 1377.4  0.1147718  0.8746378  0.0309968
 1377.4 1379.3  0.1143399  0.8726801  0.0309511
 1379.3 1381.2  0.1139080  0.8707224  0.0309055
 1381.2 1383.1  0.1134761  0.8687648  0.0308599
 1383.1 1385.0  0.1130442  0.8668070  0.0308143
 1385.0 1387.0  0.1126122  0.8648493  0.0307687
 1387.0 1388.9  0.1121576  0.8627886  0.0307207
 1388.9 1390.8  0.1117256  0.8608308  0.0306751
 1390.8 1392.8  0.1112937  0.8588731  0.0306295
 1392.8 1394.7  0.1108391  0.8568124  0.0305815
 1394.7 1396.6  0.1104072  0.8548548  0.0305359
 1396.6 1398.6  0.1099752  0.8528970  0.0304903
 1398.6 1400.6  0.1095206  0.8508363  0.0304423
 1400.6 1402.5  0.1090759  0.8488107  0.0303948
 1402.5 1404.5  0.1086757  0.8469641  0.0303506
 1404.5 1406.5  0.1082544  0.8450203  0.0303041
 1406.5 1408.5  0.1078332  0.8430765  0.0302577
 1408.5 1410.4  0.1074119  0.8411328  0.0302112
 1410.4 1412.4  0.1070117  0.8392861  0.0301670
 1412.4 1414.4  0.1065904  0.8373424  0.0301206
 1414.4 1416.4  0.1061691  0.8353986  0.0300741
 1416.4 1418.4  0.1057478  0.8334548  0.0300276
 1418.4 1420.5  0.1053266  0.8315110  0.0299812
 1420.5 1422.5  0.1048842  0.8294701  0.0299324
 1422.5 1424.5  0.1044629  0.8275263  0.0298859
 1424.5 1426.5  0.1040417  0.8255826  0.0298394
 1426.5 1428.6  0.1036204  0.8236388  0.0297929
 1428.6 1430.6  0.1031781  0.8215978  0.0297442
 1430.6 1432.7  0.1027568  0.8196540  0.0296977
 1432.7 1434.7  0.1023144  0.8176131  0.0296489
 1434.7 1436.8  0.1018932  0.8156694  0.0296024
 1436.8 1438.8  0.1014508  0.8136283  0.0295536
 1438.8 1440.9  0.1010295  0.8116845  0.0295071
 1440.9 1443.0  0.1005872  0.8096436  0.0294583
 1443.0 1445.1  0.1001449  0.8076026  0.0294096
 1445.1 1447.2  0.0997025  0.8055617  0.0293608
 1447.2 1449.3  0.0992602  0.8035207  0.0293120
 1449.3 1451.4  0.0988178  0.8014797  0.0292632
 1451.4 1453.5  0.0984003  0.7995241  0.0292155
 1453.5 1455.6  0.0979951  0.7976113  0.0291683
 1455.6 1457.7  0.0975898  0.7956984  0.0291212
 1457.7 1459.9  0.0971846  0.7937856  0.0290741
 1459.9 1462.0  0.0967601  0.7917815  0.0290247
 1462.0 1464.1  0.0963549  0.7898687  0.0289775
 1464.1 1466.3  0.0959497  0.7879558  0.0289304
 1466.3 1468.4  0.0955252  0.7859518  0.0288810
 1468.4 1470.6  0.0951200  0.7840389  0.0288339
 1470.6 1472.8  0.0946955  0.7820350  0.0287845
 1472.8 1474.9  0.0942710  0.7800310  0.0287351
 1474.9 1477.1  0.0938657  0.7781181  0.0286879
 1477.1 1479.3  0.0934412  0.7761142  0.0286386
 1479.3 1481.5  0.0930167  0.7741101  0.0285892
 1481.5 1483.7  0.0925922  0.7721062  0.0285398
 1483.7 1485.9  0.0921677  0.7701023  0.0284904
 1485.9 1488.1  0.0917432  0.7680982  0.0284410
 1488.1 1490.3  0.0913187  0.7660943  0.0283916
 1490.3 1492.5  0.0908942  0.7640903  0.0283422
 1492.5 1494.8  0.0904697  0.7620863  0.0282929
 1494.8 1497.0  0.0900259  0.7599912  0.0282412
 1497.0 1499.3  0.0896014  0.7579873  0.0281918
 1499.3 1501.5  0.0891576  0.7558922  0.0281402
 1501.5 1503.8  0.0887613  0.7539842  0.0280921
 1503.8 1506.0  0.0883607  0.7520363  0.0280423
 1506.0 1508.3  0.0879776  0.7501731  0.0279947
 1508.3 1510.6  0.0875770  0.7482252  0.0279450
 1510.6 1512.9  0.0871765  0.7462773  0.0278953
 1512.9 1515.2  0.0867759  0.7443293  0.0278455
 1515.2 1517.5  0.0863754  0.7423815  0.0277958
 1517.5 1519.8  0.0859748  0.7404335  0.0277460
 1519.8 1522.1  0.0855743  0.7384855  0.0276963
 1522.1 1524.4  0.0851737  0.7365376  0.0276466
 1524.4 1526.7  0.0847732  0.7345897  0.0275968
 1526.7 1529.1  0.0843726  0.7326418  0.0275471
 1529.1 1531.4  0.0839547  0.7306092  0.0274952
 1531.4 1533.7  0.0835541  0.7286612  0.0274454
 1533.7 1536.1  0.0831536  0.7267134  0.0273957
 1536.1 1538.5  0.0827356  0.7246807  0.0273438
 1538.5 1540.8  0.0823176  0.7226481  0.0272919
 1540.8 1543.2  0.0819171  0.7207001  0.0272422
 1543.2 1545.6  0.0814991  0.7186676  0.0271903
 1545.6 1548.0  0.0810812  0.7166350  0.0271384
 1548.0 1550.4  0.0806632  0.7146024  0.0270865
 1550.4 1552.8  0.0802533  0.7125967  0.0270349
 1552.8 1555.2  0.0798834  0.7107258  0.0269850
 1555.2 1557.6  0.0795136  0.7088550  0.0269352
 1557.6 1560.1  0.0791438  0.7069842  0.0268853
 1560.1 1562.5  0.0787586  0.7050354  0.0268334
 1562.5 1564.9  0.0783888  0.7031645  0.0267836
 1564.9 1567.4  0.0780190  0.7012936  0.0267337
 1567.4 1569.9  0.0776338  0.6993449  0.0266818
 1569.9 1572.3  0.0772485  0.6973961  0.0266299
 1572.3 1574.8  0.0768787  0.6955252  0.0265800
 1574.8 1577.3  0.0764935  0.6935764  0.0265281
 1577.3 1579.8  0.0761083  0.6916276  0.0264762
 1579.8 1582.3  0.0757231  0.6896788  0.0264243
 1582.3 1584.8  0.0753378  0.6877300  0.0263723
 1584.8 1587.3  0.0749526  0.6857812  0.0263204
 1587.3 1589.8  0.0745674  0.6838325  0.0262685
 1589.8 1592.4  0.0741822  0.6818836  0.0262166
 1592.4 1594.9  0.0737816  0.6798570  0.0261626
 1594.9 1597.4  0.0733963  0.6779081  0.0261106
 1597.4 1600.0  0.0730111  0.6759593  0.0260587
 1600.0 1602.6  0.0726105  0.6739326  0.0260047
 1602.6 1605.1  0.0722633  0.6720848  0.0259530
 1605.1 1607.7  0.0719295  0.6703081  0.0259032
 1607.7 1610.3  0.0715824  0.6684603  0.0258515
 1610.3 1612.9  0.0712352  0.6666124  0.0257998
 1612.9 1615.5  0.0708880  0.6647646  0.0257480
 1615.5 1618.1  0.0705408  0.6629168  0.0256963
 1618.1 1620.7  0.0701937  0.6610690  0.0256446
 1620.7 1623.4  0.0698465  0.6592213  0.0255929
 1623.4 1626.0  0.0694860  0.6573023  0.0255391
 1626.0 1628.7  0.0691388  0.6554546  0.0254874
 1628.7 1631.3  0.0687783  0.6535357  0.0254337
 1631.3 1634.0  0.0684311  0.6516878  0.0253820
 1634.0 1636.7  0.0680706  0.6497690  0.0253282
 1636.7 1639.3  0.0677101  0.6478502  0.0252745
 1639.3 1642.0  0.0673629  0.6460023  0.0252228
 1642.0 1644.7  0.0670024  0.6440834  0.0251691
 1644.7 1647.4  0.0666419  0.6421646  0.0251154
 1647.4 1650.2  0.0662814  0.6402457  0.0250616
 1650.2 1652.9  0.0659113  0.6382688  0.0250061
 1652.9 1655.6  0.0656024  0.6365252  0.0249546
 1655.6 1658.4  0.0652935  0.6347817  0.0249031
 1658.4 1661.1  0.0649732  0.6329735  0.0248497
 1661.1 1663.9  0.0646643  0.6312299  0.0247983
 1663.9 1666.7  0.0643439  0.6294218  0.0247449
 1666.7 1669.4  0.0640236  0.6276137  0.0246915
 1669.4 1672.2  0.0637146  0.6258701  0.0246400
 1672.2 1675.0  0.0633943  0.6240621  0.0245866
 1675.0 1677.9  0.0630740  0.6222539  0.0245332
 1677.9 1680.7  0.0627422  0.6203812  0.0244780
 1680.7 1683.5  0.0624218  0.6185731  0.0244246
 1683.5 1686.3  0.0621015  0.6167650  0.0243712
 1686.3 1689.2  0.0617811  0.6149568  0.0243178
 1689.2 1692.0  0.0614493  0.6130841  0.0242625
 1692.0 1694.9  0.0611290  0.6112760  0.0242091
 1694.9 1697.8  0.0607972  0.6094033  0.0241538
 1697.8 1700.7  0.0604654  0.6075305  0.0240985
 1700.7 1703.6  0.0601647  0.6058208  0.0240477
 1703.6 1706.5  0.0599619  0.6046229  0.0240110
 1706.5 1709.4  0.0597591  0.6034250  0.0239742
 1709.4 1712.3  0.0595563  0.6022271  0.0239374
 1712.3 1715.3  0.0593535  0.6010292  0.0239006
 1715.3 1718.2  0.0591437  0.5997900  0.0238626
 1718.2 1721.2  0.0589410  0.5985922  0.0238258
 1721.2 1724.1  0.0587312  0.5973530  0.0237878
 1724.1 1727.1  0.0585284  0.5961550  0.0237510
 1727.1 1730.1  0.0583186  0.5949159  0.0237130
 1730.1 1733.1  0.0581088  0.5936767  0.0236749
 1733.1 1736.1  0.0578990  0.5924375  0.0236369
 1736.1 1739.1  0.0576892  0.5911983  0.0235989
 1739.1 1742.2  0.0574794  0.5899591  0.0235608
 1742.2 1745.2  0.0572626  0.5886786  0.0235215
 1745.2 1748.3  0.0570528  0.5874394  0.0234835
 1748.3 1751.3  0.0568360  0.5861589  0.0234442
 1751.3 1754.4  0.0566262  0.5849197  0.0234061
 1754.4 1757.5  0.0564007  0.5835782  0.0233647
 1757.5 1760.6  0.0561166  0.5818248  0.0233089
 1760.6 1763.7  0.0558325  0.5800713  0.0232530
 1763.7 1766.8  0.0555484  0.5783179  0.0231972
 1766.8 1769.9  0.0552643  0.5765644  0.0231413
 1769.9 1773.0  0.0549802  0.5748110  0.0230855
 1773.0 1776.2  0.0547093  0.5731062  0.0230303
 1776.2 1779.4  0.0544301  0.5713482  0.0229733
 1779.4 1782.5  0.0541510  0.5695900  0.0229164
 1782.5 1785.7  0.0538805  0.5678868  0.0228612
 1785.7 1788.9  0.0536014  0.5661288  0.0228042
 1788.9 1792.1  0.0533342  0.5644157  0.0227479
 1792.1 1795.3  0.0530684  0.5627073  0.0226917
 1795.3 1798.6  0.0528025  0.5609989  0.0226354
 1798.6 1801.8  0.0525283  0.5592371  0.0225774
 1801.8 1805.1  0.0522624  0.5575287  0.0225211
 1805.1 1808.3  0.0519930  0.5557642  0.0224621
 1808.3 1811.6  0.0517321  0.5540529  0.0224047
 1811.6 1814.9  0.0514630  0.5522884  0.0223456
 1814.9 1818.2  0.0511940  0.5505236  0.0222865
 1818.2 1821.5  0.0509261  0.5487652  0.0222276
 1821.5 1824.8  0.0506776  0.5471023  0.0221709
 1824.8 1828.2  0.0504291  0.5454394  0.0221142
 1828.2 1831.5  0.0501730  0.5437262  0.0220559
 1831.5 1834.9  0.0499245  0.5420634  0.0219992
 1834.9 1838.2  0.0496684  0.5403501  0.0219408
 1838.2 1841.6  0.0494314  0.5387333  0.0218848
 1841.6 1845.0  0.0491876  0.5370690  0.0218271
 1845.0 1848.4  0.0489438  0.5354046  0.0217695
 1848.4 1851.9  0.0487000  0.5337403  0.0217118
 1851.9 1855.3  0.0484490  0.5320270  0.0216524
 1855.3 1858.7  0.0482098  0.5303631  0.0215938
 1858.7 1862.2  0.0479708  0.5286992  0.0215351
 1862.2 1865.7  0.0477247  0.5269864  0.0214747
 1865.7 1869.2  0.0474786  0.5252735  0.0214143
 1869.2 1872.7  0.0472336  0.5235661  0.0213541
 1872.7 1876.2  0.0470055  0.5219489  0.0212961
 1876.2 1879.7  0.0467774  0.5203317  0.0212381
 1879.7 1883.2  0.0465493  0.5187145  0.0211801
 1883.2 1886.8  0.0463212  0.5170974  0.0211221
 1886.8 1890.4  0.0460866  0.5154339  0.0210624
 1890.4 1893.9  0.0458620  0.5138147  0.0210034
 1893.9 1897.5  0.0456442  0.5122431  0.0209461
 1897.5 1901.1  0.0454201  0.5106266  0.0208872
 1901.1 1904.8  0.0451961  0.5090100  0.0208283
 1904.8 1908.4  0.0449658  0.5073485  0.0207677
 1908.4 1912.0  0.0447453  0.5057335  0.0207078
 1912.0 1915.7  0.0445250  0.5041186  0.0206480
 1915.7 1919.4  0.0442986  0.5024588  0.0205864
 1919.4 1923.1  0.0440722  0.5007990  0.0205249
 1923.1 1926.8  0.0438462  0.4991416  0.0204634
 1926.8 1930.5  0.0436347  0.4975705  0.0204042
 1930.5 1934.2  0.0434233  0.4959993  0.0203450
 1934.2 1938.0  0.0432119  0.4944281  0.0202858
 1938.0 1941.7  0.0429947  0.4928145  0.0202250
 1941.7 1945.5  0.0427832  0.4912433  0.0201658
 1945.5 1949.3  0.0425736  0.4896694  0.0201056
 1949.3 1953.1  0.0423646  0.4880989  0.0200455
 1953.1 1956.9  0.0421555  0.4865285  0.0199854
 1956.9 1960.8  0.0419465  0.4849581  0.0199253
 1960.8 1964.6  0.0417320  0.4833463  0.0198636
 1964.6 1968.5  0.0415249  0.4817775  0.0198026
 1968.5 1972.4  0.0413124  0.4801676  0.0197401
 1972.4 1976.3  0.0411000  0.4785576  0.0196775
 1976.3 1980.2  0.0408875  0.4769477  0.0196150
 1980.2 1984.1  0.0406757  0.4753420  0.0195525
 1984.1 1988.1  0.0404757  0.4738155  0.0194923
 1988.1 1992.0  0.0402705  0.4722499  0.0194305
 1992.0 1996.0  0.0400705  0.4707234  0.0193703
 1996.0 2000.0  0.0398653  0.4691577  0.0193085
 2000.0 2004.0  0.0396601  0.4675921  0.0192467
 2004.0 2008.0  0.0394570  0.4660333  0.0191842
 2008.0 2012.1  0.0392539  0.4644746  0.0191218
 2012.1 2016.1  0.0390457  0.4628769  0.0190578
 2016.1 2020.2  0.0388426  0.4613182  0.0189953
 2020.2 2024.3  0.0386350  0.4597246  0.0189314
 2024.3 2028.4  0.0384386  0.4582114  0.0188699
 2028.4 2032.5  0.0382422  0.4566983  0.0188083
 2032.5 2036.7  0.0380458  0.4551851  0.0187468
 2036.7 2040.8  0.0378447  0.4536351  0.0186837
 2040.8 2045.0  0.0376483  0.4521219  0.0186222
 2045.0 2049.2  0.0374534  0.4506170  0.0185601
 2049.2 2053.4  0.0372588  0.4491144  0.0184981
 2053.4 2057.6  0.0370642  0.4476117  0.0184360
 2057.6 2061.9  0.0368696  0.4461090  0.0183740
 2061.9 2066.1  0.0366703  0.4445706  0.0183105
 2066.1 2070.4  0.0364774  0.4430811  0.0182481
 2070.4 2074.7  0.0362799  0.4415565  0.0181842
 2074.7 2079.0  0.0360825  0.4400319  0.0181203
 2079.0 2083.3  0.0358850  0.4385073  0.0180564
 2083.3 2087.7  0.0356880  0.4369864  0.0179926
 2087.7 2092.1  0.0354923  0.4354805  0.0179286
 2092.1 2096.4  0.0352967  0.4339744  0.0178645
 2096.4 2100.8  0.0351056  0.4325028  0.0178019
 2100.8 2105.3  0.0349099  0.4309968  0.0177378
 2105.3 2109.7  0.0347105  0.4294624  0.0176725
 2109.7 2114.2  0.0345250  0.4280421  0.0176112
 2114.2 2118.6  0.0343352  0.4265895  0.0175485
 2118.6 2123.1  0.0341496  0.4251691  0.0174872
 2123.1 2127.7  0.0339598  0.4237165  0.0174245
 2127.7 2132.2  0.0337658  0.4222316  0.0173604
 2132.2 2136.8  0.0335809  0.4208297  0.0172990
 2136.8 2141.3  0.0333924  0.4194003  0.0172364
 2141.3 2145.9  0.0332079  0.4180020  0.0171751
 2145.9 2150.5  0.0330194  0.4165727  0.0171125
 2150.5 2155.2  0.0328308  0.4151433  0.0170499
 2155.2 2159.8  0.0326319  0.4136551  0.0169838
 2159.8 2164.5  0.0324365  0.4121953  0.0169189
 2164.5 2169.2  0.0322369  0.4107039  0.0168526
 2169.2 2173.9  0.0320373  0.4092124  0.0167862
 2173.9 2178.6  0.0318376  0.4077210  0.0167199
 2178.6 2183.4  0.0316679  0.4064742  0.0166637
 2183.4 2188.2  0.0314953  0.4052065  0.0166065
 2188.2 2193.0  0.0313226  0.4039387  0.0165494
 2193.0 2197.8  0.0311499  0.4026709  0.0164922
 2197.8 2202.6  0.0309772  0.4014032  0.0164350
 2202.6 2207.5  0.0307923  0.4000645  0.0163741
 2207.5 2212.4  0.0305929  0.3986368  0.0163088
 2212.4 2217.3  0.0303935  0.3972092  0.0162435
 2217.3 2222.2  0.0301941  0.3957814  0.0161782
 2222.2 2227.2  0.0299952  0.3943590  0.0161130
 2227.2 2232.1  0.0298043  0.3930321  0.0160515
 2232.1 2237.1  0.0296173  0.3917318  0.0159911
 2237.1 2242.2  0.0294264  0.3904050  0.0159296
 2242.2 2247.2  0.0292317  0.3890516  0.0158668
 2247.2 2252.3  0.0290411  0.3877286  0.0158054
 2252.3 2257.3  0.0288532  0.3864704  0.0157462
 2257.3 2262.4  0.0286689  0.3852369  0.0156881
 2262.4 2267.6  0.0284810  0.3839789  0.0156289
 2267.6 2272.7  0.0282893  0.3826960  0.0155686
 2272.7 2277.9  0.0281014  0.3814379  0.0155094
 2277.9 2283.1  0.0279084  0.3802023  0.0154505
 2283.1 2288.3  0.0277154  0.3789695  0.0153917
 2288.3 2293.6  0.0275223  0.3777367  0.0153328
 2293.6 2298.9  0.0273256  0.3764803  0.0152729
 2298.9 2304.1  0.0271288  0.3752238  0.0152129
 2304.1 2309.5  0.0269407  0.3740864  0.0151579
 2309.5 2314.8  0.0267454  0.3729073  0.0151008
 2314.8 2320.2  0.0265537  0.3717499  0.0150448
 2320.2 2325.6  0.0263584  0.3705707  0.0149878
 2325.6 2331.0  0.0261632  0.3693915  0.0149307
 2331.0 2336.4  0.0259651  0.3682683  0.0148757
 2336.4 2341.9  0.0257668  0.3671494  0.0148208
 2341.9 2347.4  0.0255648  0.3660099  0.0147649
 2347.4 2352.9  0.0253628  0.3648703  0.0147090
 2352.9 2358.5  0.0251608  0.3637307  0.0146531
 2358.5 2364.1  0.0249551  0.3626533  0.0145998
 2364.1 2369.7  0.0247494  0.3615775  0.0145465
 2369.7 2375.3  0.0245438  0.3605016  0.0144932
 2375.3 2381.0  0.0243381  0.3594258  0.0144399
 2381.0 2386.6  0.0241288  0.3583307  0.0143857
 2386.6 2392.3  0.0239279  0.3573279  0.0143371
 2392.3 2398.1  0.0237234  0.3563073  0.0142876
 2398.1 2403.8  0.0235153  0.3552687  0.0142372
 2403.8 2409.6  0.0233108  0.3542481  0.0141877
 2409.6 2415.5  0.0231026  0.3532095  0.0141374
 2415.5 2421.3  0.0228924  0.3521307  0.0140893
 2421.3 2427.2  0.0226858  0.3510686  0.0140423
 2427.2 2433.1  0.0224757  0.3499882  0.0139944
 2433.1 2439.0  0.0222655  0.3489077  0.0139465
 2439.0 2445.0  0.0220554  0.3478273  0.0138987
 2445.0 2451.0  0.0218520  0.3466445  0.0138546
 2451.0 2457.0  0.0216485  0.3454616  0.0138105
 2457.0 2463.1  0.0214451  0.3442788  0.0137665
 2463.1 2469.1  0.0212382  0.3430763  0.0137216
 2469.1 2475.2  0.0210351  0.3418906  0.0136776
 2475.2 2481.4  0.0208442  0.3405153  0.0136378
 2481.4 2487.6  0.0206502  0.3391173  0.0135972
 2487.6 2493.8  0.0204563  0.3377193  0.0135567
 2493.8 2500.0  0.0202623  0.3363213  0.0135161
 2500.0 2506.3  0.0200683  0.3349234  0.0134756
 2506.3 2512.6  0.0198962  0.3332567  0.0134403
 2512.6 2518.9  0.0197241  0.3315899  0.0134050
 2518.9 2525.3  0.0195520  0.3299232  0.0133697
 2525.3 2531.6  0.0193771  0.3282300  0.0133338
 2531.6 2538.1  0.0192050  0.3265633  0.0132985
 2538.1 2544.5  0.0190528  0.3244513  0.0132671
 2544.5 2551.0  0.0189046  0.3223465  0.0132365
 2551.0 2557.5  0.0187541  0.3202088  0.0132054
 2557.5 2564.1  0.0186036  0.3180710  0.0131743
 2564.1 2570.7  0.0184513  0.3158919  0.0131428
 2570.7 2577.3  0.0183350  0.3131620  0.0131173
 2577.3 2584.0  0.0182186  0.3104320  0.0130918
 2584.0 2590.7  0.0181005  0.3076606  0.0130659
 2590.7 2597.4  0.0179824  0.3048893  0.0130400
 2597.4 2604.2  0.0178672  0.3020853  0.0130145
 2604.2 2611.0  0.0177966  0.2987168  0.0129957
 2611.0 2617.8  0.0177261  0.2953482  0.0129770
 2617.8 2624.7  0.0176556  0.2919797  0.0129583
 2624.7 2631.6  0.0175841  0.2885617  0.0129392
 2631.6 2638.5  0.0175125  0.2851436  0.0129202
 2638.5 2645.5  0.0174886  0.2810367  0.0129072
 2645.5 2652.5  0.0174673  0.2768273  0.0128943
 2652.5 2659.6  0.0174460  0.2726178  0.0128815
 2659.6 2666.7  0.0174244  0.2683482  0.0128685
 2666.7 2673.8  0.0174028  0.2640787  0.0128555
 2673.8 2681.0  0.0174289  0.2592760  0.0128473
 2681.0 2688.2  0.0174576  0.2543819  0.0128393
 2688.2 2695.4  0.0174862  0.2494878  0.0128313
 2695.4 2702.7  0.0175148  0.2445937  0.0128233
 2702.7 2710.0  0.0175438  0.2396315  0.0128152
 2710.0 2717.4  0.0176175  0.2343065  0.0128102
 2717.4 2724.8  0.0176941  0.2288928  0.0128052
 2724.8 2732.2  0.0177707  0.2234790  0.0128002
 2732.2 2739.7  0.0178473  0.2180653  0.0127952
 2739.7 2747.3  0.0179249  0.2125784  0.0127902
 2747.3 2754.8  0.0180451  0.2068492  0.0127860
 2754.8 2762.4  0.0181653  0.2011885  0.0127819
 2762.4 2770.1  0.0182872  0.1954525  0.0127777
 2770.1 2777.8  0.0184107  0.1896408  0.0127735
 2777.8 2785.5  0.0185342  0.1838292  0.0127693
 2785.5 2793.3  0.0186949  0.1780760  0.0127635
 2793.3 2801.1  0.0188587  0.1722495  0.0127576
 2801.1 2809.0  0.0190224  0.1664231  0.0127517
 2809.0 2816.9  0.0191883  0.1605220  0.0127458
 2816.9 2824.9  0.0193542  0.1546210  0.0127398
 2824.9 2832.9  0.0195581  0.1489086  0.0127290
 2832.9 2840.9  0.0197625  0.1431995  0.0127181
 2840.9 2849.0  0.0199668  0.1374905  0.0127073
 2849.0 2857.1  0.0201737  0.1317100  0.0126963
 2857.1 2865.3  0.0203809  0.1259390  0.0126852
 2865.3 2873.6  0.0206126  0.1208581  0.0126665
 2873.6 2881.8  0.0208471  0.1157152  0.0126476
 2881.8 2890.2  0.0210788  0.1106344  0.0126289
 2890.2 2898.6  0.0213162  0.1054296  0.0126098
 2898.6 2907.0  0.0215535  0.1002247  0.0125906
 2907.0 2915.5  0.0218169  0.0958529  0.0125597
 2915.5 2924.0  0.0220847  0.0914711  0.0125278
 2924.0 2932.6  0.0223525  0.0870893  0.0124959
 2932.6 2941.2  0.0226235  0.0826559  0.0124636
 2941.2 2949.9  0.0228947  0.0782506  0.0124310
 2949.9 2958.6  0.0231785  0.0749814  0.0123854
 2958.6 2967.4  0.0234622  0.0717122  0.0123397
 2967.4 2976.2  0.0237493  0.0684055  0.0122934
 2976.2 2985.1  0.0240363  0.0650988  0.0122472
 2985.1 2994.0  0.0243266  0.0617665  0.0122003
 2994.0 3003.0  0.0246226  0.0594975  0.0121408
 3003.0 3012.0  0.0249219  0.0572030  0.0120806
 3012.0 3021.1  0.0252213  0.0549086  0.0120203
 3021.1 3030.3  0.0255239  0.0525886  0.0119595
 3030.3 3039.5  0.0258294  0.0502737  0.0118976
 3039.5 3048.8  0.0261220  0.0488659  0.0118275
 3048.8 3058.1  0.0264178  0.0474427  0.0117566
 3058.1 3067.5  0.0267135  0.0460196  0.0116857
 3067.5 3076.9  0.0270125  0.0445811  0.0116140
 3076.9 3086.4  0.0273114  0.0431427  0.0115424
 3086.4 3096.0  0.0275918  0.0423836  0.0114631
 3096.0 3105.6  0.0278749  0.0416239  0.0113829
 3105.6 3115.3  0.0281581  0.0408643  0.0113027
 3115.3 3125.0  0.0284441  0.0400967  0.0112217
 3125.0 3134.8  0.0287302  0.0393292  0.0111407
 3134.8 3144.7  0.0289727  0.0390199  0.0110582
 3144.7 3154.6  0.0292177  0.0387074  0.0109749
 3154.6 3164.6  0.0294626  0.0383949  0.0108916
 3164.6 3174.6  0.0297101  0.0380793  0.0108075
 3174.6 3184.7  0.0299575  0.0377636  0.0107234
 3184.7 3194.9  0.0301507  0.0376158  0.0106402
 3194.9 3205.1  0.0303434  0.0374736  0.0105563
 3205.1 3215.4  0.0305362  0.0373313  0.0104724
 3215.4 3225.8  0.0307308  0.0371877  0.0103877
 3225.8 3236.2  0.0309216  0.0370376  0.0103025
 3236.2 3246.8  0.0310444  0.0368251  0.0102226
 3246.8 3257.3  0.0311696  0.0366086  0.0101411
 3257.3 3268.0  0.0312935  0.0363941  0.0100603
 3268.0 3278.7  0.0314199  0.0361755  0.0099780
 3278.7 3289.5  0.0315200  0.0359043  0.0098981
 3289.5 3300.3  0.0315711  0.0355300  0.0098218
 3300.3 3311.3  0.0316221  0.0351558  0.0097456
 3311.3 3322.3  0.0316741  0.0347746  0.0096679
 3322.3 3333.3  0.0317261  0.0343934  0.0095903
 3333.3 3344.5  0.0317273  0.0339305  0.0095171
 3344.5 3355.7  0.0317116  0.0334321  0.0094441
 3355.7 3367.0  0.0316959  0.0329337  0.0093710
 3367.0 3378.4  0.0316801  0.0324309  0.0092974
 3378.4 3389.8  0.0316551  0.0319510  0.0092295
 3389.8 3401.4  0.0316088  0.0315354  0.0091766
 3401.4 3413.0  0.0315618  0.0311125  0.0091229
 3413.0 3424.7  0.0315147  0.0306896  0.0090692
 3424.7 3436.4  0.0314672  0.0302631  0.0090150
 3436.4 3448.3  0.0311380  0.0289506  0.0088510
 3448.3 3460.2  0.0307956  0.0275919  0.0086813
 3460.2 3472.2  0.0305955  0.0270362  0.0086014
 3472.2 3484.3  0.0304176  0.0266107  0.0085358
 3484.3 3496.5  0.0302382  0.0261817  0.0084697
 3496.5 3508.8  0.0300573  0.0257492  0.0084031
 3508.8 3521.1  0.0298750  0.0253131  0.0083359
 3521.1 3533.6  0.0296926  0.0248770  0.0082687
 3533.6 3546.1  0.0295073  0.0244338  0.0082004
 3546.1 3558.7  0.0293220  0.0239907  0.0081321
 3558.7 3571.4  0.0291070  0.0236817  0.0080662
 3571.4 3584.2  0.0288776  0.0234326  0.0080011
 3584.2 3597.1  0.0286464  0.0231815  0.0079356
 3597.1 3610.1  0.0284133  0.0229285  0.0078695
 3610.1 3623.2  0.0281785  0.0226735  0.0078028
 3623.2 3636.4  0.0279418  0.0224165  0.0077357
 3636.4 3649.6  0.0277034  0.0221576  0.0076681
 3649.6 3663.0  0.0274649  0.0218986  0.0076004
 3663.0 3676.5  0.0272200  0.0217513  0.0075365
 3676.5 3690.0  0.0269733  0.0216065  0.0074722
 3690.0 3703.7  0.0267265  0.0214617  0.0074079
 3703.7 3717.5  0.0264760  0.0213148  0.0073427
 3717.5 3731.3  0.0262237  0.0211667  0.0072770
 3731.3 3745.3  0.0259715  0.0210187  0.0072112
 3745.3 3759.4  0.0257155  0.0208685  0.0071446
 3759.4 3773.6  0.0254824  0.0207226  0.0070814
 3773.6 3787.9  0.0252599  0.0205782  0.0070197
 3787.9 3802.3  0.0250359  0.0204329  0.0069576
 3802.3 3816.8  0.0248103  0.0202865  0.0068950
 3816.8 3831.4  0.0245832  0.0201391  0.0068320
 3831.4 3846.2  0.0243545  0.0199908  0.0067686
 3846.2 3861.0  0.0241226  0.0198403  0.0067043
 3861.0 3876.0  0.0239355  0.0196504  0.0066448
 3876.0 3891.1  0.0237615  0.0194442  0.0065861
 3891.1 3906.2  0.0235864  0.0192365  0.0065271
 3906.2 3921.6  0.0234112  0.0190289  0.0064681
 3921.6 3937.0  0.0232326  0.0188171  0.0064078
 3937.0 3952.6  0.0230540  0.0186054  0.0063476
 3952.6 3968.3  0.0228826  0.0183850  0.0062877
 3968.3 3984.1  0.0227584  0.0181335  0.0062325
 3984.1 4000.0  0.0226333  0.0178804  0.0061769
 4000.0 4016.1  0.0225075  0.0176257  0.0061211
 4016.1 4032.3  0.0223800  0.0173679  0.0060645
 4032.3 4048.6  0.0222518  0.0171084  0.0060075
 4048.6 4065.0  0.0221228  0.0168473  0.0059502
 4065.0 4081.6  0.0220347  0.0165906  0.0058977
 4081.6 4098.4  0.0219494  0.0163314  0.0058450
 4098.4 4115.2  0.0218631  0.0160690  0.0057916
 4115.2 4132.2  0.0217768  0.0158067  0.0057383
 4132.2 4149.4  0.0216895  0.0155412  0.0056843
 4149.4 4166.7  0.0216012  0.0152726  0.0056297
 4166.7 4184.1  0.0215460  0.0150282  0.0055797
 4184.1 4201.7  0.0214918  0.0147833  0.0055296
 4201.7 4219.4  0.0214369  0.0145356  0.0054789
 4219.4 4237.3  0.0213817  0.0142865  0.0054279
 4237.3 4255.3  0.0213259  0.0140346  0.0053763
 4255.3 4273.5  0.0212771  0.0137891  0.0053258
 4273.5 4291.8  0.0212454  0.0135598  0.0052780
 4291.8 4310.3  0.0212135  0.0133292  0.0052299
 4310.3 4329.0  0.0211813  0.0130961  0.0051814
 4329.0 4347.8  0.0211488  0.0128605  0.0051322
 4347.8 4366.8  0.0211160  0.0126236  0.0050829
 4366.8 4386.0  0.0210973  0.0124057  0.0050367
 4386.0 4405.3  0.0210804  0.0121883  0.0049905
 4405.3 4424.8  0.0210633  0.0119698  0.0049440
 4424.8 4444.4  0.0210461  0.0117490  0.0048971
 4444.4 4464.3  0.0210288  0.0115271  0.0048500
 4464.3 4484.3  0.0210196  0.0113175  0.0048048
 4484.3 4504.5  0.0210137  0.0111131  0.0047605
 4504.5 4524.9  0.0210078  0.0109067  0.0047157
 4524.9 4545.5  0.0210018  0.0106981  0.0046704
 4545.5 4566.2  0.0209957  0.0104876  0.0046248
 4566.2 4587.2  0.0209980  0.0102913  0.0045815
 4587.2 4608.3  0.0210026  0.0100965  0.0045384
 4608.3 4629.6  0.0210072  0.0099007  0.0044951
 4629.6 4651.2  0.0210119  0.0097031  0.0044513
 4651.2 4672.9  0.0210172  0.0095036  0.0044071
 4672.9 4694.8  0.0210323  0.0093200  0.0043656
 4694.8 4717.0  0.0210475  0.0091346  0.0043237
 4717.0 4739.3  0.0210630  0.0089467  0.0042812
 4739.3 4761.9  0.0210785  0.0087580  0.0042386
 4761.9 4784.7  0.0210995  0.0085751  0.0041968
 4784.7 4807.7  0.0211255  0.0083983  0.0041560
 4807.7 4830.9  0.0211518  0.0082199  0.0041148
 4830.9 4854.4  0.0211783  0.0080399  0.0040732
 4854.4 4878.0  0.0212071  0.0078604  0.0040316
 4878.0 4902.0  0.0212443  0.0076921  0.0039919
 4902.0 4926.1  0.0212823  0.0075210  0.0039515
 4926.1 4950.5  0.0213203  0.0073491  0.0039109
 4950.5 4975.1  0.0213591  0.0071754  0.0038699
 4975.1 5000.0  0.0214088  0.0070139  0.0038309
 5000.0 5025.1  0.0214590  0.0068503  0.0037915
 5025.1 5050.5  0.0215097  0.0066855  0.0037517
 5050.5 5076.1  0.0215611  0.0065190  0.0037115
 5076.1 5102.0  0.0216245  0.0063641  0.0036732
 5102.0 5128.2  0.0216885  0.0062073  0.0036345
 5128.2 5154.6  0.0217534  0.0060488  0.0035953
 5154.6 5181.3  0.0218209  0.0058913  0.0035562
 5181.3 5208.3  0.0218999  0.0057428  0.0035186
 5208.3 5235.6  0.0219798  0.0055926  0.0034806
 5235.6 5263.2  0.0220605  0.0054408  0.0034421
 5263.2 5291.0  0.0221491  0.0052935  0.0034043
 5291.0 5319.1  0.0222461  0.0051520  0.0033674
 5319.1 5347.6  0.0223441  0.0050090  0.0033301
 5347.6 5376.3  0.0224435  0.0048639  0.0032923
 5376.3 5405.4  0.0225592  0.0047303  0.0032564
 5405.4 5434.8  0.0226779  0.0045960  0.0032202
 5434.8 5464.5  0.0227979  0.0044603  0.0031837
 5464.5 5494.5  0.0229288  0.0043303  0.0031480
 5494.5 5524.9  0.0230714  0.0042064  0.0031133
 5524.9 5555.6  0.0232158  0.0040810  0.0030781
 5555.6 5586.6  0.0233658  0.0039571  0.0030431
 5586.6 5618.0  0.0235361  0.0038447  0.0030100
 5618.0 5649.7  0.0237085  0.0037309  0.0029765
 5649.7 5681.8  0.0238826  0.0036160  0.0029427
 5681.8 5714.3  0.0240813  0.0035144  0.0029111
 5714.3 5747.1  0.0242827  0.0034117  0.0028791
 5747.1 5780.3  0.0244859  0.0033081  0.0028468
 5780.3 5814.0  0.0247097  0.0032149  0.0028161
 5814.0 5848.0  0.0249387  0.0031216  0.0027853
 5848.0 5882.4  0.0251696  0.0030273  0.0027541
 5882.4 5917.2  0.0254192  0.0029423  0.0027245
 5917.2 5952.4  0.0256726  0.0028569  0.0026946
 5952.4 5988.0  0.0259299  0.0027711  0.0026644
 5988.0 6024.1  0.0262033  0.0026930  0.0026355
 6024.1 6060.6  0.0264806  0.0026137  0.0026062
 6060.6 6097.6  0.0267643  0.0025357  0.0025769
 6097.6 6135.0  0.0270603  0.0024620  0.0025482
 6135.0 6172.8  0.0273595  0.0023875  0.0025191
 6172.8 6211.2  0.0276676  0.0023158  0.0024904
 6211.2 6250.0  0.0279844  0.0022453  0.0024617
 6250.0 6289.3  0.0283045  0.0021741  0.0024327
 6289.3 6329.1  0.0286362  0.0021065  0.0024041
 6329.1 6369.4  0.0289720  0.0020380  0.0023752
 6369.4 6410.3  0.0293147  0.0019702  0.0023462
 6410.3 6451.6  0.0296654  0.0019030  0.0023171
 6451.6 6493.5  0.0300196  0.0018352  0.0022877
 6493.5 6535.9  0.0303823  0.0017681  0.0022582
 6535.9 6578.9  0.0307493  0.0017002  0.0022284
 6578.9 6622.5  0.0311226  0.0016315  0.0021982
 6622.5 6666.7  0.0315015  0.0015619  0.0021676
 6666.7 6711.4  0.0318854  0.0014909  0.0021365
 6711.4 6756.8  0.0322734  0.0014183  0.0021050
 6756.8 6802.7  0.0326670  0.0013442  0.0020729
 6802.7 6849.3  0.0330627  0.0012669  0.0020402
 6849.3 6896.6  0.0334645  0.0011884  0.0020069
 6896.6 6944.4  0.0338688  0.0011051  0.0019726
 6944.4 6993.0  0.0342774  0.0010210  0.0019380
 6993.0 7042.3  0.0346913  0.0009328  0.0019023
 7042.3 7092.2  0.0351109  0.0008430  0.0018662
 7092.2 7142.9  0.0355364  0.0007509  0.0018295
 7142.9 7194.2  0.0359688  0.0006571  0.0017922
 7194.2 7246.4  0.0364098  0.0005622  0.0017546
 7246.4 7299.3  0.0368590  0.0004657  0.0017164
 7299.3 7352.9  0.0373210  0.0003692  0.0016783
 7352.9 7407.4  0.0377901  0.0002717  0.0016397
 7407.4 7462.7  0.0382775  0.0001757  0.0016012
 7462.7 7518.8  0.0387755  0.0000963  0.0015624
 7518.8 7575.8  0.0392924  0.0000772  0.0015241
 7575.8 7633.6  0.0398267  0.0001065  0.0014860
 7633.6 7692.3  0.0403794  0.0001958  0.0014482
 7692.3 7751.9  0.0409595  0.0002796  0.0014115
 7751.9 7812.5  0.0415567  0.0003615  0.0013750
 7812.5 7874.0  0.0421959  0.0004326  0.0013407
 7874.0 7936.5  0.0428605  0.0004985  0.0013073
 7936.5 8000.0  0.0435612  0.0005557  0.0012756
 8000.0 8064.5  0.0443133  0.0005979  0.0012471
 8064.5 8130.1  0.0451025  0.0006308  0.0012204
 8130.1 8196.7  0.0459545  0.0006447  0.0011977
 8196.7 8264.5  0.0468741  0.0006370  0.0011795
 8264.5 8333.3  0.0478543  0.0006117  0.0011650
 8333.3 8403.4  0.0489247  0.0005556  0.0011572
 8403.4 8474.6  0.0501049  0.0004625  0.0011574
 8474.6 8547.0  0.0513321  0.0003566  0.0011602
 8547.0 8620.7  0.0525800  0.0002489  0.0011630
 8620.7 8695.7  0.0538503  0.0001392  0.0011659
 8695.7 8771.9  0.0551430  0.0000276  0.0011688
 8771.9 8849.6  0.0564564 -0.0000858  0.0011718
 8849.6 8928.6  0.0577956 -0.0002014  0.0011748
 8928.6 9009.0  0.0591572 -0.0003190  0.0011779
 9009.0 9090.9  0.0605430 -0.0004386  0.0011810
 9090.9 9174.3  0.0619547 -0.0005605  0.0011842
 9174.3 9259.3  0.0633921 -0.0006846  0.0011874
 9259.3 9345.8  0.0648572 -0.0008110  0.0011908
 9345.8 9434.0  0.0663481 -0.0009398  0.0011941
 9434.0 9523.8  0.0678683 -0.0010710  0.0011976
 9523.8 9615.4  0.0694161 -0.0012046  0.0012011
 9615.4 9708.7  0.0709949 -0.0013409  0.0012047
 9708.7 9803.9  0.0726030 -0.0014797  0.0012083
 9803.9 9901.0  0.0742439 -0.0016214  0.0012120
 9901.0 9911.0  0.0759175 -0.0017659  0.0012158
