 1176.5 1177.9  0.3829177 25.5386448  0.9142479
 1177.9 1179.2  0.3826964 25.5581951  0.9142625
 1179.2 1180.6  0.3824909 25.5763474  0.9142760
 1180.6 1182.0  0.3822696 25.5958977  0.9142905
 1182.0 1183.4  0.3820482 25.6154480  0.9143051
 1183.4 1184.8  0.3818269 25.6349983  0.9143197
 1184.8 1186.2  0.3816056 25.6545486  0.9143342
 1186.2 1187.6  0.3813843 25.6740971  0.9143488
 1187.6 1189.1  0.3811630 25.6936474  0.9143634
 1189.1 1190.5  0.3809259 25.7145939  0.9143789
 1190.5 1191.9  0.3807046 25.7341423  0.9143935
 1191.9 1193.3  0.3804833 25.7536926  0.9144081
 1193.3 1194.7  0.3802620 25.7732430  0.9144226
 1194.7 1196.2  0.3800407 25.7927914  0.9144372
 1196.2 1197.6  0.3798035 25.8137379  0.9144528
 1197.6 1199.0  0.3795822 25.8332882  0.9144674
 1199.0 1200.5  0.3793609 25.8528385  0.9144819
 1200.5 1201.9  0.3791238 25.8737850  0.9144976
 1201.9 1203.4  0.3789025 25.8933353  0.9145121
 1203.4 1204.8  0.3786654 25.9142818  0.9145277
 1204.8 1206.3  0.3784441 25.9338303  0.9145423
 1206.3 1207.7  0.3782070 25.9547768  0.9145579
 1207.7 1209.2  0.3779857 25.9743252  0.9145724
 1209.2 1210.7  0.3777485 25.9952717  0.9145880
 1210.7 1212.1  0.3775114 26.0162182  0.9146037
 1212.1 1213.6  0.3772901 26.0357685  0.9146182
 1213.6 1215.1  0.3770530 26.0567150  0.9146338
 1215.1 1216.5  0.3768159 26.0776615  0.9146494
 1216.5 1218.0  0.3765946 26.0972118  0.9146640
 1218.0 1219.5  0.3763575 26.1181564  0.9146796
 1219.5 1221.0  0.3761203 26.1391029  0.9146952
 1221.0 1222.5  0.3758832 26.1600494  0.9147108
 1222.5 1224.0  0.3756461 26.1809959  0.9147264
 1224.0 1225.5  0.3754090 26.2019424  0.9147420
 1225.5 1227.0  0.3751719 26.2228889  0.9147576
 1227.0 1228.5  0.3749348 26.2438354  0.9147732
 1228.5 1230.0  0.3746976 26.2647800  0.9147888
 1230.0 1231.5  0.3744605 26.2857265  0.9148044
 1231.5 1233.0  0.3742234 26.3066730  0.9148200
 1233.0 1234.6  0.3739863 26.3276196  0.9148356
 1234.6 1236.1  0.3737334 26.3499622  0.9148523
 1236.1 1237.6  0.3734963 26.3709087  0.9148679
 1237.6 1239.2  0.3732591 26.3918552  0.9148835
 1239.2 1240.7  0.3730062 26.4141960  0.9149001
 1240.7 1242.2  0.3727691 26.4351425  0.9149157
 1242.2 1243.8  0.3725320 26.4560890  0.9149314
 1243.8 1245.3  0.3722790 26.4784336  0.9149480
 1245.3 1246.9  0.3720419 26.4993801  0.9149636
 1246.9 1248.4  0.3717890 26.5217209  0.9149802
 1248.4 1250.0  0.3715519 26.5426674  0.9149958
 1250.0 1251.6  0.3712990 26.5650101  0.9150125
 1251.6 1253.1  0.3710461 26.5873528  0.9150291
 1253.1 1254.7  0.3708089 26.6082993  0.9150447
 1254.7 1256.3  0.3705560 26.6306419  0.9150614
 1256.3 1257.9  0.3703031 26.6529846  0.9150780
 1257.9 1259.4  0.3700502 26.6753273  0.9150947
 1259.4 1261.0  0.3698130 26.6962738  0.9151102
 1261.0 1262.6  0.3695601 26.7186165  0.9151269
 1262.6 1264.2  0.3693072 26.7409592  0.9151435
 1264.2 1265.8  0.3690543 26.7632999  0.9151602
 1265.8 1267.4  0.3688013 26.7856445  0.9151768
 1267.4 1269.0  0.3685484 26.8079872  0.9151935
 1269.0 1270.6  0.3682955 26.8303299  0.9152101
 1270.6 1272.3  0.3680426 26.8526707  0.9152268
 1272.3 1273.9  0.3677738 26.8764114  0.9152445
 1273.9 1275.5  0.3675209 26.8987541  0.9152611
 1275.5 1277.1  0.3672680 26.9210968  0.9152777
 1277.1 1278.8  0.3670151 26.9434376  0.9152943
 1278.8 1280.4  0.3667463 26.9671783  0.9153121
 1280.4 1282.1  0.3664934 26.9895210  0.9153287
 1282.1 1283.7  0.3662247 27.0132599  0.9153464
 1283.7 1285.3  0.3659718 27.0356007  0.9153630
 1285.3 1287.0  0.3657188 27.0579453  0.9153797
 1287.0 1288.7  0.3654501 27.0816841  0.9153973
 1288.7 1290.3  0.3651814 27.1054230  0.9154150
 1290.3 1292.0  0.3649284 27.1277657  0.9154317
 1292.0 1293.7  0.3646597 27.1515045  0.9154494
 1293.7 1295.3  0.3643910 27.1752434  0.9154670
 1295.3 1297.0  0.3641380 27.1975861  0.9154837
 1297.0 1298.7  0.3638693 27.2213249  0.9155014
 1298.7 1300.4  0.3636006 27.2450638  0.9155191
 1300.4 1302.1  0.3633524 27.2670460  0.9155328
 1302.1 1303.8  0.3631707 27.2833118  0.9155338
 1303.8 1305.5  0.3629890 27.2995777  0.9155349
 1305.5 1307.2  0.3628073 27.3158455  0.9155359
 1307.2 1308.9  0.3626256 27.3321114  0.9155369
 1308.9 1310.6  0.3624440 27.3483772  0.9155378
 1310.6 1312.3  0.3622623 27.3646431  0.9155388
 1312.3 1314.1  0.3620806 27.3809109  0.9155399
 1314.1 1315.8  0.3618882 27.3981323  0.9155409
 1315.8 1317.5  0.3617066 27.4144001  0.9155419
 1317.5 1319.3  0.3615249 27.4306660  0.9155430
 1319.3 1321.0  0.3613325 27.4478893  0.9155440
 1321.0 1322.8  0.3611508 27.4641552  0.9155450
 1322.8 1324.5  0.3609585 27.4813805  0.9155461
 1324.5 1326.3  0.3607768 27.4976463  0.9155471
 1326.3 1328.0  0.3605844 27.5148697  0.9155481
 1328.0 1329.8  0.3604027 27.5311356  0.9155492
 1329.8 1331.6  0.3602104 27.5483589  0.9155502
 1331.6 1333.3  0.3600180 27.5655823  0.9155513
 1333.3 1335.1  0.3598363 27.5818481  0.9155523
 1335.1 1336.9  0.3596440 27.5990715  0.9155534
 1336.9 1338.7  0.3594516 27.6162949  0.9155545
 1338.7 1340.5  0.3592592 27.6335182  0.9155555
 1340.5 1342.3  0.3590669 27.6507416  0.9155566
 1342.3 1344.1  0.3588745 27.6679649  0.9155576
 1344.1 1345.9  0.3586821 27.6851883  0.9155587
 1345.9 1347.7  0.3584898 27.7024117  0.9155598
 1347.7 1349.5  0.3582974 27.7196331  0.9155608
 1349.5 1351.4  0.3581050 27.7368584  0.9155619
 1351.4 1353.2  0.3579145 27.7540054  0.9155571
 1353.2 1355.0  0.3577383 27.7698994  0.9155507
 1355.0 1356.9  0.3575621 27.7857952  0.9155442
 1356.9 1358.7  0.3573761 27.8025723  0.9155374
 1358.7 1360.5  0.3571999 27.8184662  0.9155309
 1360.5 1362.4  0.3570237 27.8343620  0.9155244
 1362.4 1364.3  0.3568376 27.8511410  0.9155176
 1364.3 1366.1  0.3566516 27.8679180  0.9155107
 1366.1 1368.0  0.3564754 27.8838120  0.9155042
 1368.0 1369.9  0.3562894 27.9005909  0.9154974
 1369.9 1371.7  0.3561034 27.9173698  0.9154905
 1371.7 1373.6  0.3559272 27.9332638  0.9154840
 1373.6 1375.5  0.3557412 27.9500408  0.9154772
 1375.5 1377.4  0.3555551 27.9668198  0.9154704
 1377.4 1379.3  0.3553691 27.9835968  0.9154635
 1379.3 1381.2  0.3551831 28.0003757  0.9154567
 1381.2 1383.1  0.3549971 28.0171528  0.9154498
 1383.1 1385.0  0.3548111 28.0339317  0.9154429
 1385.0 1387.0  0.3546251 28.0507088  0.9154361
 1387.0 1388.9  0.3544293 28.0683708  0.9154289
 1388.9 1390.8  0.3542433 28.0851479  0.9154221
 1390.8 1392.8  0.3540573 28.1019268  0.9154152
 1392.8 1394.7  0.3538615 28.1195869  0.9154080
 1394.7 1396.6  0.3536755 28.1363640  0.9154012
 1396.6 1398.6  0.3534895 28.1531429  0.9153943
 1398.6 1400.6  0.3532937 28.1708031  0.9153872
 1400.6 1402.5  0.3531030 28.1880360  0.9153777
 1402.5 1404.5  0.3529330 28.2034550  0.9153637
 1404.5 1406.5  0.3527541 28.2196865  0.9153491
 1406.5 1408.5  0.3525753 28.2359180  0.9153343
 1408.5 1410.4  0.3523964 28.2521496  0.9153197
 1410.4 1412.4  0.3522265 28.2675705  0.9153057
 1412.4 1414.4  0.3520477 28.2838020  0.9152911
 1414.4 1416.4  0.3518688 28.3000336  0.9152763
 1416.4 1418.4  0.3516899 28.3162632  0.9152617
 1418.4 1420.5  0.3515110 28.3324947  0.9152470
 1420.5 1422.5  0.3513232 28.3495388  0.9152316
 1422.5 1424.5  0.3511444 28.3657703  0.9152169
 1424.5 1426.5  0.3509655 28.3820019  0.9152022
 1426.5 1428.6  0.3507867 28.3982315  0.9151875
 1428.6 1430.6  0.3505988 28.4152756  0.9151721
 1430.6 1432.7  0.3504200 28.4315071  0.9151574
 1432.7 1434.7  0.3502322 28.4485493  0.9151420
 1434.7 1436.8  0.3500533 28.4647808  0.9151273
 1436.8 1438.8  0.3498655 28.4818249  0.9151119
 1438.8 1440.9  0.3496866 28.4980564  0.9150972
 1440.9 1443.0  0.3494988 28.5150986  0.9150818
 1443.0 1445.1  0.3493110 28.5321407  0.9150664
 1445.1 1447.2  0.3491232 28.5491848  0.9150510
 1447.2 1449.3  0.3489354 28.5662270  0.9150355
 1449.3 1451.4  0.3487476 28.5832710  0.9150201
 1451.4 1453.5  0.3485710 28.5993366  0.9150000
 1453.5 1455.6  0.3484001 28.6149158  0.9149777
 1455.6 1457.7  0.3482291 28.6304951  0.9149553
 1457.7 1459.9  0.3480582 28.6460743  0.9149328
 1459.9 1462.0  0.3478791 28.6623955  0.9149094
 1462.0 1464.1  0.3477081 28.6779747  0.9148870
 1464.1 1466.3  0.3475372 28.6935539  0.9148646
 1466.3 1468.4  0.3473581 28.7098751  0.9148411
 1468.4 1470.6  0.3471871 28.7254543  0.9148187
 1470.6 1472.8  0.3470080 28.7417736  0.9147953
 1472.8 1474.9  0.3468289 28.7580948  0.9147718
 1474.9 1477.1  0.3466580 28.7736740  0.9147494
 1477.1 1479.3  0.3464789 28.7899952  0.9147260
 1479.3 1481.5  0.3462998 28.8063164  0.9147025
 1481.5 1483.7  0.3461207 28.8226376  0.9146790
 1483.7 1485.9  0.3459416 28.8389568  0.9146556
 1485.9 1488.1  0.3457625 28.8552780  0.9146321
 1488.1 1490.3  0.3455834 28.8715992  0.9146086
 1490.3 1492.5  0.3454044 28.8879204  0.9145852
 1492.5 1494.8  0.3452252 28.9042416  0.9145617
 1494.8 1497.0  0.3450380 28.9213047  0.9145371
 1497.0 1499.3  0.3448589 28.9376259  0.9145137
 1499.3 1501.5  0.3446717 28.9546890  0.9144892
 1501.5 1503.8  0.3445041 28.9699821  0.9144613
 1503.8 1506.0  0.3443345 28.9854698  0.9144300
 1506.0 1508.3  0.3441722 29.0002823  0.9144002
 1508.3 1510.6  0.3440025 29.0157700  0.9143689
 1510.6 1512.9  0.3438329 29.0312576  0.9143376
 1512.9 1515.2  0.3436633 29.0467453  0.9143063
 1515.2 1517.5  0.3434936 29.0622330  0.9142751
 1517.5 1519.8  0.3433240 29.0777206  0.9142438
 1519.8 1522.1  0.3431544 29.0932083  0.9142126
 1522.1 1524.4  0.3429847 29.1086960  0.9141813
 1524.4 1526.7  0.3428151 29.1241837  0.9141501
 1526.7 1529.1  0.3426455 29.1396713  0.9141188
 1529.1 1531.4  0.3424685 29.1558323  0.9140862
 1531.4 1533.7  0.3422988 29.1713200  0.9140549
 1533.7 1536.1  0.3421292 29.1868057  0.9140236
 1536.1 1538.5  0.3419522 29.2029667  0.9139910
 1538.5 1540.8  0.3417752 29.2191277  0.9139584
 1540.8 1543.2  0.3416055 29.2346153  0.9139271
 1543.2 1545.6  0.3414285 29.2507763  0.9138945
 1545.6 1548.0  0.3412515 29.2669373  0.9138619
 1548.0 1550.4  0.3410745 29.2830982  0.9138293
 1550.4 1552.8  0.3409005 29.2989883  0.9137957
 1552.8 1555.2  0.3407410 29.3135223  0.9137568
 1555.2 1557.6  0.3405817 29.3280563  0.9137181
 1557.6 1560.1  0.3404223 29.3425903  0.9136794
 1560.1 1562.5  0.3402562 29.3577290  0.9136390
 1562.5 1564.9  0.3400968 29.3722630  0.9136002
 1564.9 1567.4  0.3399374 29.3867970  0.9135615
 1567.4 1569.9  0.3397714 29.4019356  0.9135211
 1569.9 1572.3  0.3396054 29.4170761  0.9134807
 1572.3 1574.8  0.3394460 29.4316101  0.9134420
 1574.8 1577.3  0.3392799 29.4467487  0.9134016
 1577.3 1579.8  0.3391139 29.4618893  0.9133612
 1579.8 1582.3  0.3389479 29.4770279  0.9133208
 1582.3 1584.8  0.3387818 29.4921665  0.9132805
 1584.8 1587.3  0.3386158 29.5073071  0.9132401
 1587.3 1589.8  0.3384498 29.5224457  0.9131997
 1589.8 1592.4  0.3382837 29.5375862  0.9131594
 1592.4 1594.9  0.3381110 29.5533295  0.9131173
 1594.9 1597.4  0.3379450 29.5684700  0.9130770
 1597.4 1600.0  0.3377790 29.5836086  0.9130366
 1600.0 1602.6  0.3376063 29.5993538  0.9129946
 1602.6 1605.1  0.3374525 29.6133347  0.9129462
 1605.1 1607.7  0.3373047 29.6267757  0.9128997
 1607.7 1610.3  0.3371509 29.6407566  0.9128514
 1610.3 1612.9  0.3369971 29.6547375  0.9128030
 1612.9 1615.5  0.3368433 29.6687183  0.9127546
 1615.5 1618.1  0.3366896 29.6826973  0.9127063
 1618.1 1620.7  0.3365358 29.6966782  0.9126579
 1620.7 1623.4  0.3363820 29.7106590  0.9126095
 1623.4 1626.0  0.3362223 29.7251759  0.9125593
 1626.0 1628.7  0.3360685 29.7391567  0.9125109
 1628.7 1631.3  0.3359089 29.7536755  0.9124607
 1631.3 1634.0  0.3357551 29.7676563  0.9124123
 1634.0 1636.7  0.3355954 29.7821732  0.9123620
 1636.7 1639.3  0.3354357 29.7966919  0.9123118
 1639.3 1642.0  0.3352819 29.8106728  0.9122635
 1642.0 1644.7  0.3351222 29.8251896  0.9122132
 1644.7 1647.4  0.3349625 29.8397083  0.9121630
 1647.4 1650.2  0.3348029 29.8542252  0.9121128
 1650.2 1652.9  0.3346388 29.8691425  0.9120601
 1652.9 1655.6  0.3344999 29.8817978  0.9120020
 1655.6 1658.4  0.3343610 29.8944492  0.9119439
 1658.4 1661.1  0.3342169 29.9075718  0.9118837
 1661.1 1663.9  0.3340780 29.9202251  0.9118255
 1663.9 1666.7  0.3339339 29.9333477  0.9117653
 1666.7 1669.4  0.3337898 29.9464703  0.9117051
 1669.4 1672.2  0.3336509 29.9591236  0.9116470
 1672.2 1675.0  0.3335068 29.9722462  0.9115868
 1675.0 1677.9  0.3333628 29.9853668  0.9115265
 1677.9 1680.7  0.3332135 29.9989586  0.9114641
 1680.7 1683.5  0.3330695 30.0120811  0.9114039
 1683.5 1686.3  0.3329254 30.0252037  0.9113436
 1686.3 1689.2  0.3327813 30.0383244  0.9112834
 1689.2 1692.0  0.3326321 30.0519161  0.9112210
 1692.0 1694.9  0.3324880 30.0650387  0.9111608
 1694.9 1697.8  0.3323388 30.0786285  0.9110984
 1697.8 1700.7  0.3321896 30.0922203  0.9110360
 1700.7 1703.6  0.3320546 30.1045341  0.9109771
 1703.6 1706.5  0.3319640 30.1128407  0.9109293
 1706.5 1709.4  0.3318736 30.1211472  0.9108815
 1709.4 1712.3  0.3317831 30.1294537  0.9108338
 1712.3 1715.3  0.3316926 30.1377602  0.9107860
 1715.3 1718.2  0.3315989 30.1463528  0.9107366
 1718.2 1721.2  0.3315085 30.1546593  0.9106888
 1721.2 1724.1  0.3314148 30.1632519  0.9106393
 1724.1 1727.1  0.3313243 30.1715584  0.9105915
 1727.1 1730.1  0.3312307 30.1801510  0.9105421
 1730.1 1733.1  0.3311371 30.1887436  0.9104927
 1733.1 1736.1  0.3310435 30.1973362  0.9104432
 1736.1 1739.1  0.3309499 30.2059288  0.9103938
 1739.1 1742.2  0.3308563 30.2145214  0.9103444
 1742.2 1745.2  0.3307595 30.2234001  0.9102933
 1745.2 1748.3  0.3306659 30.2319927  0.9102439
 1748.3 1751.3  0.3305691 30.2408714  0.9101928
 1751.3 1754.4  0.3304755 30.2494659  0.9101434
 1754.4 1757.5  0.3303755 30.2586727  0.9100882
 1757.5 1760.6  0.3302529 30.2701073  0.9100049
 1760.6 1763.7  0.3301303 30.2815399  0.9099215
 1763.7 1766.8  0.3300077 30.2929726  0.9098383
 1766.8 1769.9  0.3298852 30.3044052  0.9097549
 1769.9 1773.0  0.3297626 30.3158398  0.9096716
 1773.0 1776.2  0.3296489 30.3265648  0.9095838
 1776.2 1779.4  0.3295319 30.3376102  0.9094931
 1779.4 1782.5  0.3294149 30.3486576  0.9094023
 1782.5 1785.7  0.3293016 30.3593578  0.9093144
 1785.7 1788.9  0.3291846 30.3704052  0.9092236
 1788.9 1792.1  0.3290765 30.3807583  0.9091282
 1792.1 1795.3  0.3289693 30.3910389  0.9090323
 1795.3 1798.6  0.3288621 30.4013214  0.9089365
 1798.6 1801.8  0.3287516 30.4119244  0.9088377
 1801.8 1805.1  0.3286444 30.4222050  0.9087418
 1805.1 1808.3  0.3285410 30.4323177  0.9086345
 1808.3 1811.6  0.3284413 30.4420929  0.9085299
 1811.6 1814.9  0.3283384 30.4521751  0.9084220
 1814.9 1818.2  0.3282355 30.4622555  0.9083141
 1818.2 1821.5  0.3281335 30.4722672  0.9082061
 1821.5 1824.8  0.3280448 30.4812050  0.9080954
 1824.8 1828.2  0.3279562 30.4901428  0.9079847
 1828.2 1831.5  0.3278648 30.4993515  0.9078708
 1831.5 1834.9  0.3277762 30.5082893  0.9077601
 1834.9 1838.2  0.3276848 30.5174980  0.9076461
 1838.2 1841.6  0.3276076 30.5255852  0.9075290
 1841.6 1845.0  0.3275284 30.5338898  0.9074082
 1845.0 1848.4  0.3274492 30.5421944  0.9072874
 1848.4 1851.9  0.3273700 30.5504990  0.9071665
 1851.9 1855.3  0.3272884 30.5590477  0.9070422
 1855.3 1858.7  0.3272199 30.5666447  0.9069105
 1858.7 1862.2  0.3271516 30.5742188  0.9067785
 1862.2 1865.7  0.3270814 30.5820179  0.9066426
 1865.7 1869.2  0.3270111 30.5898151  0.9065067
 1869.2 1872.7  0.3269418 30.5975437  0.9063706
 1872.7 1876.2  0.3268873 30.6041279  0.9062306
 1876.2 1879.7  0.3268328 30.6107140  0.9060906
 1879.7 1883.2  0.3267783 30.6172981  0.9059505
 1883.2 1886.8  0.3267238 30.6238823  0.9058105
 1886.8 1890.4  0.3266677 30.6306553  0.9056665
 1890.4 1893.9  0.3266258 30.6364174  0.9055140
 1893.9 1897.5  0.3265859 30.6419621  0.9053652
 1897.5 1901.1  0.3265448 30.6476650  0.9052123
 1901.1 1904.8  0.3265038 30.6533699  0.9050593
 1904.8 1908.4  0.3264616 30.6592312  0.9049020
 1908.4 1912.0  0.3264349 30.6639977  0.9047356
 1912.0 1915.7  0.3264091 30.6687069  0.9045684
 1915.7 1919.4  0.3263826 30.6735497  0.9043965
 1919.4 1923.1  0.3263561 30.6783905  0.9042246
 1923.1 1926.8  0.3263301 30.6831970  0.9040526
 1926.8 1930.5  0.3263212 30.6867332  0.9038749
 1930.5 1934.2  0.3263123 30.6902695  0.9036971
 1934.2 1938.0  0.3263035 30.6938057  0.9035194
 1938.0 1941.7  0.3262944 30.6974392  0.9033369
 1941.7 1945.5  0.3262855 30.7009754  0.9031591
 1945.5 1949.3  0.3262934 30.7034454  0.9029659
 1949.3 1953.1  0.3263027 30.7058163  0.9027718
 1953.1 1956.9  0.3263120 30.7081871  0.9025776
 1956.9 1960.8  0.3263214 30.7105579  0.9023834
 1960.8 1964.6  0.3263309 30.7129917  0.9021842
 1964.6 1968.5  0.3263583 30.7142143  0.9019736
 1968.5 1972.4  0.3263873 30.7154045  0.9017565
 1972.4 1976.3  0.3264164 30.7165947  0.9015394
 1976.3 1980.2  0.3264455 30.7177849  0.9013223
 1980.2 1984.1  0.3264754 30.7189178  0.9011049
 1984.1 1988.1  0.3265199 30.7189827  0.9008819
 1988.1 1992.0  0.3265657 30.7190495  0.9006531
 1992.0 1996.0  0.3266102 30.7191162  0.9004301
 1996.0 2000.0  0.3266559 30.7191830  0.9002014
 2000.0 2004.0  0.3267016 30.7192497  0.8999727
 2004.0 2008.0  0.3267627 30.7183666  0.8997269
 2008.0 2012.1  0.3268237 30.7174835  0.8994810
 2012.1 2016.1  0.3268863 30.7165775  0.8992290
 2016.1 2020.2  0.3269474 30.7156944  0.8989832
 2020.2 2024.3  0.3270104 30.7147579  0.8987311
 2024.3 2028.4  0.3270818 30.7131882  0.8984752
 2028.4 2032.5  0.3271533 30.7116184  0.8982193
 2032.5 2036.7  0.3272247 30.7100468  0.8979634
 2036.7 2040.8  0.3272979 30.7084389  0.8977013
 2040.8 2045.0  0.3273693 30.7068691  0.8974454
 2045.0 2049.2  0.3274490 30.7048378  0.8971745
 2049.2 2053.4  0.3275290 30.7027874  0.8969032
 2053.4 2057.6  0.3276090 30.7007351  0.8966319
 2057.6 2061.9  0.3276890 30.6986828  0.8963606
 2061.9 2066.1  0.3277709 30.6965828  0.8960828
 2066.1 2070.4  0.3278555 30.6943226  0.8957973
 2070.4 2074.7  0.3279423 30.6920052  0.8955046
 2074.7 2079.0  0.3280290 30.6896877  0.8952119
 2079.0 2083.3  0.3281158 30.6873703  0.8949192
 2083.3 2087.7  0.3282024 30.6850643  0.8946260
 2087.7 2092.1  0.3282893 30.6828518  0.8943197
 2092.1 2096.4  0.3283762 30.6806412  0.8940135
 2096.4 2100.8  0.3284611 30.6784801  0.8937141
 2100.8 2105.3  0.3285480 30.6762676  0.8934079
 2105.3 2109.7  0.3286362 30.6740417  0.8930947
 2109.7 2114.2  0.3287145 30.6723690  0.8927898
 2114.2 2118.6  0.3287947 30.6706581  0.8924779
 2118.6 2123.1  0.3288730 30.6689854  0.8921730
 2123.1 2127.7  0.3289531 30.6672764  0.8918611
 2127.7 2132.2  0.3290350 30.6655273  0.8915423
 2132.2 2136.8  0.3291038 30.6646290  0.8912267
 2136.8 2141.3  0.3291733 30.6637707  0.8909038
 2141.3 2145.9  0.3292414 30.6629314  0.8905879
 2145.9 2150.5  0.3293109 30.6620731  0.8902650
 2150.5 2155.2  0.3293804 30.6612148  0.8899421
 2155.2 2159.8  0.3294369 30.6616154  0.8895907
 2159.8 2164.5  0.3294905 30.6621571  0.8892442
 2164.5 2169.2  0.3295452 30.6627102  0.8888902
 2169.2 2173.9  0.3295999 30.6632652  0.8885362
 2173.9 2178.6  0.3296546 30.6638184  0.8881822
 2178.6 2183.4  0.3296810 30.6657944  0.8878741
 2183.4 2188.2  0.3297073 30.6678448  0.8875604
 2188.2 2193.0  0.3297336 30.6698952  0.8872467
 2193.0 2197.8  0.3297600 30.6719456  0.8869331
 2197.8 2202.6  0.3297862 30.6739960  0.8866194
 2202.6 2207.5  0.3297953 30.6775951  0.8862799
 2207.5 2212.4  0.3297895 30.6826077  0.8859112
 2212.4 2217.3  0.3297838 30.6876183  0.8855425
 2217.3 2222.2  0.3297780 30.6926308  0.8851737
 2222.2 2227.2  0.3297707 30.6977463  0.8848058
 2227.2 2232.1  0.3297241 30.7054977  0.8844504
 2232.1 2237.1  0.3296786 30.7130928  0.8841022
 2237.1 2242.2  0.3296321 30.7208424  0.8837469
 2242.2 2247.2  0.3295847 30.7287464  0.8833844
 2247.2 2252.3  0.3295362 30.7366295  0.8830296
 2252.3 2257.3  0.3294390 30.7479267  0.8826808
 2257.3 2262.4  0.3293437 30.7590008  0.8823388
 2262.4 2267.6  0.3292465 30.7702961  0.8819900
 2267.6 2272.7  0.3291474 30.7818146  0.8816343
 2272.7 2277.9  0.3290502 30.7931118  0.8812854
 2277.9 2283.1  0.3288897 30.8090000  0.8809325
 2283.1 2288.3  0.3287254 30.8251591  0.8805797
 2288.3 2293.6  0.3285611 30.8413162  0.8802269
 2293.6 2298.9  0.3283936 30.8577843  0.8798673
 2298.9 2304.1  0.3282261 30.8742523  0.8795078
 2304.1 2309.5  0.3279955 30.8949490  0.8791736
 2309.5 2314.8  0.3277547 30.9165344  0.8788269
 2314.8 2320.2  0.3275184 30.9377193  0.8784866
 2320.2 2325.6  0.3272775 30.9593048  0.8781400
 2325.6 2331.0  0.3270367 30.9808903  0.8777933
 2331.0 2336.4  0.3267108 31.0084877  0.8774560
 2336.4 2341.9  0.3263780 31.0365677  0.8771195
 2341.9 2347.4  0.3260391 31.0651665  0.8767767
 2347.4 2352.9  0.3257002 31.0937672  0.8764339
 2352.9 2358.5  0.3253613 31.1223660  0.8760912
 2358.5 2364.1  0.3249194 31.1582680  0.8757632
 2364.1 2369.7  0.3244758 31.1942921  0.8754357
 2369.7 2375.3  0.3240322 31.2303143  0.8751082
 2375.3 2381.0  0.3235886 31.2663383  0.8747807
 2381.0 2386.6  0.3231371 31.3030052  0.8744473
 2386.6 2392.3  0.3226234 31.3441925  0.8741530
 2392.3 2398.1  0.3221005 31.3861141  0.8738534
 2398.1 2403.8  0.3215684 31.4287720  0.8735485
 2403.8 2409.6  0.3210455 31.4706936  0.8732489
 2409.6 2415.5  0.3205135 31.5133514  0.8729441
 2415.5 2421.3  0.3199365 31.5603828  0.8726667
 2421.3 2427.2  0.3193668 31.6068802  0.8723963
 2427.2 2433.1  0.3187872 31.6541767  0.8721213
 2433.1 2439.0  0.3182077 31.7014751  0.8718462
 2439.0 2445.0  0.3176281 31.7487717  0.8715712
 2445.0 2451.0  0.3170790 31.7961006  0.8713450
 2451.0 2457.0  0.3165298 31.8434296  0.8711189
 2457.0 2463.1  0.3159807 31.8907585  0.8708927
 2463.1 2469.1  0.3154224 31.9388771  0.8706628
 2469.1 2475.2  0.3148752 31.9861221  0.8704378
 2475.2 2481.4  0.3144342 32.0291481  0.8702764
 2481.4 2487.6  0.3139859 32.0728760  0.8701124
 2487.6 2493.8  0.3135376 32.1166077  0.8699484
 2493.8 2500.0  0.3130893 32.1603355  0.8697844
 2500.0 2506.3  0.3126410 32.2040672  0.8696204
 2506.3 2512.6  0.3123927 32.2380333  0.8695405
 2512.6 2518.9  0.3121445 32.2719955  0.8694606
 2518.9 2525.3  0.3118962 32.3059578  0.8693808
 2525.3 2531.6  0.3116440 32.3404617  0.8692997
 2531.6 2538.1  0.3113958 32.3744278  0.8692198
 2538.1 2544.5  0.3114223 32.3953094  0.8692358
 2544.5 2551.0  0.3114667 32.4149590  0.8692578
 2551.0 2557.5  0.3115118 32.4349136  0.8692803
 2557.5 2564.1  0.3115568 32.4548683  0.8693027
 2564.1 2570.7  0.3116090 32.4747963  0.8693274
 2570.7 2577.3  0.3120790 32.4730835  0.8694803
 2577.3 2584.0  0.3125489 32.4713669  0.8696333
 2584.0 2590.7  0.3130260 32.4696274  0.8697885
 2590.7 2597.4  0.3135031 32.4678879  0.8699437
 2597.4 2604.2  0.3140102 32.4645042  0.8701074
 2604.2 2611.0  0.3150057 32.4348068  0.8704072
 2611.0 2617.8  0.3160011 32.4051132  0.8707070
 2617.8 2624.7  0.3169965 32.3754158  0.8710068
 2624.7 2631.6  0.3180066 32.3452835  0.8713110
 2631.6 2638.5  0.3190167 32.3151512  0.8716152
 2638.5 2645.5  0.3206151 32.2544441  0.8720665
 2645.5 2652.5  0.3222735 32.1909447  0.8725335
 2652.5 2659.6  0.3239318 32.1274490  0.8730005
 2659.6 2666.7  0.3256139 32.0630417  0.8734742
 2666.7 2673.8  0.3272959 31.9986401  0.8739478
 2673.8 2681.0  0.3295604 31.9051189  0.8745383
 2681.0 2688.2  0.3318827 31.8089790  0.8751423
 2688.2 2695.4  0.3342050 31.7128372  0.8757464
 2695.4 2702.7  0.3365274 31.6166973  0.8763504
 2702.7 2710.0  0.3388820 31.5192223  0.8769628
 2710.0 2717.4  0.3418029 31.3954468  0.8776534
 2717.4 2724.8  0.3447883 31.2688351  0.8783569
 2724.8 2732.2  0.3477738 31.1422215  0.8790604
 2732.2 2739.7  0.3507592 31.0156097  0.8797638
 2739.7 2747.3  0.3537850 30.8872871  0.8804768
 2747.3 2754.8  0.3574054 30.7339191  0.8812333
 2754.8 2762.4  0.3610005 30.5816269  0.8819813
 2762.4 2770.1  0.3646435 30.4273052  0.8827392
 2770.1 2777.8  0.3683347 30.2709484  0.8835071
 2777.8 2785.5  0.3720257 30.1145954  0.8842750
 2785.5 2793.3  0.3762472 29.9387569  0.8850251
 2793.3 2801.1  0.3805379 29.7601070  0.8857846
 2801.1 2809.0  0.3848286 29.5814552  0.8865440
 2809.0 2816.9  0.3891743 29.4005184  0.8873131
 2816.9 2824.9  0.3935199 29.2195816  0.8880823
 2824.9 2832.9  0.3985029 29.0183010  0.8887895
 2832.9 2840.9  0.4034933 28.8167915  0.8894960
 2840.9 2849.0  0.4084836 28.6152821  0.8902023
 2849.0 2857.1  0.4135364 28.4112511  0.8909176
 2857.1 2865.3  0.4185936 28.2071552  0.8916308
 2865.3 2873.6  0.4240689 27.9952888  0.8921897
 2873.6 2881.8  0.4296110 27.7808361  0.8927553
 2881.8 2890.2  0.4350863 27.5689697  0.8933142
 2890.2 2898.6  0.4406952 27.3519382  0.8938867
 2898.6 2907.0  0.4463042 27.1348991  0.8944592
 2907.0 2915.5  0.4524840 26.9083309  0.8948239
 2915.5 2924.0  0.4587663 26.6785812  0.8951825
 2924.0 2932.6  0.4650486 26.4488316  0.8955410
 2932.6 2941.2  0.4714049 26.2163773  0.8959038
 2941.2 2949.9  0.4777678 25.9840107  0.8962604
 2949.9 2958.6  0.4844926 25.7524567  0.8963566
 2958.6 2967.4  0.4912176 25.5208969  0.8964529
 2967.4 2976.2  0.4980196 25.2866840  0.8965503
 2976.2 2985.1  0.5048218 25.0524673  0.8966476
 2985.1 2994.0  0.5117047 24.8156166  0.8967434
 2994.0 3003.0  0.5188859 24.5816555  0.8965936
 3003.0 3012.0  0.5261478 24.3450623  0.8964422
 3012.0 3021.1  0.5334097 24.1084671  0.8962909
 3021.1 3030.3  0.5407524 23.8692436  0.8961378
 3030.3 3039.5  0.5481739 23.6278133  0.8959767
 3039.5 3048.8  0.5555437 23.3988743  0.8956277
 3048.8 3058.1  0.5629938 23.1674423  0.8952748
 3058.1 3067.5  0.5704439 22.9360123  0.8949219
 3067.5 3076.9  0.5779739 22.7020950  0.8945652
 3076.9 3086.4  0.5855039 22.4681797  0.8942086
 3086.4 3096.0  0.5929928 22.2453976  0.8937036
 3096.0 3105.6  0.6005594 22.0204144  0.8931918
 3105.6 3115.3  0.6081259 21.7954311  0.8926800
 3115.3 3125.0  0.6157711 21.5681095  0.8921629
 3125.0 3134.8  0.6234163 21.3407860  0.8916457
 3134.8 3144.7  0.6305346 21.1377354  0.8910614
 3144.7 3154.6  0.6377254 20.9326153  0.8904712
 3154.6 3164.6  0.6449163 20.7274914  0.8898810
 3164.6 3174.6  0.6521798 20.5202980  0.8892848
 3174.6 3184.7  0.6594433 20.3131046  0.8886886
 3184.7 3194.9  0.6660736 20.1317024  0.8880872
 3194.9 3205.1  0.6727403 19.9496632  0.8874799
 3205.1 3215.4  0.6794071 19.7676201  0.8868725
 3215.4 3225.8  0.6861390 19.5837975  0.8862593
 3225.8 3236.2  0.6928620 19.4008160  0.8856452
 3236.2 3246.8  0.6986910 19.2493896  0.8850921
 3246.8 3257.3  0.7046322 19.0950508  0.8845285
 3257.3 3268.0  0.7105173 18.9421673  0.8839701
 3268.0 3278.7  0.7165145 18.7863731  0.8834012
 3278.7 3289.5  0.7221633 18.6421013  0.8828630
 3289.5 3300.3  0.7271999 18.5184841  0.8823786
 3300.3 3311.3  0.7322363 18.3948650  0.8818943
 3311.3 3322.3  0.7373661 18.2689571  0.8814009
 3322.3 3333.3  0.7424958 18.1430511  0.8809076
 3333.3 3344.5  0.7469534 18.0379658  0.8804731
 3344.5 3355.7  0.7512693 17.9378681  0.8800502
 3355.7 3367.0  0.7555853 17.8377705  0.8796273
 3367.0 3378.4  0.7599398 17.7367783  0.8792007
 3378.4 3389.8  0.7638715 17.6463394  0.8788136
 3389.8 3401.4  0.7667179 17.5828323  0.8785285
 3401.4 3413.0  0.7696142 17.5182114  0.8782384
 3413.0 3424.7  0.7725105 17.4535904  0.8779483
 3424.7 3436.4  0.7754317 17.3884125  0.8776557
 3436.4 3448.3  0.7827790 17.2257996  0.8768653
 3448.3 3460.2  0.7903706 17.0577946  0.8760481
 3460.2 3472.2  0.7936273 16.9815540  0.8756781
 3472.2 3484.3  0.7961829 16.9200935  0.8753802
 3484.3 3496.5  0.7987598 16.8581219  0.8750799
 3496.5 3508.8  0.8013579 16.7956371  0.8747770
 3508.8 3521.1  0.8039773 16.7326412  0.8744717
 3521.1 3533.6  0.8065968 16.6696453  0.8741663
 3533.6 3546.1  0.8092588 16.6056232  0.8738560
 3546.1 3558.7  0.8119209 16.5416031  0.8735457
 3558.7 3571.4  0.8141719 16.4805756  0.8732622
 3571.4 3584.2  0.8162455 16.4206467  0.8729897
 3584.2 3597.1  0.8183354 16.3602448  0.8727149
 3597.1 3610.1  0.8204417 16.2993698  0.8724381
 3610.1 3623.2  0.8225643 16.2380238  0.8721591
 3623.2 3636.4  0.8247032 16.1762085  0.8718780
 3636.4 3649.6  0.8268584 16.1139183  0.8715947
 3649.6 3663.0  0.8290137 16.0516281  0.8713114
 3663.0 3676.5  0.8308186 15.9911509  0.8710664
 3676.5 3690.0  0.8326252 15.9303074  0.8708209
 3690.0 3703.7  0.8344317 15.8694630  0.8705755
 3703.7 3717.5  0.8362650 15.8077173  0.8703263
 3717.5 3731.3  0.8381118 15.7455215  0.8700754
 3731.3 3745.3  0.8399585 15.6833248  0.8698245
 3745.3 3759.4  0.8418319 15.6202269  0.8695700
 3759.4 3773.6  0.8435974 15.5584021  0.8693476
 3773.6 3787.9  0.8453143 15.4970045  0.8691410
 3787.9 3802.3  0.8470433 15.4351759  0.8689328
 3802.3 3816.8  0.8487843 15.3729134  0.8687232
 3816.8 3831.4  0.8505375 15.3102198  0.8685122
 3831.4 3846.2  0.8523027 15.2470932  0.8682996
 3846.2 3861.0  0.8540922 15.1831026  0.8680842
 3861.0 3876.0  0.8558420 15.1210499  0.8679085
 3876.0 3891.1  0.8576016 15.0588388  0.8677443
 3891.1 3906.2  0.8593730 14.9962120  0.8675791
 3906.2 3921.6  0.8611443 14.9335861  0.8674138
 3921.6 3937.0  0.8629509 14.8697147  0.8672453
 3937.0 3952.6  0.8647574 14.8058453  0.8670768
 3952.6 3968.3  0.8665782 14.7416553  0.8669140
 3968.3 3984.1  0.8683639 14.6796246  0.8667904
 3984.1 4000.0  0.8701611 14.6171989  0.8666660
 4000.0 4016.1  0.8719696 14.5543785  0.8665409
 4016.1 4032.3  0.8738008 14.4907675  0.8664141
 4032.3 4048.6  0.8756434 14.4267607  0.8662866
 4048.6 4065.0  0.8774975 14.3623600  0.8661583
 4065.0 4081.6  0.8792679 14.3008223  0.8660653
 4081.6 4098.4  0.8810510 14.2388411  0.8659746
 4098.4 4115.2  0.8828555 14.1761141  0.8658828
 4115.2 4132.2  0.8846602 14.1133852  0.8657910
 4132.2 4149.4  0.8864862 14.0499105  0.8656981
 4149.4 4166.7  0.8883337 13.9856901  0.8656041
 4166.7 4184.1  0.8900589 13.9244595  0.8655398
 4184.1 4201.7  0.8917892 13.8629971  0.8654762
 4201.7 4219.4  0.8935394 13.8008270  0.8654119
 4219.4 4237.3  0.8952995 13.7383060  0.8653472
 4237.3 4255.3  0.8970795 13.6750774  0.8652818
 4255.3 4273.5  0.8988230 13.6123257  0.8652228
 4273.5 4291.8  0.9004732 13.5508890  0.8651794
 4291.8 4310.3  0.9021325 13.4891167  0.8651357
 4310.3 4329.0  0.9038098 13.4266682  0.8650917
 4329.0 4347.8  0.9055054 13.3635435  0.8650471
 4347.8 4366.8  0.9072099 13.3000832  0.8650023
 4366.8 4386.0  0.9087767 13.2379036  0.8649707
 4386.0 4405.3  0.9103393 13.1753273  0.8649407
 4405.3 4424.8  0.9119101 13.1124268  0.8649105
 4424.8 4444.4  0.9134971 13.0488739  0.8648800
 4444.4 4464.3  0.9150922 12.9849949  0.8648493
 4464.3 4484.3  0.9165863 12.9214630  0.8648261
 4484.3 4504.5  0.9180385 12.8581333  0.8648061
 4504.5 4524.9  0.9195052 12.7941694  0.8647857
 4524.9 4545.5  0.9209864 12.7295723  0.8647652
 4545.5 4566.2  0.9224821 12.6643419  0.8647445
 4566.2 4587.2  0.9238629 12.6001129  0.8647309
 4587.2 4608.3  0.9252292 12.5353251  0.8647190
 4608.3 4629.6  0.9266020 12.4702301  0.8647072
 4629.6 4651.2  0.9279879 12.4045162  0.8646952
 4651.2 4672.9  0.9293856 12.3379650  0.8646834
 4672.9 4694.8  0.9306578 12.2726192  0.8646789
 4694.8 4717.0  0.9319418 12.2066708  0.8646744
 4717.0 4739.3  0.9332435 12.1398182  0.8646697
 4739.3 4761.9  0.9345509 12.0726652  0.8646651
 4761.9 4784.7  0.9358101 12.0054235  0.8646637
 4784.7 4807.7  0.9370209 11.9383249  0.8646653
 4807.7 4830.9  0.9382423 11.8706379  0.8646669
 4830.9 4854.4  0.9394742 11.8023643  0.8646685
 4854.4 4878.0  0.9407011 11.7334938  0.8646712
 4878.0 4902.0  0.9418412 11.6655827  0.8646777
 4902.0 4926.1  0.9430008 11.5965214  0.8646843
 4926.1 4950.5  0.9441651 11.5271721  0.8646911
 4950.5 4975.1  0.9453418 11.4569921  0.8646979
 4975.1 5000.0  0.9464269 11.3877840  0.8647083
 5000.0 5025.1  0.9475253 11.3177319  0.8647189
 5025.1 5050.5  0.9486325 11.2471170  0.8647295
 5050.5 5076.1  0.9497510 11.1756907  0.8647403
 5076.1 5102.0  0.9507842 11.1053352  0.8647534
 5102.0 5128.2  0.9518296 11.0341549  0.8647667
 5128.2 5154.6  0.9528870 10.9621506  0.8647801
 5154.6 5181.3  0.9539369 10.8899097  0.8647938
 5181.3 5208.3  0.9549235 10.8183470  0.8648084
 5208.3 5235.6  0.9559212 10.7459803  0.8648232
 5235.6 5263.2  0.9569300 10.6728077  0.8648381
 5263.2 5291.0  0.9579079 10.5997963  0.8648530
 5291.0 5319.1  0.9588467 10.5273161  0.8648676
 5319.1 5347.6  0.9597958 10.4540529  0.8648823
 5347.6 5376.3  0.9607583 10.3797474  0.8648974
 5376.3 5405.4  0.9616475 10.3070345  0.8649105
 5405.4 5434.8  0.9625417 10.2335024  0.8649237
 5434.8 5464.5  0.9634451 10.1592131  0.8649370
 5464.5 5494.5  0.9643142 10.0854721  0.8649486
 5494.5 5524.9  0.9651459 10.0123711  0.8649582
 5524.9 5555.6  0.9659886  9.9382963  0.8649679
 5555.6 5586.6  0.9668231  9.8640404  0.8649768
 5586.6 5618.0  0.9675903  9.7915525  0.8649812
 5618.0 5649.7  0.9683675  9.7181292  0.8649856
 5649.7 5681.8  0.9691521  9.6440039  0.8649901
 5681.8 5714.3  0.9698604  9.5719280  0.8649889
 5714.3 5747.1  0.9705766  9.4989815  0.8649875
 5747.1 5780.3  0.9712996  9.4253607  0.8649861
 5780.3 5814.0  0.9719627  9.3532372  0.8649799
 5814.0 5848.0  0.9726291  9.2802582  0.8649731
 5848.0 5882.4  0.9733014  9.2066298  0.8649663
 5882.4 5917.2  0.9739217  9.1342382  0.8649552
 5917.2 5952.4  0.9745454  9.0611343  0.8649436
 5952.4 5988.0  0.9751726  8.9873180  0.8649316
 5988.0 6024.1  0.9757572  8.9144115  0.8649160
 6024.1 6060.6  0.9763500  8.8404808  0.8649001
 6060.6 6097.6  0.9769367  8.7661791  0.8648830
 6097.6 6135.0  0.9775000  8.6919680  0.8648634
 6135.0 6172.8  0.9780695  8.6169558  0.8648435
 6172.8 6211.2  0.9786240  8.5418949  0.8648219
 6211.2 6250.0  0.9791732  8.4661455  0.8647988
 6250.0 6289.3  0.9797282  8.3896084  0.8647754
 6289.3 6329.1  0.9802633  8.3130665  0.8647495
 6329.1 6369.4  0.9808052  8.2355490  0.8647233
 6369.4 6410.3  0.9813449  8.1574001  0.8646958
 6410.3 6451.6  0.9818828  8.0784616  0.8646670
 6451.6 6493.5  0.9824255  7.9987669  0.8646378
 6493.5 6535.9  0.9829656  7.9183502  0.8646069
 6535.9 6578.9  0.9835122  7.8369741  0.8645757
 6578.9 6622.5  0.9840646  7.7545714  0.8645433
 6622.5 6666.7  0.9846238  7.6710811  0.8645101
 6666.7 6711.4  0.9851928  7.5864081  0.8644761
 6711.4 6756.8  0.9857719  7.5007229  0.8644415
 6756.8 6802.7  0.9863622  7.4136405  0.8644063
 6802.7 6849.3  0.9869714  7.3252821  0.8643705
 6849.3 6896.6  0.9875900  7.2355781  0.8643342
 6896.6 6944.4  0.9882362  7.1440516  0.8642969
 6944.4 6993.0  0.9888896  7.0515513  0.8642593
 6993.0 7042.3  0.9895663  6.9572616  0.8642202
 7042.3 7092.2  0.9902543  6.8615818  0.8641804
 7092.2 7142.9  0.9909551  6.7648115  0.8641384
 7142.9 7194.2  0.9916677  6.6665049  0.8640955
 7194.2 7246.4  0.9923854  6.5674424  0.8640493
 7246.4 7299.3  0.9931150  6.4667101  0.8640017
 7299.3 7352.9  0.9938411  6.3654656  0.8639491
 7352.9 7407.4  0.9945744  6.2630167  0.8638952
 7407.4 7462.7  0.9952962  6.1601539  0.8638343
 7462.7 7518.8  0.9960201  6.0562177  0.8637708
 7518.8 7575.8  0.9967254  5.9522676  0.8637000
 7575.8 7633.6  0.9974186  5.8477998  0.8636233
 7633.6 7692.3  0.9980929  5.7432771  0.8635398
 7692.3 7751.9  0.9987286  5.6395035  0.8634455
 7751.9 7812.5  0.9993473  5.5352058  0.8633456
 7812.5 7874.0  0.9997505  5.4332352  0.8632281
 7874.0 7936.5  1.0000000  5.3317895  0.8631009
 7936.5 8000.0  1.0000000  5.2319326  0.8629591
 8000.0 8064.5  1.0000000  5.1356335  0.8627953
 8064.5 8130.1  1.0000000  5.0410366  0.8626166
 8130.1 8196.7  1.0000000  4.9511557  0.8624108
 8196.7 8264.5  1.0000000  4.8668966  0.8621752
 8264.5 8333.3  1.0000000  4.7867570  0.8619139
 8333.3 8403.4  1.0000000  4.7151499  0.8616120
 8403.4 8474.6  1.0000000  4.6536770  0.8612610
 8474.6 8547.0  1.0000000  4.5948896  0.8608906
 8547.0 8620.7  1.0000000  4.5351110  0.8605141
 8620.7 8695.7  1.0000000  4.4742584  0.8601308
 8695.7 8771.9  1.0000000  4.4123330  0.8597407
 8771.9 8849.6  1.0000000  4.3494167  0.8593444
 8849.6 8928.6  1.0000000  4.2852626  0.8589402
 8928.6 9009.0  1.0000000  4.2200346  0.8585293
 9009.0 9090.9  1.0000000  4.1536503  0.8581112
 9090.9 9174.3  1.0000000  4.0860271  0.8576852
 9174.3 9259.3  1.0000000  4.0171666  0.8572515
 9259.3 9345.8  1.0000000  3.9469848  0.8568094
 9345.8 9434.0  1.0000000  3.8755641  0.8563595
 9434.0 9523.8  1.0000000  3.8027396  0.8559007
 9523.8 9615.4  1.0000000  3.7285943  0.8554336
 9615.4 9708.7  1.0000000  3.6529622  0.8549572
 9708.7 9803.9  1.0000000  3.5759273  0.8544720
 9803.9 9901.0  1.0000000  3.4973230  0.8539768
 9901.0 9911.0  1.0000000  3.4171507  0.8534718
