 1176.5 1177.9  0.0067344  0.2003492  0.0041139
 1177.9 1179.2  0.0067136  0.2001575  0.0041068
 1179.2 1180.6  0.0066943  0.1999795  0.0041003
 1180.6 1182.0  0.0066734  0.1997878  0.0040932
 1182.0 1183.4  0.0066526  0.1995961  0.0040862
 1183.4 1184.8  0.0066317  0.1994044  0.0040791
 1184.8 1186.2  0.0066109  0.1992126  0.0040721
 1186.2 1187.6  0.0065901  0.1990210  0.0040650
 1187.6 1189.1  0.0065692  0.1988292  0.0040579
 1189.1 1190.5  0.0065469  0.1986239  0.0040504
 1190.5 1191.9  0.0065261  0.1984321  0.0040433
 1191.9 1193.3  0.0065052  0.1982404  0.0040363
 1193.3 1194.7  0.0064844  0.1980487  0.0040292
 1194.7 1196.2  0.0064635  0.1978570  0.0040222
 1196.2 1197.6  0.0064412  0.1976516  0.0040146
 1197.6 1199.0  0.0064204  0.1974599  0.0040076
 1199.0 1200.5  0.0063995  0.1972682  0.0040005
 1200.5 1201.9  0.0063772  0.1970628  0.0039930
 1201.9 1203.4  0.0063564  0.1968711  0.0039859
 1203.4 1204.8  0.0063340  0.1966657  0.0039784
 1204.8 1206.3  0.0063132  0.1964740  0.0039713
 1206.3 1207.7  0.0062909  0.1962686  0.0039638
 1207.7 1209.2  0.0062700  0.1960769  0.0039567
 1209.2 1210.7  0.0062477  0.1958715  0.0039492
 1210.7 1212.1  0.0062254  0.1956661  0.0039416
 1212.1 1213.6  0.0062045  0.1954744  0.0039345
 1213.6 1215.1  0.0061822  0.1952690  0.0039270
 1215.1 1216.5  0.0061599  0.1950637  0.0039194
 1216.5 1218.0  0.0061391  0.1948719  0.0039124
 1218.0 1219.5  0.0061167  0.1946665  0.0039048
 1219.5 1221.0  0.0060944  0.1944611  0.0038973
 1221.0 1222.5  0.0060721  0.1942558  0.0038897
 1222.5 1224.0  0.0060498  0.1940504  0.0038822
 1224.0 1225.5  0.0060274  0.1938450  0.0038746
 1225.5 1227.0  0.0060051  0.1936396  0.0038670
 1227.0 1228.5  0.0059828  0.1934342  0.0038595
 1228.5 1230.0  0.0059604  0.1932288  0.0038519
 1230.0 1231.5  0.0059381  0.1930234  0.0038444
 1231.5 1233.0  0.0059158  0.1928180  0.0038368
 1233.0 1234.6  0.0058935  0.1926126  0.0038293
 1234.6 1236.1  0.0058696  0.1923935  0.0038212
 1236.1 1237.6  0.0058473  0.1921881  0.0038137
 1237.6 1239.2  0.0058250  0.1919827  0.0038061
 1239.2 1240.7  0.0058012  0.1917636  0.0037980
 1240.7 1242.2  0.0057789  0.1915582  0.0037905
 1242.2 1243.8  0.0057565  0.1913528  0.0037829
 1243.8 1245.3  0.0057327  0.1911337  0.0037749
 1245.3 1246.9  0.0057104  0.1909283  0.0037673
 1246.9 1248.4  0.0056866  0.1907092  0.0037593
 1248.4 1250.0  0.0056642  0.1905038  0.0037517
 1250.0 1251.6  0.0056404  0.1902847  0.0037436
 1251.6 1253.1  0.0056166  0.1900657  0.0037356
 1253.1 1254.7  0.0055943  0.1898603  0.0037280
 1254.7 1256.3  0.0055705  0.1896412  0.0037200
 1256.3 1257.9  0.0055467  0.1894221  0.0037119
 1257.9 1259.4  0.0055228  0.1892030  0.0037039
 1259.4 1261.0  0.0055005  0.1889976  0.0036963
 1261.0 1262.6  0.0054767  0.1887785  0.0036882
 1262.6 1264.2  0.0054529  0.1885594  0.0036802
 1264.2 1265.8  0.0054291  0.1883403  0.0036721
 1265.8 1267.4  0.0054053  0.1881212  0.0036641
 1267.4 1269.0  0.0053814  0.1879021  0.0036560
 1269.0 1270.6  0.0053576  0.1876831  0.0036479
 1270.6 1272.3  0.0053338  0.1874640  0.0036399
 1272.3 1273.9  0.0053085  0.1872312  0.0036313
 1273.9 1275.5  0.0052847  0.1870121  0.0036233
 1275.5 1277.1  0.0052609  0.1867930  0.0036152
 1277.1 1278.8  0.0052371  0.1865739  0.0036071
 1278.8 1280.4  0.0052118  0.1863411  0.0035986
 1280.4 1282.1  0.0051879  0.1861220  0.0035905
 1282.1 1283.7  0.0051626  0.1858893  0.0035820
 1283.7 1285.3  0.0051388  0.1856702  0.0035739
 1285.3 1287.0  0.0051150  0.1854511  0.0035658
 1287.0 1288.7  0.0050897  0.1852183  0.0035573
 1288.7 1290.3  0.0050644  0.1849855  0.0035487
 1290.3 1292.0  0.0050406  0.1847664  0.0035407
 1292.0 1293.7  0.0050153  0.1845336  0.0035321
 1293.7 1295.3  0.0049900  0.1843009  0.0035235
 1295.3 1297.0  0.0049662  0.1840818  0.0035155
 1297.0 1298.7  0.0049409  0.1838490  0.0035069
 1298.7 1300.4  0.0049156  0.1836162  0.0034983
 1300.4 1302.1  0.0048920  0.1833972  0.0034903
 1302.1 1303.8  0.0048743  0.1832228  0.0034842
 1303.8 1305.5  0.0048566  0.1830485  0.0034780
 1305.5 1307.2  0.0048388  0.1828741  0.0034718
 1307.2 1308.9  0.0048211  0.1826998  0.0034657
 1308.9 1310.6  0.0048034  0.1825254  0.0034595
 1310.6 1312.3  0.0047856  0.1823510  0.0034533
 1312.3 1314.1  0.0047679  0.1821767  0.0034472
 1314.1 1315.8  0.0047491  0.1819921  0.0034406
 1315.8 1317.5  0.0047314  0.1818177  0.0034344
 1317.5 1319.3  0.0047137  0.1816434  0.0034283
 1319.3 1321.0  0.0046949  0.1814587  0.0034217
 1321.0 1322.8  0.0046772  0.1812844  0.0034156
 1322.8 1324.5  0.0046584  0.1810998  0.0034090
 1324.5 1326.3  0.0046407  0.1809254  0.0034029
 1326.3 1328.0  0.0046219  0.1807408  0.0033963
 1328.0 1329.8  0.0046042  0.1805665  0.0033902
 1329.8 1331.6  0.0045854  0.1803818  0.0033836
 1331.6 1333.3  0.0045666  0.1801972  0.0033771
 1333.3 1335.1  0.0045489  0.1800229  0.0033709
 1335.1 1336.9  0.0045301  0.1798383  0.0033644
 1336.9 1338.7  0.0045113  0.1796537  0.0033579
 1338.7 1340.5  0.0044926  0.1794690  0.0033513
 1340.5 1342.3  0.0044738  0.1792844  0.0033448
 1342.3 1344.1  0.0044550  0.1790998  0.0033383
 1344.1 1345.9  0.0044362  0.1789152  0.0033317
 1345.9 1347.7  0.0044175  0.1787306  0.0033252
 1347.7 1349.5  0.0043987  0.1785460  0.0033186
 1349.5 1351.4  0.0043799  0.1783614  0.0033121
 1351.4 1353.2  0.0043611  0.1781685  0.0033055
 1353.2 1355.0  0.0043437  0.1779865  0.0032992
 1355.0 1356.9  0.0043262  0.1778045  0.0032930
 1356.9 1358.7  0.0043078  0.1776124  0.0032864
 1358.7 1360.5  0.0042903  0.1774304  0.0032802
 1360.5 1362.4  0.0042729  0.1772484  0.0032740
 1362.4 1364.3  0.0042544  0.1770563  0.0032674
 1364.3 1366.1  0.0042360  0.1768642  0.0032609
 1366.1 1368.0  0.0042186  0.1766822  0.0032546
 1368.0 1369.9  0.0042001  0.1764901  0.0032481
 1369.9 1371.7  0.0041817  0.1762980  0.0032415
 1371.7 1373.6  0.0041643  0.1761160  0.0032353
 1373.6 1375.5  0.0041458  0.1759239  0.0032287
 1375.5 1377.4  0.0041274  0.1757317  0.0032221
 1377.4 1379.3  0.0041090  0.1755396  0.0032156
 1379.3 1381.2  0.0040905  0.1753475  0.0032090
 1381.2 1383.1  0.0040721  0.1751554  0.0032024
 1383.1 1385.0  0.0040537  0.1749633  0.0031958
 1385.0 1387.0  0.0040353  0.1747712  0.0031893
 1387.0 1388.9  0.0040159  0.1745690  0.0031824
 1388.9 1390.8  0.0039974  0.1743768  0.0031758
 1390.8 1392.8  0.0039790  0.1741847  0.0031692
 1392.8 1394.7  0.0039596  0.1739825  0.0031623
 1394.7 1396.6  0.0039412  0.1737904  0.0031557
 1396.6 1398.6  0.0039228  0.1735983  0.0031492
 1398.6 1400.6  0.0039034  0.1733961  0.0031422
 1400.6 1402.5  0.0038845  0.1731945  0.0031354
 1402.5 1404.5  0.0038675  0.1730045  0.0031292
 1404.5 1406.5  0.0038497  0.1728045  0.0031227
 1406.5 1408.5  0.0038319  0.1726045  0.0031161
 1408.5 1410.4  0.0038140  0.1724045  0.0031096
 1410.4 1412.4  0.0037971  0.1722144  0.0031034
 1412.4 1414.4  0.0037793  0.1720144  0.0030968
 1414.4 1416.4  0.0037614  0.1718144  0.0030903
 1416.4 1418.4  0.0037436  0.1716144  0.0030837
 1418.4 1420.5  0.0037258  0.1714144  0.0030772
 1420.5 1422.5  0.0037071  0.1712044  0.0030703
 1422.5 1424.5  0.0036892  0.1710044  0.0030638
 1424.5 1426.5  0.0036714  0.1708044  0.0030572
 1426.5 1428.6  0.0036536  0.1706043  0.0030507
 1428.6 1430.6  0.0036349  0.1703943  0.0030438
 1430.6 1432.7  0.0036170  0.1701943  0.0030373
 1432.7 1434.7  0.0035983  0.1699843  0.0030304
 1434.7 1436.8  0.0035805  0.1697843  0.0030239
 1436.8 1438.8  0.0035618  0.1695743  0.0030170
 1438.8 1440.9  0.0035439  0.1693743  0.0030104
 1440.9 1443.0  0.0035252  0.1691643  0.0030036
 1443.0 1445.1  0.0035065  0.1689542  0.0029967
 1445.1 1447.2  0.0034878  0.1687442  0.0029898
 1447.2 1449.3  0.0034691  0.1685342  0.0029830
 1449.3 1451.4  0.0034503  0.1683242  0.0029761
 1451.4 1453.5  0.0034328  0.1681153  0.0029695
 1453.5 1455.6  0.0034158  0.1679069  0.0029630
 1455.6 1457.7  0.0033989  0.1676984  0.0029566
 1457.7 1459.9  0.0033819  0.1674900  0.0029501
 1459.9 1462.0  0.0033641  0.1672717  0.0029433
 1462.0 1464.1  0.0033472  0.1670633  0.0029369
 1464.1 1466.3  0.0033302  0.1668549  0.0029304
 1466.3 1468.4  0.0033125  0.1666365  0.0029236
 1468.4 1470.6  0.0032955  0.1664281  0.0029172
 1470.6 1472.8  0.0032777  0.1662098  0.0029104
 1472.8 1474.9  0.0032600  0.1659915  0.0029036
 1474.9 1477.1  0.0032430  0.1657831  0.0028972
 1477.1 1479.3  0.0032252  0.1655647  0.0028904
 1479.3 1481.5  0.0032075  0.1653464  0.0028836
 1481.5 1483.7  0.0031897  0.1651281  0.0028768
 1483.7 1485.9  0.0031719  0.1649098  0.0028701
 1485.9 1488.1  0.0031542  0.1646914  0.0028633
 1488.1 1490.3  0.0031364  0.1644731  0.0028565
 1490.3 1492.5  0.0031186  0.1642547  0.0028498
 1492.5 1494.8  0.0031009  0.1640364  0.0028430
 1494.8 1497.0  0.0030823  0.1638082  0.0028359
 1497.0 1499.3  0.0030645  0.1635898  0.0028291
 1499.3 1501.5  0.0030460  0.1633616  0.0028221
 1501.5 1503.8  0.0030295  0.1631439  0.0028156
 1503.8 1506.0  0.0030130  0.1629166  0.0028090
 1506.0 1508.3  0.0029972  0.1626992  0.0028027
 1508.3 1510.6  0.0029807  0.1624720  0.0027961
 1510.6 1512.9  0.0029642  0.1622447  0.0027895
 1512.9 1515.2  0.0029477  0.1620174  0.0027829
 1515.2 1517.5  0.0029312  0.1617902  0.0027763
 1517.5 1519.8  0.0029147  0.1615629  0.0027697
 1519.8 1522.1  0.0028982  0.1613356  0.0027632
 1522.1 1524.4  0.0028817  0.1611084  0.0027566
 1524.4 1526.7  0.0028652  0.1608811  0.0027500
 1526.7 1529.1  0.0028487  0.1606539  0.0027434
 1529.1 1531.4  0.0028315  0.1604167  0.0027365
 1531.4 1533.7  0.0028150  0.1601895  0.0027299
 1533.7 1536.1  0.0027985  0.1599622  0.0027233
 1536.1 1538.5  0.0027812  0.1597251  0.0027164
 1538.5 1540.8  0.0027640  0.1594879  0.0027096
 1540.8 1543.2  0.0027475  0.1592606  0.0027030
 1543.2 1545.6  0.0027303  0.1590235  0.0026961
 1545.6 1548.0  0.0027131  0.1587864  0.0026892
 1548.0 1550.4  0.0026959  0.1585492  0.0026823
 1550.4 1552.8  0.0026790  0.1583121  0.0026755
 1552.8 1555.2  0.0026641  0.1580752  0.0026692
 1555.2 1557.6  0.0026492  0.1578383  0.0026629
 1557.6 1560.1  0.0026343  0.1576014  0.0026565
 1560.1 1562.5  0.0026188  0.1573547  0.0026499
 1562.5 1564.9  0.0026039  0.1571178  0.0026435
 1564.9 1567.4  0.0025890  0.1568809  0.0026372
 1567.4 1569.9  0.0025735  0.1566341  0.0026306
 1569.9 1572.3  0.0025580  0.1563873  0.0026240
 1572.3 1574.8  0.0025431  0.1561505  0.0026176
 1574.8 1577.3  0.0025275  0.1559037  0.0026110
 1577.3 1579.8  0.0025120  0.1556569  0.0026044
 1579.8 1582.3  0.0024965  0.1554102  0.0025978
 1582.3 1584.8  0.0024810  0.1551634  0.0025912
 1584.8 1587.3  0.0024655  0.1549166  0.0025846
 1587.3 1589.8  0.0024499  0.1546699  0.0025780
 1589.8 1592.4  0.0024344  0.1544231  0.0025714
 1592.4 1594.9  0.0024183  0.1541665  0.0025645
 1594.9 1597.4  0.0024028  0.1539197  0.0025579
 1597.4 1600.0  0.0023872  0.1536729  0.0025513
 1600.0 1602.6  0.0023711  0.1534163  0.0025444
 1602.6 1605.1  0.0023575  0.1531597  0.0025381
 1605.1 1607.7  0.0023445  0.1529129  0.0025321
 1607.7 1610.3  0.0023310  0.1526563  0.0025258
 1610.3 1612.9  0.0023174  0.1523996  0.0025195
 1612.9 1615.5  0.0023038  0.1521430  0.0025132
 1615.5 1618.1  0.0022903  0.1518864  0.0025070
 1618.1 1620.7  0.0022767  0.1516297  0.0025007
 1620.7 1623.4  0.0022632  0.1513731  0.0024944
 1623.4 1626.0  0.0022491  0.1511066  0.0024879
 1626.0 1628.7  0.0022355  0.1508499  0.0024816
 1628.7 1631.3  0.0022215  0.1505834  0.0024751
 1631.3 1634.0  0.0022079  0.1503268  0.0024688
 1634.0 1636.7  0.0021938  0.1500603  0.0024623
 1636.7 1639.3  0.0021797  0.1497938  0.0024557
 1639.3 1642.0  0.0021662  0.1495371  0.0024495
 1642.0 1644.7  0.0021521  0.1492706  0.0024429
 1644.7 1647.4  0.0021380  0.1490041  0.0024364
 1647.4 1650.2  0.0021240  0.1487376  0.0024299
 1650.2 1652.9  0.0021095  0.1484613  0.0024232
 1652.9 1655.6  0.0020979  0.1481959  0.0024172
 1655.6 1658.4  0.0020863  0.1479305  0.0024113
 1658.4 1661.1  0.0020743  0.1476552  0.0024051
 1661.1 1663.9  0.0020627  0.1473898  0.0023992
 1663.9 1666.7  0.0020507  0.1471145  0.0023930
 1666.7 1669.4  0.0020386  0.1468393  0.0023869
 1669.4 1672.2  0.0020270  0.1465739  0.0023809
 1672.2 1675.0  0.0020150  0.1462986  0.0023748
 1675.0 1677.9  0.0020030  0.1460233  0.0023686
 1677.9 1680.7  0.0019905  0.1457383  0.0023622
 1680.7 1683.5  0.0019785  0.1454630  0.0023561
 1683.5 1686.3  0.0019664  0.1451878  0.0023499
 1686.3 1689.2  0.0019544  0.1449125  0.0023437
 1689.2 1692.0  0.0019419  0.1446274  0.0023374
 1692.0 1694.9  0.0019299  0.1443522  0.0023312
 1694.9 1697.8  0.0019174  0.1440671  0.0023248
 1697.8 1700.7  0.0019050  0.1437820  0.0023184
 1700.7 1703.6  0.0018937  0.1435189  0.0023126
 1703.6 1706.5  0.0018863  0.1433249  0.0023085
 1706.5 1709.4  0.0018789  0.1431308  0.0023044
 1709.4 1712.3  0.0018716  0.1429368  0.0023003
 1712.3 1715.3  0.0018642  0.1427428  0.0022962
 1715.3 1718.2  0.0018565  0.1425421  0.0022920
 1718.2 1721.2  0.0018492  0.1423481  0.0022879
 1721.2 1724.1  0.0018415  0.1421474  0.0022836
 1724.1 1727.1  0.0018341  0.1419534  0.0022795
 1727.1 1730.1  0.0018265  0.1417527  0.0022753
 1730.1 1733.1  0.0018189  0.1415520  0.0022710
 1733.1 1736.1  0.0018112  0.1413513  0.0022668
 1736.1 1739.1  0.0018036  0.1411505  0.0022625
 1739.1 1742.2  0.0017959  0.1409498  0.0022583
 1742.2 1745.2  0.0017880  0.1407425  0.0022539
 1745.2 1748.3  0.0017804  0.1405417  0.0022497
 1748.3 1751.3  0.0017725  0.1403343  0.0022453
 1751.3 1754.4  0.0017649  0.1401336  0.0022410
 1754.4 1757.5  0.0017567  0.1399143  0.0022364
 1757.5 1760.6  0.0017467  0.1396147  0.0022304
 1760.6 1763.7  0.0017366  0.1393152  0.0022243
 1763.7 1766.8  0.0017266  0.1390156  0.0022183
 1766.8 1769.9  0.0017166  0.1387160  0.0022122
 1769.9 1773.0  0.0017065  0.1384163  0.0022062
 1773.0 1776.2  0.0016971  0.1381186  0.0022003
 1776.2 1779.4  0.0016874  0.1378113  0.0021942
 1779.4 1782.5  0.0016777  0.1375040  0.0021881
 1782.5 1785.7  0.0016683  0.1372063  0.0021822
 1785.7 1788.9  0.0016586  0.1368990  0.0021761
 1788.9 1792.1  0.0016494  0.1365937  0.0021701
 1792.1 1795.3  0.0016403  0.1362886  0.0021642
 1795.3 1798.6  0.0016312  0.1359835  0.0021582
 1798.6 1801.8  0.0016218  0.1356689  0.0021521
 1801.8 1805.1  0.0016127  0.1353638  0.0021462
 1805.1 1808.3  0.0016036  0.1350424  0.0021400
 1808.3 1811.6  0.0015948  0.1347304  0.0021340
 1811.6 1814.9  0.0015857  0.1344087  0.0021279
 1814.9 1818.2  0.0015766  0.1340870  0.0021217
 1818.2 1821.5  0.0015676  0.1337660  0.0021155
 1821.5 1824.8  0.0015593  0.1334568  0.0021097
 1824.8 1828.2  0.0015511  0.1331477  0.0021039
 1828.2 1831.5  0.0015425  0.1328292  0.0020978
 1831.5 1834.9  0.0015343  0.1325201  0.0020920
 1834.9 1838.2  0.0015258  0.1322016  0.0020860
 1838.2 1841.6  0.0015180  0.1318956  0.0020802
 1841.6 1845.0  0.0015099  0.1315805  0.0020743
 1845.0 1848.4  0.0015019  0.1312654  0.0020684
 1848.4 1851.9  0.0014939  0.1309503  0.0020625
 1851.9 1855.3  0.0014856  0.1306259  0.0020565
 1855.3 1858.7  0.0014779  0.1303055  0.0020505
 1858.7 1862.2  0.0014701  0.1299850  0.0020446
 1862.2 1865.7  0.0014622  0.1296551  0.0020385
 1865.7 1869.2  0.0014542  0.1293252  0.0020324
 1869.2 1872.7  0.0014463  0.1289960  0.0020263
 1872.7 1876.2  0.0014390  0.1286798  0.0020204
 1876.2 1879.7  0.0014317  0.1283635  0.0020146
 1879.7 1883.2  0.0014243  0.1280473  0.0020088
 1883.2 1886.8  0.0014170  0.1277311  0.0020029
 1886.8 1890.4  0.0014095  0.1274058  0.0019969
 1890.4 1893.9  0.0014024  0.1270851  0.0019910
 1893.9 1897.5  0.0013955  0.1267735  0.0019853
 1897.5 1901.1  0.0013883  0.1264531  0.0019794
 1901.1 1904.8  0.0013812  0.1261327  0.0019736
 1904.8 1908.4  0.0013739  0.1258033  0.0019675
 1908.4 1912.0  0.0013669  0.1254797  0.0019616
 1912.0 1915.7  0.0013600  0.1251559  0.0019557
 1915.7 1919.4  0.0013529  0.1248231  0.0019495
 1919.4 1923.1  0.0013457  0.1244903  0.0019434
 1923.1 1926.8  0.0013386  0.1241579  0.0019373
 1926.8 1930.5  0.0013320  0.1238400  0.0019315
 1930.5 1934.2  0.0013253  0.1235222  0.0019256
 1934.2 1938.0  0.0013187  0.1232043  0.0019198
 1938.0 1941.7  0.0013119  0.1228778  0.0019137
 1941.7 1945.5  0.0013052  0.1225600  0.0019079
 1945.5 1949.3  0.0012986  0.1222397  0.0019019
 1949.3 1953.1  0.0012921  0.1219200  0.0018960
 1953.1 1956.9  0.0012855  0.1216003  0.0018900
 1956.9 1960.8  0.0012789  0.1212806  0.0018841
 1960.8 1964.6  0.0012721  0.1209524  0.0018780
 1964.6 1968.5  0.0012656  0.1206318  0.0018720
 1968.5 1972.4  0.0012589  0.1203026  0.0018659
 1972.4 1976.3  0.0012522  0.1199734  0.0018597
 1976.3 1980.2  0.0012455  0.1196443  0.0018535
 1980.2 1984.1  0.0012388  0.1193159  0.0018474
 1984.1 1988.1  0.0012324  0.1190028  0.0018414
 1988.1 1992.0  0.0012259  0.1186816  0.0018353
 1992.0 1996.0  0.0012195  0.1183684  0.0018294
 1996.0 2000.0  0.0012130  0.1180472  0.0018233
 2000.0 2004.0  0.0012065  0.1177260  0.0018172
 2004.0 2008.0  0.0012000  0.1174052  0.0018110
 2008.0 2012.1  0.0011935  0.1170844  0.0018049
 2012.1 2016.1  0.0011869  0.1167555  0.0017986
 2016.1 2020.2  0.0011804  0.1164347  0.0017924
 2020.2 2024.3  0.0011738  0.1161067  0.0017861
 2024.3 2028.4  0.0011675  0.1157943  0.0017800
 2028.4 2032.5  0.0011612  0.1154819  0.0017740
 2032.5 2036.7  0.0011549  0.1151696  0.0017679
 2036.7 2040.8  0.0011485  0.1148496  0.0017617
 2040.8 2045.0  0.0011422  0.1145372  0.0017556
 2045.0 2049.2  0.0011359  0.1142258  0.0017495
 2049.2 2053.4  0.0011296  0.1139148  0.0017434
 2053.4 2057.6  0.0011234  0.1136038  0.0017372
 2057.6 2061.9  0.0011171  0.1132928  0.0017311
 2061.9 2066.1  0.0011106  0.1129744  0.0017248
 2066.1 2070.4  0.0011044  0.1126654  0.0017187
 2070.4 2074.7  0.0010980  0.1123492  0.0017124
 2074.7 2079.0  0.0010916  0.1120329  0.0017061
 2079.0 2083.3  0.0010852  0.1117167  0.0016998
 2083.3 2087.7  0.0010789  0.1114012  0.0016936
 2087.7 2092.1  0.0010725  0.1110882  0.0016872
 2092.1 2096.4  0.0010662  0.1107752  0.0016809
 2096.4 2100.8  0.0010600  0.1104694  0.0016748
 2100.8 2105.3  0.0010537  0.1101564  0.0016684
 2105.3 2109.7  0.0010472  0.1098375  0.0016620
 2109.7 2114.2  0.0010411  0.1095420  0.0016559
 2114.2 2118.6  0.0010350  0.1092397  0.0016498
 2118.6 2123.1  0.0010289  0.1089441  0.0016437
 2123.1 2127.7  0.0010227  0.1086418  0.0016375
 2127.7 2132.2  0.0010164  0.1083329  0.0016312
 2132.2 2136.8  0.0010104  0.1080410  0.0016252
 2136.8 2141.3  0.0010042  0.1077433  0.0016190
 2141.3 2145.9  0.0009982  0.1074521  0.0016129
 2145.9 2150.5  0.0009920  0.1071545  0.0016068
 2150.5 2155.2  0.0009859  0.1068569  0.0016006
 2155.2 2159.8  0.0009794  0.1065470  0.0015941
 2159.8 2164.5  0.0009730  0.1062430  0.0015877
 2164.5 2169.2  0.0009665  0.1059324  0.0015811
 2169.2 2173.9  0.0009600  0.1056219  0.0015746
 2173.9 2178.6  0.0009534  0.1053113  0.0015680
 2178.6 2183.4  0.0009479  0.1050519  0.0015625
 2183.4 2188.2  0.0009423  0.1047882  0.0015568
 2188.2 2193.0  0.0009366  0.1045244  0.0015512
 2193.0 2197.8  0.0009310  0.1042607  0.0015455
 2197.8 2202.6  0.0009254  0.1039969  0.0015399
 2202.6 2207.5  0.0009193  0.1037187  0.0015339
 2207.5 2212.4  0.0009128  0.1034223  0.0015274
 2212.4 2217.3  0.0009063  0.1031259  0.0015210
 2217.3 2222.2  0.0008998  0.1028294  0.0015146
 2222.2 2227.2  0.0008933  0.1025341  0.0015082
 2227.2 2232.1  0.0008871  0.1022595  0.0015021
 2232.1 2237.1  0.0008810  0.1019904  0.0014961
 2237.1 2242.2  0.0008748  0.1017158  0.0014900
 2242.2 2247.2  0.0008685  0.1014357  0.0014838
 2247.2 2252.3  0.0008623  0.1011619  0.0014777
 2252.3 2257.3  0.0008562  0.1009028  0.0014718
 2257.3 2262.4  0.0008502  0.1006488  0.0014661
 2262.4 2267.6  0.0008441  0.1003897  0.0014602
 2267.6 2272.7  0.0008379  0.1001255  0.0014543
 2272.7 2277.9  0.0008318  0.0998664  0.0014484
 2277.9 2283.1  0.0008255  0.0996137  0.0014426
 2283.1 2288.3  0.0008193  0.0993615  0.0014368
 2288.3 2293.6  0.0008130  0.0991094  0.0014309
 2293.6 2298.9  0.0008067  0.0988525  0.0014250
 2298.9 2304.1  0.0008003  0.0985956  0.0014190
 2304.1 2309.5  0.0007943  0.0983651  0.0014136
 2309.5 2314.8  0.0007880  0.0981263  0.0014079
 2314.8 2320.2  0.0007819  0.0978918  0.0014023
 2320.2 2325.6  0.0007756  0.0976530  0.0013967
 2325.6 2331.0  0.0007694  0.0974141  0.0013910
 2331.0 2336.4  0.0007631  0.0971893  0.0013855
 2336.4 2341.9  0.0007568  0.0969657  0.0013801
 2341.9 2347.4  0.0007504  0.0967379  0.0013745
 2347.4 2352.9  0.0007440  0.0965101  0.0013690
 2352.9 2358.5  0.0007376  0.0962823  0.0013634
 2358.5 2364.1  0.0007312  0.0960704  0.0013581
 2364.1 2369.7  0.0007247  0.0958588  0.0013528
 2369.7 2375.3  0.0007182  0.0956472  0.0013475
 2375.3 2381.0  0.0007118  0.0954356  0.0013422
 2381.0 2386.6  0.0007052  0.0952202  0.0013368
 2386.6 2392.3  0.0006990  0.0950244  0.0013319
 2392.3 2398.1  0.0006926  0.0948250  0.0013270
 2398.1 2403.8  0.0006862  0.0946222  0.0013219
 2403.8 2409.6  0.0006798  0.0944228  0.0013170
 2409.6 2415.5  0.0006733  0.0942200  0.0013119
 2415.5 2421.3  0.0006669  0.0940056  0.0013071
 2421.3 2427.2  0.0006605  0.0937942  0.0013024
 2427.2 2433.1  0.0006540  0.0935792  0.0012976
 2433.1 2439.0  0.0006476  0.0933641  0.0012928
 2439.0 2445.0  0.0006411  0.0931491  0.0012880
 2445.0 2451.0  0.0006349  0.0929030  0.0012835
 2451.0 2457.0  0.0006287  0.0926569  0.0012790
 2457.0 2463.1  0.0006224  0.0924108  0.0012746
 2463.1 2469.1  0.0006161  0.0921606  0.0012700
 2469.1 2475.2  0.0006099  0.0919136  0.0012655
 2475.2 2481.4  0.0006041  0.0916108  0.0012615
 2481.4 2487.6  0.0005982  0.0913030  0.0012573
 2487.6 2493.8  0.0005924  0.0909953  0.0012532
 2493.8 2500.0  0.0005865  0.0906875  0.0012490
 2500.0 2506.3  0.0005806  0.0903797  0.0012449
 2506.3 2512.6  0.0005754  0.0899922  0.0012412
 2512.6 2518.9  0.0005702  0.0896046  0.0012376
 2518.9 2525.3  0.0005649  0.0892171  0.0012339
 2525.3 2531.6  0.0005596  0.0888234  0.0012302
 2531.6 2538.1  0.0005544  0.0884359  0.0012265
 2538.1 2544.5  0.0005498  0.0879226  0.0012232
 2544.5 2551.0  0.0005453  0.0874099  0.0012199
 2551.0 2557.5  0.0005407  0.0868892  0.0012166
 2557.5 2564.1  0.0005362  0.0863684  0.0012133
 2564.1 2570.7  0.0005315  0.0858372  0.0012100
 2570.7 2577.3  0.0005280  0.0851474  0.0012072
 2577.3 2584.0  0.0005244  0.0844574  0.0012044
 2584.0 2590.7  0.0005208  0.0837571  0.0012015
 2590.7 2597.4  0.0005172  0.0830567  0.0011987
 2597.4 2604.2  0.0005137  0.0823468  0.0011959
 2604.2 2611.0  0.0005115  0.0814720  0.0011937
 2611.0 2617.8  0.0005093  0.0805972  0.0011915
 2617.8 2624.7  0.0005071  0.0797225  0.0011893
 2624.7 2631.6  0.0005049  0.0788349  0.0011871
 2631.6 2638.5  0.0005026  0.0779472  0.0011848
 2638.5 2645.5  0.0005018  0.0768615  0.0011831
 2645.5 2652.5  0.0005010  0.0757476  0.0011814
 2652.5 2659.6  0.0005002  0.0746337  0.0011797
 2659.6 2666.7  0.0004994  0.0735039  0.0011780
 2666.7 2673.8  0.0004986  0.0723741  0.0011763
 2673.8 2681.0  0.0004992  0.0710886  0.0011750
 2681.0 2688.2  0.0004999  0.0697780  0.0011738
 2688.2 2695.4  0.0005005  0.0684674  0.0011725
 2695.4 2702.7  0.0005012  0.0671568  0.0011712
 2702.7 2710.0  0.0005019  0.0658280  0.0011700
 2710.0 2717.4  0.0005038  0.0643909  0.0011690
 2717.4 2724.8  0.0005059  0.0629295  0.0011680
 2724.8 2732.2  0.0005080  0.0614680  0.0011670
 2732.2 2739.7  0.0005100  0.0600066  0.0011660
 2739.7 2747.3  0.0005121  0.0585254  0.0011649
 2747.3 2754.8  0.0005154  0.0569701  0.0011641
 2754.8 2762.4  0.0005187  0.0554331  0.0011632
 2762.4 2770.1  0.0005221  0.0538757  0.0011623
 2770.1 2777.8  0.0005255  0.0522976  0.0011614
 2777.8 2785.5  0.0005289  0.0507197  0.0011605
 2785.5 2793.3  0.0005334  0.0491509  0.0011595
 2793.3 2801.1  0.0005381  0.0475620  0.0011585
 2801.1 2809.0  0.0005427  0.0459732  0.0011574
 2809.0 2816.9  0.0005474  0.0443639  0.0011564
 2816.9 2824.9  0.0005520  0.0427547  0.0011553
 2824.9 2832.9  0.0005578  0.0411916  0.0011539
 2832.9 2840.9  0.0005636  0.0396294  0.0011525
 2840.9 2849.0  0.0005694  0.0380672  0.0011511
 2849.0 2857.1  0.0005752  0.0364854  0.0011496
 2857.1 2865.3  0.0005811  0.0349062  0.0011482
 2865.3 2873.6  0.0005877  0.0335121  0.0011461
 2873.6 2881.8  0.0005944  0.0321010  0.0011441
 2881.8 2890.2  0.0006010  0.0307069  0.0011420
 2890.2 2898.6  0.0006077  0.0292788  0.0011399
 2898.6 2907.0  0.0006145  0.0278507  0.0011378
 2907.0 2915.5  0.0006220  0.0266485  0.0011347
 2915.5 2924.0  0.0006297  0.0254434  0.0011315
 2924.0 2932.6  0.0006374  0.0242383  0.0011284
 2932.6 2941.2  0.0006451  0.0230190  0.0011251
 2941.2 2949.9  0.0006529  0.0218074  0.0011219
 2949.9 2958.6  0.0006610  0.0209061  0.0011176
 2958.6 2967.4  0.0006692  0.0200047  0.0011133
 2967.4 2976.2  0.0006774  0.0190931  0.0011090
 2976.2 2985.1  0.0006857  0.0181814  0.0011046
 2985.1 2994.0  0.0006940  0.0172626  0.0011002
 2994.0 3003.0  0.0007025  0.0166347  0.0010948
 3003.0 3012.0  0.0007111  0.0159997  0.0010892
 3012.0 3021.1  0.0007198  0.0153648  0.0010837
 3021.1 3030.3  0.0007285  0.0147227  0.0010781
 3030.3 3039.5  0.0007373  0.0140820  0.0010724
 3039.5 3048.8  0.0007457  0.0136898  0.0010661
 3048.8 3058.1  0.0007542  0.0132934  0.0010596
 3058.1 3067.5  0.0007628  0.0128969  0.0010532
 3067.5 3076.9  0.0007714  0.0124962  0.0010467
 3076.9 3086.4  0.0007800  0.0120955  0.0010403
 3086.4 3096.0  0.0007881  0.0118811  0.0010332
 3096.0 3105.6  0.0007962  0.0116665  0.0010260
 3105.6 3115.3  0.0008044  0.0114519  0.0010188
 3115.3 3125.0  0.0008126  0.0112351  0.0010116
 3125.0 3134.8  0.0008208  0.0110183  0.0010043
 3134.8 3144.7  0.0008278  0.0109279  0.0009969
 3144.7 3154.6  0.0008348  0.0108365  0.0009895
 3154.6 3164.6  0.0008419  0.0107452  0.0009820
 3164.6 3174.6  0.0008490  0.0106529  0.0009745
 3174.6 3184.7  0.0008561  0.0105607  0.0009670
 3184.7 3194.9  0.0008616  0.0105156  0.0009596
 3194.9 3205.1  0.0008671  0.0104721  0.0009521
 3205.1 3215.4  0.0008726  0.0104286  0.0009445
 3215.4 3225.8  0.0008781  0.0103847  0.0009370
 3225.8 3236.2  0.0008836  0.0103390  0.0009293
 3236.2 3246.8  0.0008870  0.0102779  0.0009222
 3246.8 3257.3  0.0008905  0.0102156  0.0009149
 3257.3 3268.0  0.0008940  0.0101539  0.0009077
 3268.0 3278.7  0.0008975  0.0100910  0.0009003
 3278.7 3289.5  0.0009003  0.0100143  0.0008932
 3289.5 3300.3  0.0009016  0.0099105  0.0008863
 3300.3 3311.3  0.0009029  0.0098067  0.0008795
 3311.3 3322.3  0.0009042  0.0097010  0.0008725
 3322.3 3333.3  0.0009056  0.0095953  0.0008655
 3333.3 3344.5  0.0009054  0.0094682  0.0008589
 3344.5 3355.7  0.0009048  0.0093317  0.0008523
 3355.7 3367.0  0.0009041  0.0091953  0.0008457
 3367.0 3378.4  0.0009035  0.0090576  0.0008390
 3378.4 3389.8  0.0009026  0.0089264  0.0008329
 3389.8 3401.4  0.0009011  0.0088132  0.0008281
 3401.4 3413.0  0.0008996  0.0086981  0.0008233
 3413.0 3424.7  0.0008981  0.0085829  0.0008184
 3424.7 3436.4  0.0008965  0.0084668  0.0008135
 3436.4 3448.3  0.0008865  0.0081116  0.0007987
 3448.3 3460.2  0.0008760  0.0077440  0.0007833
 3460.2 3472.2  0.0008700  0.0075940  0.0007761
 3472.2 3484.3  0.0008646  0.0074794  0.0007701
 3484.3 3496.5  0.0008592  0.0073637  0.0007641
 3496.5 3508.8  0.0008538  0.0072471  0.0007581
 3508.8 3521.1  0.0008483  0.0071296  0.0007520
 3521.1 3533.6  0.0008428  0.0070121  0.0007459
 3533.6 3546.1  0.0008372  0.0068926  0.0007397
 3546.1 3558.7  0.0008316  0.0067732  0.0007335
 3558.7 3571.4  0.0008252  0.0066903  0.0007276
 3571.4 3584.2  0.0008184  0.0066238  0.0007217
 3584.2 3597.1  0.0008116  0.0065567  0.0007158
 3597.1 3610.1  0.0008047  0.0064891  0.0007098
 3610.1 3623.2  0.0007977  0.0064210  0.0007038
 3623.2 3636.4  0.0007907  0.0063523  0.0006977
 3636.4 3649.6  0.0007836  0.0062832  0.0006916
 3649.6 3663.0  0.0007765  0.0062140  0.0006855
 3663.0 3676.5  0.0007693  0.0061749  0.0006797
 3676.5 3690.0  0.0007620  0.0061364  0.0006739
 3690.0 3703.7  0.0007547  0.0060979  0.0006681
 3703.7 3717.5  0.0007473  0.0060589  0.0006623
 3717.5 3731.3  0.0007398  0.0060195  0.0006563
 3731.3 3745.3  0.0007324  0.0059802  0.0006504
 3745.3 3759.4  0.0007248  0.0059403  0.0006444
 3759.4 3773.6  0.0007180  0.0059010  0.0006387
 3773.6 3787.9  0.0007114  0.0058620  0.0006331
 3787.9 3802.3  0.0007049  0.0058226  0.0006275
 3802.3 3816.8  0.0006982  0.0057830  0.0006219
 3816.8 3831.4  0.0006916  0.0057431  0.0006162
 3831.4 3846.2  0.0006849  0.0057030  0.0006105
 3846.2 3861.0  0.0006780  0.0056623  0.0006047
 3861.0 3876.0  0.0006725  0.0056101  0.0005993
 3876.0 3891.1  0.0006674  0.0055533  0.0005940
 3891.1 3906.2  0.0006623  0.0054960  0.0005887
 3906.2 3921.6  0.0006571  0.0054388  0.0005834
 3921.6 3937.0  0.0006519  0.0053804  0.0005779
 3937.0 3952.6  0.0006466  0.0053221  0.0005725
 3952.6 3968.3  0.0006416  0.0052612  0.0005671
 3968.3 3984.1  0.0006380  0.0051912  0.0005621
 3984.1 4000.0  0.0006343  0.0051207  0.0005571
 4000.0 4016.1  0.0006306  0.0050498  0.0005521
 4016.1 4032.3  0.0006269  0.0049780  0.0005469
 4032.3 4048.6  0.0006231  0.0049057  0.0005418
 4048.6 4065.0  0.0006193  0.0048330  0.0005366
 4065.0 4081.6  0.0006167  0.0047610  0.0005319
 4081.6 4098.4  0.0006142  0.0046882  0.0005271
 4098.4 4115.2  0.0006116  0.0046146  0.0005223
 4115.2 4132.2  0.0006091  0.0045409  0.0005175
 4132.2 4149.4  0.0006065  0.0044664  0.0005126
 4149.4 4166.7  0.0006039  0.0043909  0.0005077
 4166.7 4184.1  0.0006022  0.0043218  0.0005032
 4184.1 4201.7  0.0006006  0.0042524  0.0004986
 4201.7 4219.4  0.0005990  0.0041823  0.0004941
 4219.4 4237.3  0.0005973  0.0041118  0.0004895
 4237.3 4255.3  0.0005957  0.0040405  0.0004848
 4255.3 4273.5  0.0005942  0.0039709  0.0004802
 4273.5 4291.8  0.0005932  0.0039056  0.0004759
 4291.8 4310.3  0.0005922  0.0038399  0.0004716
 4310.3 4329.0  0.0005912  0.0037735  0.0004672
 4329.0 4347.8  0.0005902  0.0037064  0.0004628
 4347.8 4366.8  0.0005892  0.0036390  0.0004583
 4366.8 4386.0  0.0005886  0.0035768  0.0004541
 4386.0 4405.3  0.0005881  0.0035147  0.0004500
 4405.3 4424.8  0.0005875  0.0034523  0.0004457
 4424.8 4444.4  0.0005869  0.0033892  0.0004415
 4444.4 4464.3  0.0005864  0.0033258  0.0004372
 4464.3 4484.3  0.0005860  0.0032659  0.0004331
 4484.3 4504.5  0.0005858  0.0032074  0.0004291
 4504.5 4524.9  0.0005856  0.0031483  0.0004251
 4524.9 4545.5  0.0005854  0.0030886  0.0004210
 4545.5 4566.2  0.0005851  0.0030284  0.0004169
 4566.2 4587.2  0.0005851  0.0029721  0.0004130
 4587.2 4608.3  0.0005852  0.0029163  0.0004091
 4608.3 4629.6  0.0005853  0.0028602  0.0004052
 4629.6 4651.2  0.0005853  0.0028035  0.0004013
 4651.2 4672.9  0.0005854  0.0027464  0.0003973
 4672.9 4694.8  0.0005858  0.0026937  0.0003935
 4694.8 4717.0  0.0005861  0.0026404  0.0003897
 4717.0 4739.3  0.0005865  0.0025865  0.0003859
 4739.3 4761.9  0.0005868  0.0025323  0.0003821
 4761.9 4784.7  0.0005874  0.0024798  0.0003783
 4784.7 4807.7  0.0005880  0.0024289  0.0003746
 4807.7 4830.9  0.0005887  0.0023776  0.0003709
 4830.9 4854.4  0.0005894  0.0023259  0.0003672
 4854.4 4878.0  0.0005902  0.0022743  0.0003634
 4878.0 4902.0  0.0005912  0.0022258  0.0003598
 4902.0 4926.1  0.0005922  0.0021766  0.0003562
 4926.1 4950.5  0.0005932  0.0021271  0.0003525
 4950.5 4975.1  0.0005942  0.0020772  0.0003488
 4975.1 5000.0  0.0005956  0.0020306  0.0003453
 5000.0 5025.1  0.0005970  0.0019835  0.0003417
 5025.1 5050.5  0.0005983  0.0019359  0.0003382
 5050.5 5076.1  0.0005997  0.0018879  0.0003345
 5076.1 5102.0  0.0006015  0.0018432  0.0003311
 5102.0 5128.2  0.0006032  0.0017980  0.0003276
 5128.2 5154.6  0.0006050  0.0017523  0.0003240
 5154.6 5181.3  0.0006069  0.0017068  0.0003205
 5181.3 5208.3  0.0006091  0.0016639  0.0003171
 5208.3 5235.6  0.0006113  0.0016205  0.0003137
 5235.6 5263.2  0.0006135  0.0015766  0.0003102
 5263.2 5291.0  0.0006160  0.0015340  0.0003068
 5291.0 5319.1  0.0006187  0.0014931  0.0003035
 5319.1 5347.6  0.0006215  0.0014518  0.0003001
 5347.6 5376.3  0.0006243  0.0014098  0.0002967
 5376.3 5405.4  0.0006275  0.0013711  0.0002935
 5405.4 5434.8  0.0006308  0.0013322  0.0002902
 5434.8 5464.5  0.0006342  0.0012929  0.0002869
 5464.5 5494.5  0.0006379  0.0012553  0.0002837
 5494.5 5524.9  0.0006419  0.0012194  0.0002805
 5524.9 5555.6  0.0006460  0.0011831  0.0002773
 5555.6 5586.6  0.0006503  0.0011472  0.0002742
 5586.6 5618.0  0.0006551  0.0011146  0.0002712
 5618.0 5649.7  0.0006599  0.0010816  0.0002682
 5649.7 5681.8  0.0006649  0.0010483  0.0002651
 5681.8 5714.3  0.0006705  0.0010188  0.0002623
 5714.3 5747.1  0.0006762  0.0009890  0.0002594
 5747.1 5780.3  0.0006820  0.0009590  0.0002565
 5780.3 5814.0  0.0006883  0.0009319  0.0002537
 5814.0 5848.0  0.0006949  0.0009048  0.0002510
 5848.0 5882.4  0.0007014  0.0008775  0.0002482
 5882.4 5917.2  0.0007085  0.0008528  0.0002455
 5917.2 5952.4  0.0007157  0.0008281  0.0002428
 5952.4 5988.0  0.0007230  0.0008032  0.0002400
 5988.0 6024.1  0.0007308  0.0007804  0.0002374
 6024.1 6060.6  0.0007387  0.0007574  0.0002348
 6060.6 6097.6  0.0007468  0.0007347  0.0002322
 6097.6 6135.0  0.0007553  0.0007132  0.0002296
 6135.0 6172.8  0.0007638  0.0006916  0.0002269
 6172.8 6211.2  0.0007726  0.0006707  0.0002244
 6211.2 6250.0  0.0007816  0.0006502  0.0002218
 6250.0 6289.3  0.0007908  0.0006294  0.0002192
 6289.3 6329.1  0.0008003  0.0006097  0.0002166
 6329.1 6369.4  0.0008099  0.0005898  0.0002140
 6369.4 6410.3  0.0008197  0.0005700  0.0002114
 6410.3 6451.6  0.0008297  0.0005505  0.0002087
 6451.6 6493.5  0.0008398  0.0005308  0.0002061
 6493.5 6535.9  0.0008502  0.0005112  0.0002034
 6535.9 6578.9  0.0008607  0.0004914  0.0002007
 6578.9 6622.5  0.0008714  0.0004714  0.0001980
 6622.5 6666.7  0.0008822  0.0004511  0.0001952
 6666.7 6711.4  0.0008932  0.0004304  0.0001924
 6711.4 6756.8  0.0009043  0.0004093  0.0001896
 6756.8 6802.7  0.0009156  0.0003877  0.0001868
 6802.7 6849.3  0.0009269  0.0003652  0.0001838
 6849.3 6896.6  0.0009384  0.0003423  0.0001807
 6896.6 6944.4  0.0009500  0.0003181  0.0001777
 6944.4 6993.0  0.0009617  0.0002936  0.0001746
 6993.0 7042.3  0.0009736  0.0002680  0.0001714
 7042.3 7092.2  0.0009856  0.0002419  0.0001681
 7092.2 7142.9  0.0009979  0.0002151  0.0001648
 7142.9 7194.2  0.0010104  0.0001878  0.0001614
 7194.2 7246.4  0.0010231  0.0001602  0.0001580
 7246.4 7299.3  0.0010360  0.0001321  0.0001545
 7299.3 7352.9  0.0010493  0.0001041  0.0001511
 7352.9 7407.4  0.0010629  0.0000758  0.0001476
 7407.4 7462.7  0.0010770  0.0000479  0.0001442
 7462.7 7518.8  0.0010914  0.0000256  0.0001407
 7518.8 7575.8  0.0011064  0.0000236  0.0001372
 7575.8 7633.6  0.0011219  0.0000340  0.0001338
 7633.6 7692.3  0.0011379  0.0000599  0.0001304
 7692.3 7751.9  0.0011549  0.0000843  0.0001271
 7751.9 7812.5  0.0011724  0.0001080  0.0001238
 7812.5 7874.0  0.0011911  0.0001287  0.0001207
 7874.0 7936.5  0.0012106  0.0001478  0.0001177
 7936.5 8000.0  0.0012312  0.0001643  0.0001148
 8000.0 8064.5  0.0012533  0.0001766  0.0001122
 8064.5 8130.1  0.0012767  0.0001861  0.0001099
 8130.1 8196.7  0.0013020  0.0001901  0.0001078
 8196.7 8264.5  0.0013294  0.0001878  0.0001062
 8264.5 8333.3  0.0013585  0.0001803  0.0001049
 8333.3 8403.4  0.0013905  0.0001640  0.0001042
 8403.4 8474.6  0.0014260  0.0001369  0.0001042
 8474.6 8547.0  0.0014628  0.0001060  0.0001044
 8547.0 8620.7  0.0015003  0.0000747  0.0001046
 8620.7 8695.7  0.0015385  0.0000428  0.0001048
 8695.7 8771.9  0.0015774  0.0000103  0.0001050
 8771.9 8849.6  0.0016168 -0.0000227  0.0001053
 8849.6 8928.6  0.0016571 -0.0000563  0.0001055
 8928.6 9009.0  0.0016980 -0.0000905  0.0001057
 9009.0 9090.9  0.0017397 -0.0001253  0.0001060
 9090.9 9174.3  0.0017821 -0.0001608  0.0001062
 9174.3 9259.3  0.0018253 -0.0001969  0.0001065
 9259.3 9345.8  0.0018693 -0.0002337  0.0001067
 9345.8 9434.0  0.0019141 -0.0002712  0.0001070
 9434.0 9523.8  0.0019598 -0.0003094  0.0001073
 9523.8 9615.4  0.0020063 -0.0003483  0.0001075
 9615.4 9708.7  0.0020538 -0.0003879  0.0001078
 9708.7 9803.9  0.0021021 -0.0004283  0.0001081
 9803.9 9901.0  0.0021514 -0.0004695  0.0001084
 9901.0 9911.0  0.0022017 -0.0005116  0.0001087
