 1176.5 1177.9  0.1376031  0.9315403  0.0310435
 1177.9 1179.2  0.1372141  0.9299319  0.0310017
 1179.2 1180.6  0.1368529  0.9284384  0.0309629
 1180.6 1182.0  0.1364639  0.9268301  0.0309211
 1182.0 1183.4  0.1360749  0.9252216  0.0308793
 1183.4 1184.8  0.1356859  0.9236132  0.0308375
 1184.8 1186.2  0.1352969  0.9220048  0.0307957
 1186.2 1187.6  0.1349079  0.9203964  0.0307539
 1187.6 1189.1  0.1345189  0.9187880  0.0307121
 1189.1 1190.5  0.1341021  0.9170647  0.0306673
 1190.5 1191.9  0.1337131  0.9154563  0.0306255
 1191.9 1193.3  0.1333240  0.9138479  0.0305837
 1193.3 1194.7  0.1329350  0.9122395  0.0305419
 1194.7 1196.2  0.1325460  0.9106312  0.0305001
 1196.2 1197.6  0.1321292  0.9089079  0.0304553
 1197.6 1199.0  0.1317402  0.9072995  0.0304135
 1199.0 1200.5  0.1313512  0.9056910  0.0303717
 1200.5 1201.9  0.1309344  0.9039677  0.0303269
 1201.9 1203.4  0.1305454  0.9023594  0.0302852
 1203.4 1204.8  0.1301286  0.9006361  0.0302404
 1204.8 1206.3  0.1297396  0.8990276  0.0301986
 1206.3 1207.7  0.1293228  0.8973044  0.0301538
 1207.7 1209.2  0.1289338  0.8956960  0.0301120
 1209.2 1210.7  0.1285170  0.8939728  0.0300672
 1210.7 1212.1  0.1281002  0.8922495  0.0300224
 1212.1 1213.6  0.1277112  0.8906410  0.0299806
 1213.6 1215.1  0.1272944  0.8889178  0.0299359
 1215.1 1216.5  0.1268776  0.8871945  0.0298911
 1216.5 1218.0  0.1264886  0.8855861  0.0298493
 1218.0 1219.5  0.1260718  0.8838628  0.0298045
 1219.5 1221.0  0.1256550  0.8821395  0.0297597
 1221.0 1222.5  0.1252382  0.8804162  0.0297149
 1222.5 1224.0  0.1248214  0.8786929  0.0296701
 1224.0 1225.5  0.1244046  0.8769696  0.0296254
 1225.5 1227.0  0.1239878  0.8752463  0.0295806
 1227.0 1228.5  0.1235710  0.8735231  0.0295358
 1228.5 1230.0  0.1231542  0.8717998  0.0294910
 1230.0 1231.5  0.1227374  0.8700765  0.0294462
 1231.5 1233.0  0.1223206  0.8683532  0.0294015
 1233.0 1234.6  0.1219038  0.8666300  0.0293567
 1234.6 1236.1  0.1214592  0.8647918  0.0293089
 1236.1 1237.6  0.1210424  0.8630685  0.0292641
 1237.6 1239.2  0.1206256  0.8613452  0.0292193
 1239.2 1240.7  0.1201811  0.8595071  0.0291716
 1240.7 1242.2  0.1197643  0.8577838  0.0291268
 1242.2 1243.8  0.1193475  0.8560605  0.0290820
 1243.8 1245.3  0.1189029  0.8542222  0.0290342
 1245.3 1246.9  0.1184861  0.8524989  0.0289895
 1246.9 1248.4  0.1180415  0.8506608  0.0289417
 1248.4 1250.0  0.1176247  0.8489375  0.0288969
 1250.0 1251.6  0.1171801  0.8470994  0.0288491
 1251.6 1253.1  0.1167355  0.8452612  0.0288014
 1253.1 1254.7  0.1163187  0.8435379  0.0287566
 1254.7 1256.3  0.1158742  0.8416998  0.0287088
 1256.3 1257.9  0.1154296  0.8398615  0.0286611
 1257.9 1259.4  0.1149850  0.8380234  0.0286133
 1259.4 1261.0  0.1145682  0.8363001  0.0285685
 1261.0 1262.6  0.1141236  0.8344620  0.0285207
 1262.6 1264.2  0.1136790  0.8326238  0.0284730
 1264.2 1265.8  0.1132345  0.8307857  0.0284252
 1265.8 1267.4  0.1127898  0.8289474  0.0283774
 1267.4 1269.0  0.1123453  0.8271093  0.0283297
 1269.0 1270.6  0.1119007  0.8252711  0.0282819
 1270.6 1272.3  0.1114561  0.8234330  0.0282341
 1272.3 1273.9  0.1109837  0.8214799  0.0281834
 1273.9 1275.5  0.1105392  0.8196417  0.0281356
 1275.5 1277.1  0.1100946  0.8178036  0.0280878
 1277.1 1278.8  0.1096500  0.8159654  0.0280401
 1278.8 1280.4  0.1091776  0.8140123  0.0279893
 1280.4 1282.1  0.1087330  0.8121741  0.0279416
 1282.1 1283.7  0.1082607  0.8102211  0.0278908
 1283.7 1285.3  0.1078161  0.8083830  0.0278430
 1285.3 1287.0  0.1073715  0.8065447  0.0277953
 1287.0 1288.7  0.1068991  0.8045917  0.0277445
 1288.7 1290.3  0.1064268  0.8026387  0.0276938
 1290.3 1292.0  0.1059822  0.8008004  0.0276460
 1292.0 1293.7  0.1055098  0.7988474  0.0275952
 1293.7 1295.3  0.1050375  0.7968944  0.0275445
 1295.3 1297.0  0.1045928  0.7950562  0.0274967
 1297.0 1298.7  0.1041205  0.7931032  0.0274460
 1298.7 1300.4  0.1036481  0.7911502  0.0273952
 1300.4 1302.1  0.1032087  0.7893264  0.0273476
 1302.1 1303.8  0.1028763  0.7879233  0.0273104
 1303.8 1305.5  0.1025439  0.7865201  0.0272732
 1305.5 1307.2  0.1022115  0.7851169  0.0272359
 1307.2 1308.9  0.1018791  0.7837138  0.0271987
 1308.9 1310.6  0.1015467  0.7823105  0.0271614
 1310.6 1312.3  0.1012143  0.7809074  0.0271242
 1312.3 1314.1  0.1008818  0.7795042  0.0270870
 1314.1 1315.8  0.1005299  0.7780185  0.0270475
 1315.8 1317.5  0.1001975  0.7766153  0.0270103
 1317.5 1319.3  0.0998651  0.7752122  0.0269730
 1319.3 1321.0  0.0995131  0.7737264  0.0269336
 1321.0 1322.8  0.0991807  0.7723233  0.0268964
 1322.8 1324.5  0.0988288  0.7708375  0.0268569
 1324.5 1326.3  0.0984964  0.7694344  0.0268197
 1326.3 1328.0  0.0981444  0.7679486  0.0267803
 1328.0 1329.8  0.0978120  0.7665455  0.0267430
 1329.8 1331.6  0.0974600  0.7650598  0.0267036
 1331.6 1333.3  0.0971081  0.7635741  0.0266642
 1333.3 1335.1  0.0967757  0.7621709  0.0266269
 1335.1 1336.9  0.0964237  0.7606852  0.0265875
 1336.9 1338.7  0.0960718  0.7591994  0.0265481
 1338.7 1340.5  0.0957198  0.7577138  0.0265086
 1340.5 1342.3  0.0953679  0.7562281  0.0264692
 1342.3 1344.1  0.0950159  0.7547423  0.0264298
 1344.1 1345.9  0.0946639  0.7532567  0.0263903
 1345.9 1347.7  0.0943120  0.7517709  0.0263509
 1347.7 1349.5  0.0939600  0.7502853  0.0263115
 1349.5 1351.4  0.0936081  0.7487995  0.0262721
 1351.4 1353.2  0.0932547  0.7472875  0.0262315
 1353.2 1355.0  0.0929261  0.7458742  0.0261934
 1355.0 1356.9  0.0925974  0.7444608  0.0261553
 1356.9 1358.7  0.0922505  0.7429688  0.0261151
 1358.7 1360.5  0.0919219  0.7415555  0.0260770
 1360.5 1362.4  0.0915932  0.7401420  0.0260389
 1362.4 1364.3  0.0912463  0.7386501  0.0259987
 1364.3 1366.1  0.0908994  0.7371582  0.0259585
 1366.1 1368.0  0.0905708  0.7357449  0.0259204
 1368.0 1369.9  0.0902239  0.7342530  0.0258802
 1369.9 1371.7  0.0898769  0.7327610  0.0258400
 1371.7 1373.6  0.0895483  0.7313477  0.0258019
 1373.6 1375.5  0.0892014  0.7298558  0.0257617
 1375.5 1377.4  0.0888545  0.7283639  0.0257215
 1377.4 1379.3  0.0885076  0.7268720  0.0256813
 1379.3 1381.2  0.0881607  0.7253801  0.0256411
 1381.2 1383.1  0.0878138  0.7238882  0.0256008
 1383.1 1385.0  0.0874669  0.7223963  0.0255606
 1385.0 1387.0  0.0871200  0.7209044  0.0255204
 1387.0 1388.9  0.0867548  0.7193339  0.0254781
 1388.9 1390.8  0.0864079  0.7178420  0.0254379
 1390.8 1392.8  0.0860610  0.7163501  0.0253977
 1392.8 1394.7  0.0856959  0.7147797  0.0253554
 1394.7 1396.6  0.0853490  0.7132878  0.0253152
 1396.6 1398.6  0.0850021  0.7117959  0.0252750
 1398.6 1400.6  0.0846369  0.7102255  0.0252326
 1400.6 1402.5  0.0842800  0.7086799  0.0251908
 1402.5 1404.5  0.0839591  0.7072666  0.0251520
 1404.5 1406.5  0.0836213  0.7057789  0.0251112
 1406.5 1408.5  0.0832835  0.7042912  0.0250704
 1408.5 1410.4  0.0829458  0.7028036  0.0250297
 1410.4 1412.4  0.0826249  0.7013902  0.0249909
 1412.4 1414.4  0.0822871  0.6999025  0.0249501
 1414.4 1416.4  0.0819493  0.6984149  0.0249093
 1416.4 1418.4  0.0816116  0.6969272  0.0248685
 1418.4 1420.5  0.0812738  0.6954395  0.0248278
 1420.5 1422.5  0.0809191  0.6938775  0.0247849
 1422.5 1424.5  0.0805814  0.6923898  0.0247441
 1424.5 1426.5  0.0802436  0.6909021  0.0247033
 1426.5 1428.6  0.0799058  0.6894144  0.0246626
 1428.6 1430.6  0.0795512  0.6878524  0.0246197
 1430.6 1432.7  0.0792134  0.6863647  0.0245789
 1432.7 1434.7  0.0788587  0.6848027  0.0245361
 1434.7 1436.8  0.0785210  0.6833150  0.0244953
 1436.8 1438.8  0.0781663  0.6817529  0.0244525
 1438.8 1440.9  0.0778285  0.6802651  0.0244117
 1440.9 1443.0  0.0774739  0.6787031  0.0243689
 1443.0 1445.1  0.0771192  0.6771411  0.0243261
 1445.1 1447.2  0.0767645  0.6755790  0.0242832
 1447.2 1449.3  0.0764099  0.6740170  0.0242404
 1449.3 1451.4  0.0760552  0.6724548  0.0241976
 1451.4 1453.5  0.0757209  0.6709528  0.0241559
 1453.5 1455.6  0.0753968  0.6694808  0.0241147
 1455.6 1457.7  0.0750727  0.6680088  0.0240736
 1457.7 1459.9  0.0747485  0.6665368  0.0240324
 1459.9 1462.0  0.0744090  0.6649947  0.0239893
 1462.0 1464.1  0.0740848  0.6635227  0.0239482
 1464.1 1466.3  0.0737607  0.6620507  0.0239070
 1466.3 1468.4  0.0734212  0.6605085  0.0238639
 1468.4 1470.6  0.0730970  0.6590365  0.0238228
 1470.6 1472.8  0.0727575  0.6574944  0.0237797
 1472.8 1474.9  0.0724179  0.6559522  0.0237366
 1474.9 1477.1  0.0720938  0.6544802  0.0236954
 1477.1 1479.3  0.0717542  0.6529381  0.0236523
 1479.3 1481.5  0.0714147  0.6513960  0.0236092
 1481.5 1483.7  0.0710751  0.6498539  0.0235661
 1483.7 1485.9  0.0707355  0.6483119  0.0235230
 1485.9 1488.1  0.0703960  0.6467696  0.0234799
 1488.1 1490.3  0.0700564  0.6452276  0.0234368
 1490.3 1492.5  0.0697168  0.6436854  0.0233937
 1492.5 1494.8  0.0693773  0.6421433  0.0233506
 1494.8 1497.0  0.0690223  0.6405311  0.0233055
 1497.0 1499.3  0.0686827  0.6389890  0.0232624
 1499.3 1501.5  0.0683277  0.6373768  0.0232173
 1501.5 1503.8  0.0680114  0.6359017  0.0231755
 1503.8 1506.0  0.0676921  0.6343924  0.0231323
 1506.0 1508.3  0.0673866  0.6329486  0.0230911
 1508.3 1510.6  0.0670673  0.6314393  0.0230479
 1510.6 1512.9  0.0667479  0.6299300  0.0230048
 1512.9 1515.2  0.0664286  0.6284206  0.0229617
 1515.2 1517.5  0.0661092  0.6269113  0.0229185
 1517.5 1519.8  0.0657899  0.6254019  0.0228754
 1519.8 1522.1  0.0654705  0.6238925  0.0228323
 1522.1 1524.4  0.0651512  0.6223832  0.0227891
 1524.4 1526.7  0.0648319  0.6208738  0.0227460
 1526.7 1529.1  0.0645125  0.6193645  0.0227029
 1529.1 1531.4  0.0641793  0.6177895  0.0226579
 1531.4 1533.7  0.0638599  0.6162801  0.0226147
 1533.7 1536.1  0.0635406  0.6147708  0.0225716
 1536.1 1538.5  0.0632074  0.6131958  0.0225266
 1538.5 1540.8  0.0628741  0.6116208  0.0224816
 1540.8 1543.2  0.0625548  0.6101114  0.0224384
 1543.2 1545.6  0.0622216  0.6085365  0.0223934
 1545.6 1548.0  0.0618883  0.6069615  0.0223484
 1548.0 1550.4  0.0615551  0.6053865  0.0223034
 1550.4 1552.8  0.0612285  0.6038302  0.0222587
 1552.8 1555.2  0.0609350  0.6023678  0.0222159
 1555.2 1557.6  0.0606415  0.6009053  0.0221730
 1557.6 1560.1  0.0603480  0.5994428  0.0221301
 1560.1 1562.5  0.0600423  0.5979193  0.0220854
 1562.5 1564.9  0.0597489  0.5964569  0.0220425
 1564.9 1567.4  0.0594554  0.5949944  0.0219996
 1567.4 1569.9  0.0591497  0.5934709  0.0219549
 1569.9 1572.3  0.0588439  0.5919475  0.0219102
 1572.3 1574.8  0.0585505  0.5904850  0.0218673
 1574.8 1577.3  0.0582447  0.5889616  0.0218226
 1577.3 1579.8  0.0579390  0.5874382  0.0217779
 1579.8 1582.3  0.0576333  0.5859147  0.0217333
 1582.3 1584.8  0.0573276  0.5843913  0.0216886
 1584.8 1587.3  0.0570219  0.5828679  0.0216439
 1587.3 1589.8  0.0567162  0.5813444  0.0215992
 1589.8 1592.4  0.0564105  0.5798211  0.0215545
 1592.4 1594.9  0.0560926  0.5782367  0.0215080
 1594.9 1597.4  0.0557868  0.5767133  0.0214634
 1597.4 1600.0  0.0554811  0.5751898  0.0214187
 1600.0 1602.6  0.0551632  0.5736055  0.0213722
 1602.6 1605.1  0.0548894  0.5721454  0.0213281
 1605.1 1607.7  0.0546262  0.5707415  0.0212856
 1607.7 1610.3  0.0543524  0.5692813  0.0212415
 1610.3 1612.9  0.0540786  0.5678212  0.0211974
 1612.9 1615.5  0.0538049  0.5663611  0.0211533
 1615.5 1618.1  0.0535311  0.5649011  0.0211091
 1618.1 1620.7  0.0532573  0.5634409  0.0210650
 1620.7 1623.4  0.0529836  0.5619808  0.0210209
 1623.4 1626.0  0.0526993  0.5604646  0.0209751
 1626.0 1628.7  0.0524255  0.5590045  0.0209309
 1628.7 1631.3  0.0521412  0.5574883  0.0208851
 1631.3 1634.0  0.0518674  0.5560281  0.0208410
 1634.0 1636.7  0.0515831  0.5545118  0.0207952
 1636.7 1639.3  0.0512988  0.5529956  0.0207493
 1639.3 1642.0  0.0510251  0.5515355  0.0207052
 1642.0 1644.7  0.0507408  0.5500193  0.0206594
 1644.7 1647.4  0.0504565  0.5485030  0.0206136
 1647.4 1650.2  0.0501722  0.5469867  0.0205677
 1650.2 1652.9  0.0498805  0.5454234  0.0205204
 1652.9 1655.6  0.0496387  0.5440296  0.0204768
 1655.6 1658.4  0.0493970  0.5426358  0.0204333
 1658.4 1661.1  0.0491462  0.5411904  0.0203882
 1661.1 1663.9  0.0489045  0.5397967  0.0203446
 1663.9 1666.7  0.0486538  0.5383512  0.0202995
 1666.7 1669.4  0.0484031  0.5369058  0.0202544
 1669.4 1672.2  0.0481613  0.5355120  0.0202108
 1672.2 1675.0  0.0479106  0.5340666  0.0201657
 1675.0 1677.9  0.0476599  0.5326212  0.0201205
 1677.9 1680.7  0.0474002  0.5311242  0.0200738
 1680.7 1683.5  0.0471495  0.5296788  0.0200287
 1683.5 1686.3  0.0468987  0.5282333  0.0199835
 1686.3 1689.2  0.0466480  0.5267879  0.0199384
 1689.2 1692.0  0.0463884  0.5252910  0.0198916
 1692.0 1694.9  0.0461376  0.5238455  0.0198465
 1694.9 1697.8  0.0458780  0.5223485  0.0197997
 1697.8 1700.7  0.0456183  0.5208514  0.0197530
 1700.7 1703.6  0.0453832  0.5194827  0.0197100
 1703.6 1706.5  0.0452255  0.5185171  0.0196791
 1706.5 1709.4  0.0450677  0.5175515  0.0196482
 1709.4 1712.3  0.0449099  0.5165858  0.0196173
 1712.3 1715.3  0.0447522  0.5156202  0.0195864
 1715.3 1718.2  0.0445889  0.5146213  0.0195544
 1718.2 1721.2  0.0444312  0.5136557  0.0195235
 1721.2 1724.1  0.0442680  0.5126568  0.0194915
 1724.1 1727.1  0.0441102  0.5116912  0.0194606
 1727.1 1730.1  0.0439470  0.5106922  0.0194286
 1730.1 1733.1  0.0437838  0.5096934  0.0193967
 1733.1 1736.1  0.0436206  0.5086944  0.0193647
 1736.1 1739.1  0.0434574  0.5076956  0.0193327
 1739.1 1742.2  0.0432942  0.5066966  0.0193007
 1742.2 1745.2  0.0431255  0.5056644  0.0192677
 1745.2 1748.3  0.0429623  0.5046655  0.0192357
 1748.3 1751.3  0.0427937  0.5036333  0.0192027
 1751.3 1754.4  0.0426305  0.5026343  0.0191707
 1754.4 1757.5  0.0424552  0.5015516  0.0191359
 1757.5 1760.6  0.0422355  0.5001274  0.0190892
 1760.6 1763.7  0.0420158  0.4987032  0.0190424
 1763.7 1766.8  0.0417961  0.4972790  0.0189957
 1766.8 1769.9  0.0415764  0.4958547  0.0189490
 1769.9 1773.0  0.0413567  0.4944305  0.0189023
 1773.0 1776.2  0.0411478  0.4930414  0.0188562
 1776.2 1779.4  0.0409325  0.4916086  0.0188087
 1779.4 1782.5  0.0407172  0.4901758  0.0187612
 1782.5 1785.7  0.0405086  0.4887878  0.0187152
 1785.7 1788.9  0.0402933  0.4873551  0.0186677
 1788.9 1792.1  0.0400878  0.4859549  0.0186207
 1792.1 1795.3  0.0398832  0.4845582  0.0185738
 1795.3 1798.6  0.0396787  0.4831614  0.0185270
 1798.6 1801.8  0.0394678  0.4817211  0.0184786
 1801.8 1805.1  0.0392633  0.4803244  0.0184317
 1805.1 1808.3  0.0390566  0.4788775  0.0183826
 1808.3 1811.6  0.0388564  0.4774741  0.0183350
 1811.6 1814.9  0.0386500  0.4760268  0.0182858
 1814.9 1818.2  0.0384435  0.4745795  0.0182367
 1818.2 1821.5  0.0382381  0.4731370  0.0181876
 1821.5 1824.8  0.0380479  0.4717692  0.0181406
 1824.8 1828.2  0.0378577  0.4704013  0.0180936
 1828.2 1831.5  0.0376618  0.4689920  0.0180451
 1831.5 1834.9  0.0374716  0.4676242  0.0179981
 1834.9 1838.2  0.0372757  0.4662148  0.0179496
 1838.2 1841.6  0.0370947  0.4648812  0.0179032
 1841.6 1845.0  0.0369086  0.4635082  0.0178554
 1845.0 1848.4  0.0367225  0.4621352  0.0178076
 1848.4 1851.9  0.0365364  0.4607621  0.0177598
 1851.9 1855.3  0.0363449  0.4593488  0.0177106
 1855.3 1858.7  0.0361627  0.4579724  0.0176621
 1858.7 1862.2  0.0359807  0.4565960  0.0176135
 1862.2 1865.7  0.0357933  0.4551790  0.0175636
 1865.7 1869.2  0.0356059  0.4537621  0.0175136
 1869.2 1872.7  0.0354193  0.4523495  0.0174638
 1872.7 1876.2  0.0352460  0.4510085  0.0174159
 1876.2 1879.7  0.0350726  0.4496675  0.0173679
 1879.7 1883.2  0.0348993  0.4483264  0.0173200
 1883.2 1886.8  0.0347260  0.4469854  0.0172721
 1886.8 1890.4  0.0345477  0.4456060  0.0172228
 1890.4 1893.9  0.0343773  0.4442605  0.0171741
 1893.9 1897.5  0.0342120  0.4429544  0.0171268
 1897.5 1901.1  0.0340421  0.4416109  0.0170782
 1901.1 1904.8  0.0338721  0.4402674  0.0170295
 1904.8 1908.4  0.0336974  0.4388866  0.0169795
 1908.4 1912.0  0.0335304  0.4375420  0.0169302
 1912.0 1915.7  0.0333635  0.4361974  0.0168808
 1915.7 1919.4  0.0331919  0.4348154  0.0168300
 1919.4 1923.1  0.0330204  0.4334334  0.0167793
 1923.1 1926.8  0.0328492  0.4320533  0.0167286
 1926.8 1930.5  0.0326891  0.4307431  0.0166798
 1930.5 1934.2  0.0325290  0.4294330  0.0166310
 1934.2 1938.0  0.0323689  0.4281228  0.0165822
 1938.0 1941.7  0.0322045  0.4267773  0.0165321
 1941.7 1945.5  0.0320444  0.4254671  0.0164833
 1945.5 1949.3  0.0318856  0.4241534  0.0164337
 1949.3 1953.1  0.0317274  0.4228425  0.0163842
 1953.1 1956.9  0.0315691  0.4215316  0.0163347
 1956.9 1960.8  0.0314109  0.4202206  0.0162851
 1960.8 1964.6  0.0312484  0.4188752  0.0162343
 1964.6 1968.5  0.0310916  0.4175648  0.0161841
 1968.5 1972.4  0.0309306  0.4162200  0.0161326
 1972.4 1976.3  0.0307697  0.4148752  0.0160810
 1976.3 1980.2  0.0306088  0.4135303  0.0160295
 1980.2 1984.1  0.0304483  0.4121891  0.0159781
 1984.1 1988.1  0.0302967  0.4109133  0.0159284
 1988.1 1992.0  0.0301412  0.4096047  0.0158776
 1992.0 1996.0  0.0299896  0.4083288  0.0158280
 1996.0 2000.0  0.0298341  0.4070203  0.0157771
 2000.0 2004.0  0.0296786  0.4057117  0.0157262
 2004.0 2008.0  0.0295245  0.4044082  0.0156748
 2008.0 2012.1  0.0293705  0.4031048  0.0156234
 2012.1 2016.1  0.0292126  0.4017687  0.0155707
 2016.1 2020.2  0.0290585  0.4004652  0.0155192
 2020.2 2024.3  0.0289010  0.3991325  0.0154666
 2024.3 2028.4  0.0287520  0.3978665  0.0154159
 2028.4 2032.5  0.0286030  0.3966005  0.0153653
 2032.5 2036.7  0.0284540  0.3953345  0.0153146
 2036.7 2040.8  0.0283013  0.3940377  0.0152627
 2040.8 2045.0  0.0281523  0.3927717  0.0152120
 2045.0 2049.2  0.0280043  0.3915121  0.0151609
 2049.2 2053.4  0.0278566  0.3902543  0.0151098
 2053.4 2057.6  0.0277088  0.3889966  0.0150588
 2057.6 2061.9  0.0275611  0.3877388  0.0150077
 2061.9 2066.1  0.0274098  0.3864512  0.0149554
 2066.1 2070.4  0.0272633  0.3852040  0.0149040
 2070.4 2074.7  0.0271133  0.3839274  0.0148514
 2074.7 2079.0  0.0269633  0.3826508  0.0147988
 2079.0 2083.3  0.0268132  0.3813742  0.0147462
 2083.3 2087.7  0.0266636  0.3801007  0.0146937
 2087.7 2092.1  0.0265149  0.3788393  0.0146410
 2092.1 2096.4  0.0263663  0.3775779  0.0145882
 2096.4 2100.8  0.0262211  0.3763452  0.0145367
 2100.8 2105.3  0.0260725  0.3750838  0.0144839
 2105.3 2109.7  0.0259210  0.3737986  0.0144302
 2109.7 2114.2  0.0257799  0.3726088  0.0143797
 2114.2 2118.6  0.0256357  0.3713918  0.0143281
 2118.6 2123.1  0.0254946  0.3702019  0.0142776
 2123.1 2127.7  0.0253504  0.3689849  0.0142260
 2127.7 2132.2  0.0252029  0.3677410  0.0141732
 2132.2 2136.8  0.0250625  0.3665663  0.0141227
 2136.8 2141.3  0.0249192  0.3653687  0.0140712
 2141.3 2145.9  0.0247790  0.3641971  0.0140208
 2145.9 2150.5  0.0246357  0.3629995  0.0139692
 2150.5 2155.2  0.0244924  0.3618019  0.0139177
 2155.2 2159.8  0.0243413  0.3605550  0.0138633
 2159.8 2164.5  0.0241928  0.3593319  0.0138098
 2164.5 2169.2  0.0240411  0.3580823  0.0137552
 2169.2 2173.9  0.0238894  0.3568327  0.0137006
 2173.9 2178.6  0.0237377  0.3555831  0.0136460
 2178.6 2183.4  0.0236088  0.3545386  0.0135997
 2183.4 2188.2  0.0234776  0.3534766  0.0135526
 2188.2 2193.0  0.0233464  0.3524145  0.0135056
 2193.0 2197.8  0.0232152  0.3513525  0.0134585
 2197.8 2202.6  0.0230840  0.3502904  0.0134115
 2202.6 2207.5  0.0229435  0.3491691  0.0133614
 2207.5 2212.4  0.0227921  0.3479735  0.0133076
 2212.4 2217.3  0.0226407  0.3467779  0.0132538
 2217.3 2222.2  0.0224892  0.3455822  0.0132000
 2222.2 2227.2  0.0223382  0.3443910  0.0131464
 2227.2 2232.1  0.0221934  0.3432804  0.0130957
 2232.1 2237.1  0.0220515  0.3421921  0.0130460
 2237.1 2242.2  0.0219066  0.3410815  0.0129953
 2242.2 2247.2  0.0217589  0.3399487  0.0129436
 2247.2 2252.3  0.0216143  0.3388413  0.0128930
 2252.3 2257.3  0.0214718  0.3377891  0.0128442
 2257.3 2262.4  0.0213321  0.3367575  0.0127964
 2262.4 2267.6  0.0211897  0.3357053  0.0127477
 2267.6 2272.7  0.0210444  0.3346325  0.0126979
 2272.7 2277.9  0.0209019  0.3335803  0.0126492
 2277.9 2283.1  0.0207558  0.3325480  0.0126006
 2283.1 2288.3  0.0206096  0.3315182  0.0125521
 2288.3 2293.6  0.0204634  0.3304884  0.0125037
 2293.6 2298.9  0.0203145  0.3294388  0.0124542
 2298.9 2304.1  0.0201655  0.3283892  0.0124048
 2304.1 2309.5  0.0200233  0.3274405  0.0123595
 2309.5 2314.8  0.0198757  0.3264571  0.0123125
 2314.8 2320.2  0.0197308  0.3254918  0.0122663
 2320.2 2325.6  0.0195832  0.3245083  0.0122193
 2325.6 2331.0  0.0194355  0.3235247  0.0121723
 2331.0 2336.4  0.0192860  0.3225897  0.0121269
 2336.4 2341.9  0.0191364  0.3216586  0.0120816
 2341.9 2347.4  0.0189840  0.3207102  0.0120355
 2347.4 2352.9  0.0188316  0.3197618  0.0119894
 2352.9 2358.5  0.0186792  0.3188134  0.0119433
 2358.5 2364.1  0.0185243  0.3179190  0.0118993
 2364.1 2369.7  0.0183694  0.3170258  0.0118553
 2369.7 2375.3  0.0182145  0.3161328  0.0118113
 2375.3 2381.0  0.0180596  0.3152396  0.0117673
 2381.0 2386.6  0.0179020  0.3143306  0.0117225
 2386.6 2392.3  0.0177510  0.3134991  0.0116823
 2392.3 2398.1  0.0175973  0.3126527  0.0116415
 2398.1 2403.8  0.0174409  0.3117915  0.0115999
 2403.8 2409.6  0.0172873  0.3109451  0.0115590
 2409.6 2415.5  0.0171309  0.3100839  0.0115174
 2415.5 2421.3  0.0169731  0.3091867  0.0114776
 2421.3 2427.2  0.0168182  0.3083031  0.0114387
 2427.2 2433.1  0.0166605  0.3074044  0.0113991
 2433.1 2439.0  0.0165028  0.3065057  0.0113596
 2439.0 2445.0  0.0163452  0.3056069  0.0113200
 2445.0 2451.0  0.0161928  0.3046156  0.0112835
 2451.0 2457.0  0.0160404  0.3036244  0.0112469
 2457.0 2463.1  0.0158879  0.3026331  0.0112104
 2463.1 2469.1  0.0157330  0.3016253  0.0111732
 2469.1 2475.2  0.0155808  0.3006315  0.0111368
 2475.2 2481.4  0.0154379  0.2994674  0.0111036
 2481.4 2487.6  0.0152926  0.2982843  0.0110700
 2487.6 2493.8  0.0151474  0.2971010  0.0110363
 2493.8 2500.0  0.0150021  0.2959179  0.0110027
 2500.0 2506.3  0.0148569  0.2947347  0.0109690
 2506.3 2512.6  0.0147281  0.2933099  0.0109396
 2512.6 2518.9  0.0145993  0.2918851  0.0109102
 2518.9 2525.3  0.0144706  0.2904604  0.0108808
 2525.3 2531.6  0.0143398  0.2890130  0.0108509
 2531.6 2538.1  0.0142110  0.2875882  0.0108215
 2538.1 2544.5  0.0140971  0.2857677  0.0107952
 2544.5 2551.0  0.0139862  0.2839525  0.0107695
 2551.0 2557.5  0.0138735  0.2821090  0.0107435
 2557.5 2564.1  0.0137609  0.2802655  0.0107174
 2564.1 2570.7  0.0136469  0.2783859  0.0106911
 2570.7 2577.3  0.0135596  0.2760147  0.0106695
 2577.3 2584.0  0.0134724  0.2736433  0.0106480
 2584.0 2590.7  0.0133838  0.2712360  0.0106261
 2590.7 2597.4  0.0132952  0.2688288  0.0106042
 2597.4 2604.2  0.0132088  0.2663922  0.0105827
 2604.2 2611.0  0.0131556  0.2634502  0.0105666
 2611.0 2617.8  0.0131024  0.2605082  0.0105506
 2617.8 2624.7  0.0130492  0.2575662  0.0105345
 2624.7 2631.6  0.0129953  0.2545809  0.0105182
 2631.6 2638.5  0.0129413  0.2515956  0.0105019
 2638.5 2645.5  0.0129227  0.2479956  0.0104905
 2645.5 2652.5  0.0129060  0.2443051  0.0104792
 2652.5 2659.6  0.0128894  0.2406145  0.0104678
 2659.6 2666.7  0.0128724  0.2368711  0.0104564
 2666.7 2673.8  0.0128555  0.2331279  0.0104449
 2673.8 2681.0  0.0128740  0.2289072  0.0104374
 2681.0 2688.2  0.0128944  0.2246057  0.0104300
 2688.2 2695.4  0.0129147  0.2203043  0.0104226
 2695.4 2702.7  0.0129351  0.2160028  0.0104152
 2702.7 2710.0  0.0129558  0.2116416  0.0104077
 2710.0 2717.4  0.0130095  0.2069539  0.0104027
 2717.4 2724.8  0.0130655  0.2021878  0.0103977
 2724.8 2732.2  0.0131215  0.1974217  0.0103928
 2732.2 2739.7  0.0131774  0.1926556  0.0103878
 2739.7 2747.3  0.0132341  0.1878252  0.0103828
 2747.3 2754.8  0.0133225  0.1827755  0.0103785
 2754.8 2762.4  0.0134109  0.1777860  0.0103743
 2762.4 2770.1  0.0135005  0.1727301  0.0103700
 2770.1 2777.8  0.0135913  0.1676075  0.0103657
 2777.8 2785.5  0.0136820  0.1624850  0.0103614
 2785.5 2793.3  0.0138005  0.1574095  0.0103559
 2793.3 2801.1  0.0139212  0.1522693  0.0103503
 2801.1 2809.0  0.0140420  0.1471290  0.0103447
 2809.0 2816.9  0.0141643  0.1419230  0.0103390
 2816.9 2824.9  0.0142866  0.1367170  0.0103333
 2824.9 2832.9  0.0144371  0.1316739  0.0103238
 2832.9 2840.9  0.0145881  0.1266337  0.0103142
 2840.9 2849.0  0.0147390  0.1215935  0.0103047
 2849.0 2857.1  0.0148918  0.1164902  0.0102950
 2857.1 2865.3  0.0150448  0.1113952  0.0102853
 2865.3 2873.6  0.0152161  0.1069072  0.0102696
 2873.6 2881.8  0.0153895  0.1023644  0.0102536
 2881.8 2890.2  0.0155608  0.0978763  0.0102378
 2890.2 2898.6  0.0157363  0.0932789  0.0102217
 2898.6 2907.0  0.0159117  0.0886813  0.0102056
 2907.0 2915.5  0.0161067  0.0848180  0.0101800
 2915.5 2924.0  0.0163050  0.0809457  0.0101537
 2924.0 2932.6  0.0165033  0.0770735  0.0101273
 2932.6 2941.2  0.0167039  0.0731557  0.0101006
 2941.2 2949.9  0.0169046  0.0692627  0.0100737
 2949.9 2958.6  0.0171148  0.0663725  0.0100364
 2958.6 2967.4  0.0173250  0.0634822  0.0099991
 2967.4 2976.2  0.0175377  0.0605588  0.0099614
 2976.2 2985.1  0.0177503  0.0576354  0.0099236
 2985.1 2994.0  0.0179654  0.0546893  0.0098854
 2994.0 3003.0  0.0181848  0.0526822  0.0098370
 3003.0 3012.0  0.0184066  0.0506524  0.0097880
 3012.0 3021.1  0.0186285  0.0486227  0.0097391
 3021.1 3030.3  0.0188528  0.0465704  0.0096896
 3030.3 3039.5  0.0190793  0.0445225  0.0096393
 3039.5 3048.8  0.0192962  0.0432758  0.0095825
 3048.8 3058.1  0.0195155  0.0420155  0.0095250
 3058.1 3067.5  0.0197348  0.0407552  0.0094676
 3067.5 3076.9  0.0199565  0.0394814  0.0094095
 3076.9 3086.4  0.0201781  0.0382076  0.0093514
 3086.4 3096.0  0.0203860  0.0375339  0.0092873
 3096.0 3105.6  0.0205960  0.0368597  0.0092224
 3105.6 3115.3  0.0208059  0.0361855  0.0091575
 3115.3 3125.0  0.0210180  0.0355043  0.0090919
 3125.0 3134.8  0.0212301  0.0348231  0.0090263
 3134.8 3144.7  0.0214098  0.0345471  0.0089596
 3144.7 3154.6  0.0215913  0.0342683  0.0088923
 3154.6 3164.6  0.0217728  0.0339895  0.0088249
 3164.6 3174.6  0.0219562  0.0337079  0.0087569
 3174.6 3184.7  0.0221396  0.0334263  0.0086888
 3184.7 3194.9  0.0222825  0.0332936  0.0086216
 3194.9 3205.1  0.0224252  0.0331660  0.0085538
 3205.1 3215.4  0.0225678  0.0330383  0.0084859
 3215.4 3225.8  0.0227119  0.0329094  0.0084174
 3225.8 3236.2  0.0228531  0.0327748  0.0083486
 3236.2 3246.8  0.0229436  0.0325861  0.0082839
 3246.8 3257.3  0.0230358  0.0323938  0.0082180
 3257.3 3268.0  0.0231272  0.0322034  0.0081526
 3268.0 3278.7  0.0232203  0.0320093  0.0080861
 3278.7 3289.5  0.0232939  0.0317691  0.0080214
 3289.5 3300.3  0.0233310  0.0314385  0.0079596
 3300.3 3311.3  0.0233680  0.0311080  0.0078979
 3311.3 3322.3  0.0234058  0.0307713  0.0078350
 3322.3 3333.3  0.0234435  0.0304346  0.0077721
 3333.3 3344.5  0.0234434  0.0300265  0.0077128
 3344.5 3355.7  0.0234308  0.0295872  0.0076537
 3355.7 3367.0  0.0234181  0.0291479  0.0075945
 3367.0 3378.4  0.0234053  0.0287047  0.0075348
 3378.4 3389.8  0.0233858  0.0282817  0.0074797
 3389.8 3401.4  0.0233507  0.0279158  0.0074369
 3401.4 3413.0  0.0233149  0.0275434  0.0073933
 3413.0 3424.7  0.0232791  0.0271709  0.0073497
 3424.7 3436.4  0.0232430  0.0267953  0.0073057
 3436.4 3448.3  0.0229959  0.0256407  0.0071728
 3448.3 3460.2  0.0227389  0.0244455  0.0070352
 3460.2 3472.2  0.0225891  0.0239570  0.0069703
 3472.2 3484.3  0.0224559  0.0235831  0.0069172
 3484.3 3496.5  0.0223217  0.0232061  0.0068636
 3496.5 3508.8  0.0221864  0.0228260  0.0068096
 3508.8 3521.1  0.0220499  0.0224428  0.0067551
 3521.1 3533.6  0.0219135  0.0220596  0.0067006
 3533.6 3546.1  0.0217748  0.0216702  0.0066452
 3546.1 3558.7  0.0216362  0.0212807  0.0065899
 3558.7 3571.4  0.0214756  0.0210097  0.0065365
 3571.4 3584.2  0.0213044  0.0207914  0.0064837
 3584.2 3597.1  0.0211319  0.0205713  0.0064306
 3597.1 3610.1  0.0209580  0.0203496  0.0063770
 3610.1 3623.2  0.0207828  0.0201261  0.0063230
 3623.2 3636.4  0.0206062  0.0199010  0.0062686
 3636.4 3649.6  0.0204282  0.0196741  0.0062138
 3649.6 3663.0  0.0202503  0.0194472  0.0061590
 3663.0 3676.5  0.0200678  0.0193184  0.0061071
 3676.5 3690.0  0.0198839  0.0191918  0.0060550
 3690.0 3703.7  0.0197000  0.0190653  0.0060029
 3703.7 3717.5  0.0195133  0.0189368  0.0059501
 3717.5 3731.3  0.0193253  0.0188074  0.0058968
 3731.3 3745.3  0.0191373  0.0186780  0.0058436
 3745.3 3759.4  0.0189466  0.0185468  0.0057895
 3759.4 3773.6  0.0187730  0.0184189  0.0057383
 3773.6 3787.9  0.0186073  0.0182922  0.0056883
 3787.9 3802.3  0.0184405  0.0181646  0.0056380
 3802.3 3816.8  0.0182726  0.0180362  0.0055873
 3816.8 3831.4  0.0181034  0.0179068  0.0055363
 3831.4 3846.2  0.0179332  0.0177766  0.0054849
 3846.2 3861.0  0.0177605  0.0176446  0.0054328
 3861.0 3876.0  0.0176213  0.0174773  0.0053846
 3876.0 3891.1  0.0174918  0.0172953  0.0053370
 3891.1 3906.2  0.0173615  0.0171122  0.0052892
 3906.2 3921.6  0.0172311  0.0169291  0.0052414
 3921.6 3937.0  0.0170982  0.0167423  0.0051926
 3937.0 3952.6  0.0169653  0.0165555  0.0051438
 3952.6 3968.3  0.0168378  0.0163610  0.0050952
 3968.3 3984.1  0.0167454  0.0161385  0.0050504
 3984.1 4000.0  0.0166524  0.0159146  0.0050054
 4000.0 4016.1  0.0165587  0.0156894  0.0049601
 4016.1 4032.3  0.0164640  0.0154612  0.0049142
 4032.3 4048.6  0.0163686  0.0152317  0.0048680
 4048.6 4065.0  0.0162726  0.0150007  0.0048216
 4065.0 4081.6  0.0162070  0.0147733  0.0047790
 4081.6 4098.4  0.0161435  0.0145435  0.0047363
 4098.4 4115.2  0.0160793  0.0143110  0.0046931
 4115.2 4132.2  0.0160150  0.0140785  0.0046498
 4132.2 4149.4  0.0159500  0.0138432  0.0046061
 4149.4 4166.7  0.0158842  0.0136051  0.0045618
 4166.7 4184.1  0.0158430  0.0133881  0.0045213
 4184.1 4201.7  0.0158025  0.0131708  0.0044807
 4201.7 4219.4  0.0157615  0.0129509  0.0044396
 4219.4 4237.3  0.0157203  0.0127297  0.0043983
 4237.3 4255.3  0.0156786  0.0125061  0.0043565
 4255.3 4273.5  0.0156421  0.0122880  0.0043155
 4273.5 4291.8  0.0156182  0.0120842  0.0042768
 4291.8 4310.3  0.0155943  0.0118792  0.0042379
 4310.3 4329.0  0.0155701  0.0116720  0.0041985
 4329.0 4347.8  0.0155456  0.0114625  0.0041587
 4347.8 4366.8  0.0155210  0.0112519  0.0041187
 4366.8 4386.0  0.0155068  0.0110581  0.0040812
 4386.0 4405.3  0.0154939  0.0108647  0.0040438
 4405.3 4424.8  0.0154809  0.0106703  0.0040061
 4424.8 4444.4  0.0154678  0.0104738  0.0039681
 4444.4 4464.3  0.0154546  0.0102764  0.0039298
 4464.3 4484.3  0.0154474  0.0100899  0.0038932
 4484.3 4504.5  0.0154427  0.0099080  0.0038573
 4504.5 4524.9  0.0154379  0.0097243  0.0038210
 4524.9 4545.5  0.0154330  0.0095387  0.0037844
 4545.5 4566.2  0.0154282  0.0093513  0.0037474
 4566.2 4587.2  0.0154294  0.0091766  0.0037123
 4587.2 4608.3  0.0154325  0.0090031  0.0036774
 4608.3 4629.6  0.0154356  0.0088288  0.0036422
 4629.6 4651.2  0.0154386  0.0086529  0.0036068
 4651.2 4672.9  0.0154422  0.0084754  0.0035709
 4672.9 4694.8  0.0154530  0.0083118  0.0035373
 4694.8 4717.0  0.0154638  0.0081467  0.0035034
 4717.0 4739.3  0.0154748  0.0079794  0.0034690
 4739.3 4761.9  0.0154859  0.0078113  0.0034344
 4761.9 4784.7  0.0155011  0.0076484  0.0034005
 4784.7 4807.7  0.0155199  0.0074908  0.0033674
 4807.7 4830.9  0.0155390  0.0073319  0.0033340
 4830.9 4854.4  0.0155582  0.0071716  0.0033003
 4854.4 4878.0  0.0155791  0.0070116  0.0032666
 4878.0 4902.0  0.0156063  0.0068617  0.0032344
 4902.0 4926.1  0.0156340  0.0067092  0.0032017
 4926.1 4950.5  0.0156617  0.0065561  0.0031688
 4950.5 4975.1  0.0156900  0.0064013  0.0031356
 4975.1 5000.0  0.0157264  0.0062572  0.0031040
 5000.0 5025.1  0.0157632  0.0061115  0.0030720
 5025.1 5050.5  0.0158003  0.0059645  0.0030398
 5050.5 5076.1  0.0158380  0.0058160  0.0030072
 5076.1 5102.0  0.0158845  0.0056779  0.0029762
 5102.0 5128.2  0.0159315  0.0055382  0.0029448
 5128.2 5154.6  0.0159791  0.0053968  0.0029130
 5154.6 5181.3  0.0160287  0.0052564  0.0028813
 5181.3 5208.3  0.0160868  0.0051239  0.0028509
 5208.3 5235.6  0.0161456  0.0049899  0.0028200
 5235.6 5263.2  0.0162050  0.0048545  0.0027888
 5263.2 5291.0  0.0162702  0.0047231  0.0027582
 5291.0 5319.1  0.0163416  0.0045969  0.0027283
 5319.1 5347.6  0.0164138  0.0044693  0.0026981
 5347.6 5376.3  0.0164870  0.0043399  0.0026675
 5376.3 5405.4  0.0165723  0.0042207  0.0026384
 5405.4 5434.8  0.0166599  0.0041008  0.0026091
 5434.8 5464.5  0.0167484  0.0039797  0.0025794
 5464.5 5494.5  0.0168450  0.0038637  0.0025505
 5494.5 5524.9  0.0169502  0.0037532  0.0025224
 5524.9 5555.6  0.0170568  0.0036412  0.0024939
 5555.6 5586.6  0.0171675  0.0035307  0.0024656
 5586.6 5618.0  0.0172933  0.0034304  0.0024387
 5618.0 5649.7  0.0174207  0.0033288  0.0024116
 5649.7 5681.8  0.0175493  0.0032263  0.0023842
 5681.8 5714.3  0.0176962  0.0031356  0.0023585
 5714.3 5747.1  0.0178451  0.0030439  0.0023326
 5747.1 5780.3  0.0179953  0.0029514  0.0023064
 5780.3 5814.0  0.0181608  0.0028682  0.0022816
 5814.0 5848.0  0.0183301  0.0027849  0.0022566
 5848.0 5882.4  0.0185010  0.0027007  0.0022314
 5882.4 5917.2  0.0186855  0.0026248  0.0022073
 5917.2 5952.4  0.0188730  0.0025486  0.0021831
 5952.4 5988.0  0.0190633  0.0024720  0.0021587
 5988.0 6024.1  0.0192657  0.0024022  0.0021353
 6024.1 6060.6  0.0194708  0.0023314  0.0021115
 6060.6 6097.6  0.0196808  0.0022617  0.0020877
 6097.6 6135.0  0.0198998  0.0021959  0.0020645
 6135.0 6172.8  0.0201213  0.0021294  0.0020409
 6172.8 6211.2  0.0203493  0.0020653  0.0020177
 6211.2 6250.0  0.0205838  0.0020023  0.0019944
 6250.0 6289.3  0.0208208  0.0019387  0.0019709
 6289.3 6329.1  0.0210663  0.0018783  0.0019478
 6329.1 6369.4  0.0213150  0.0018172  0.0019243
 6369.4 6410.3  0.0215688  0.0017566  0.0019008
 6410.3 6451.6  0.0218284  0.0016966  0.0018772
 6451.6 6493.5  0.0220908  0.0016360  0.0018534
 6493.5 6535.9  0.0223594  0.0015761  0.0018295
 6535.9 6578.9  0.0226312  0.0015154  0.0018053
 6578.9 6622.5  0.0229077  0.0014540  0.0017809
 6622.5 6666.7  0.0231884  0.0013919  0.0017560
 6666.7 6711.4  0.0234728  0.0013285  0.0017309
 6711.4 6756.8  0.0237602  0.0012636  0.0017053
 6756.8 6802.7  0.0240518  0.0011974  0.0016794
 6802.7 6849.3  0.0243450  0.0011283  0.0016528
 6849.3 6896.6  0.0246427  0.0010582  0.0016259
 6896.6 6944.4  0.0249425  0.0009838  0.0015981
 6944.4 6993.0  0.0252453  0.0009086  0.0015700
 6993.0 7042.3  0.0255521  0.0008299  0.0015412
 7042.3 7092.2  0.0258632  0.0007498  0.0015119
 7092.2 7142.9  0.0261788  0.0006675  0.0014821
 7142.9 7194.2  0.0264995  0.0005837  0.0014519
 7194.2 7246.4  0.0268267  0.0004990  0.0014215
 7246.4 7299.3  0.0271600  0.0004127  0.0013905
 7299.3 7352.9  0.0275030  0.0003266  0.0013596
 7352.9 7407.4  0.0278514  0.0002396  0.0013282
 7407.4 7462.7  0.0282135  0.0001539  0.0012971
 7462.7 7518.8  0.0285836  0.0000837  0.0012657
 7518.8 7575.8  0.0289679  0.0000700  0.0012346
 7575.8 7633.6  0.0293652  0.0000980  0.0012037
 7633.6 7692.3  0.0297766  0.0001778  0.0011731
 7692.3 7751.9  0.0302085  0.0002526  0.0011434
 7751.9 7812.5  0.0306533  0.0003257  0.0011138
 7812.5 7874.0  0.0311299  0.0003891  0.0010860
 7874.0 7936.5  0.0316256  0.0004480  0.0010590
 7936.5 8000.0  0.0321485  0.0004989  0.0010333
 8000.0 8064.5  0.0327104  0.0005366  0.0010102
 8064.5 8130.1  0.0333001  0.0005659  0.0009885
 8130.1 8196.7  0.0339374  0.0005783  0.0009702
 8196.7 8264.5  0.0346257  0.0005714  0.0009555
 8264.5 8333.3  0.0353597  0.0005486  0.0009438
 8333.3 8403.4  0.0361620  0.0004986  0.0009374
 8403.4 8474.6  0.0370475  0.0004154  0.0009376
 8474.6 8547.0  0.0379684  0.0003207  0.0009398
 8547.0 8620.7  0.0389048  0.0002244  0.0009420
 8620.7 8695.7  0.0398580  0.0001264  0.0009443
 8695.7 8771.9  0.0408281  0.0000266  0.0009466
 8771.9 8849.6  0.0418137 -0.0000747  0.0009490
 8849.6 8928.6  0.0428186 -0.0001781  0.0009514
 8928.6 9009.0  0.0438404 -0.0002831  0.0009538
 9009.0 9090.9  0.0448803 -0.0003901  0.0009563
 9090.9 9174.3  0.0459396 -0.0004990  0.0009589
 9174.3 9259.3  0.0470183 -0.0006099  0.0009615
 9259.3 9345.8  0.0481177 -0.0007230  0.0009641
 9345.8 9434.0  0.0492365 -0.0008380  0.0009668
 9434.0 9523.8  0.0503773 -0.0009553  0.0009695
 9523.8 9615.4  0.0515388 -0.0010748  0.0009723
 9615.4 9708.7  0.0527235 -0.0011966  0.0009751
 9708.7 9803.9  0.0539303 -0.0013207  0.0009780
 9803.9 9901.0  0.0551616 -0.0014473  0.0009810
 9901.0 9911.0  0.0564175 -0.0015764  0.0009840
