 1176.5 1177.9  0.0486671  0.4763939  0.0152762
 1177.9 1179.2  0.0485212  0.4757769  0.0152523
 1179.2 1180.6  0.0483858  0.4752039  0.0152301
 1180.6 1182.0  0.0482399  0.4745868  0.0152062
 1182.0 1183.4  0.0480940  0.4739697  0.0151824
 1183.4 1184.8  0.0479481  0.4733526  0.0151585
 1184.8 1186.2  0.0478022  0.4727356  0.0151346
 1186.2 1187.6  0.0476563  0.4721186  0.0151107
 1187.6 1189.1  0.0475104  0.4715015  0.0150869
 1189.1 1190.5  0.0473541  0.4708403  0.0150613
 1190.5 1191.9  0.0472082  0.4702232  0.0150374
 1191.9 1193.3  0.0470623  0.4696062  0.0150135
 1193.3 1194.7  0.0469164  0.4689891  0.0149896
 1194.7 1196.2  0.0467705  0.4683721  0.0149658
 1196.2 1197.6  0.0466142  0.4677109  0.0149402
 1197.6 1199.0  0.0464683  0.4670939  0.0149163
 1199.0 1200.5  0.0463224  0.4664768  0.0148924
 1200.5 1201.9  0.0461661  0.4658156  0.0148668
 1201.9 1203.4  0.0460202  0.4651985  0.0148430
 1203.4 1204.8  0.0458639  0.4645374  0.0148174
 1204.8 1206.3  0.0457180  0.4639203  0.0147935
 1206.3 1207.7  0.0455616  0.4632592  0.0147679
 1207.7 1209.2  0.0454158  0.4626422  0.0147441
 1209.2 1210.7  0.0452594  0.4619810  0.0147185
 1210.7 1212.1  0.0451031  0.4613199  0.0146929
 1212.1 1213.6  0.0449572  0.4607028  0.0146690
 1213.6 1215.1  0.0448009  0.4600416  0.0146434
 1215.1 1216.5  0.0446446  0.4593805  0.0146179
 1216.5 1218.0  0.0444987  0.4587634  0.0145940
 1218.0 1219.5  0.0443424  0.4581023  0.0145684
 1219.5 1221.0  0.0441861  0.4574412  0.0145428
 1221.0 1222.5  0.0440297  0.4567800  0.0145172
 1222.5 1224.0  0.0438734  0.4561189  0.0144916
 1224.0 1225.5  0.0437171  0.4554577  0.0144661
 1225.5 1227.0  0.0435608  0.4547966  0.0144405
 1227.0 1228.5  0.0434045  0.4541354  0.0144149
 1228.5 1230.0  0.0432482  0.4534743  0.0143893
 1230.0 1231.5  0.0430918  0.4528131  0.0143637
 1231.5 1233.0  0.0429355  0.4521520  0.0143382
 1233.0 1234.6  0.0427792  0.4514908  0.0143126
 1234.6 1236.1  0.0426125  0.4507856  0.0142853
 1236.1 1237.6  0.0424562  0.4501245  0.0142597
 1237.6 1239.2  0.0422999  0.4494634  0.0142341
 1239.2 1240.7  0.0421331  0.4487582  0.0142068
 1240.7 1242.2  0.0419768  0.4480970  0.0141812
 1242.2 1243.8  0.0418205  0.4474359  0.0141557
 1243.8 1245.3  0.0416537  0.4467306  0.0141284
 1245.3 1246.9  0.0414974  0.4460694  0.0141028
 1246.9 1248.4  0.0413307  0.4453642  0.0140755
 1248.4 1250.0  0.0411744  0.4447031  0.0140499
 1250.0 1251.6  0.0410076  0.4439979  0.0140226
 1251.6 1253.1  0.0408409  0.4432927  0.0139954
 1253.1 1254.7  0.0406846  0.4426315  0.0139698
 1254.7 1256.3  0.0405179  0.4419263  0.0139425
 1256.3 1257.9  0.0403511  0.4412211  0.0139152
 1257.9 1259.4  0.0401844  0.4405159  0.0138879
 1259.4 1261.0  0.0400281  0.4398547  0.0138623
 1261.0 1262.6  0.0398613  0.4391495  0.0138350
 1262.6 1264.2  0.0396946  0.4384443  0.0138077
 1264.2 1265.8  0.0395278  0.4377391  0.0137805
 1265.8 1267.4  0.0393611  0.4370338  0.0137532
 1267.4 1269.0  0.0391944  0.4363286  0.0137259
 1269.0 1270.6  0.0390276  0.4356234  0.0136986
 1270.6 1272.3  0.0388609  0.4349182  0.0136713
 1272.3 1273.9  0.0386837  0.4341689  0.0136423
 1273.9 1275.5  0.0385170  0.4334637  0.0136150
 1275.5 1277.1  0.0383503  0.4327585  0.0135877
 1277.1 1278.8  0.0381835  0.4320533  0.0135605
 1278.8 1280.4  0.0380064  0.4313039  0.0135315
 1280.4 1282.1  0.0378396  0.4305987  0.0135042
 1282.1 1283.7  0.0376625  0.4298494  0.0134752
 1283.7 1285.3  0.0374957  0.4291442  0.0134479
 1285.3 1287.0  0.0373290  0.4284390  0.0134206
 1287.0 1288.7  0.0371518  0.4276897  0.0133916
 1288.7 1290.3  0.0369747  0.4269404  0.0133626
 1290.3 1292.0  0.0368079  0.4262352  0.0133353
 1292.0 1293.7  0.0366308  0.4254859  0.0133063
 1293.7 1295.3  0.0364536  0.4247366  0.0132773
 1295.3 1297.0  0.0362869  0.4240313  0.0132501
 1297.0 1298.7  0.0361097  0.4232821  0.0132211
 1298.7 1300.4  0.0359326  0.4225328  0.0131921
 1300.4 1302.1  0.0357678  0.4218309  0.0131649
 1302.1 1303.8  0.0356435  0.4212830  0.0131439
 1303.8 1305.5  0.0355192  0.4207352  0.0131229
 1305.5 1307.2  0.0353949  0.4201873  0.0131018
 1307.2 1308.9  0.0352705  0.4196395  0.0130808
 1308.9 1310.6  0.0351462  0.4190916  0.0130598
 1310.6 1312.3  0.0350219  0.4185438  0.0130387
 1312.3 1314.1  0.0348975  0.4179959  0.0130177
 1314.1 1315.8  0.0347659  0.4174158  0.0129954
 1315.8 1317.5  0.0346415  0.4168679  0.0129744
 1317.5 1319.3  0.0345172  0.4163201  0.0129534
 1319.3 1321.0  0.0343856  0.4157400  0.0129311
 1321.0 1322.8  0.0342612  0.4151922  0.0129100
 1322.8 1324.5  0.0341296  0.4146121  0.0128878
 1324.5 1326.3  0.0340053  0.4140642  0.0128667
 1326.3 1328.0  0.0338736  0.4134841  0.0128445
 1328.0 1329.8  0.0337493  0.4129363  0.0128234
 1329.8 1331.6  0.0336176  0.4123562  0.0128012
 1331.6 1333.3  0.0334860  0.4117761  0.0127789
 1333.3 1335.1  0.0333617  0.4112282  0.0127578
 1335.1 1336.9  0.0332300  0.4106482  0.0127356
 1336.9 1338.7  0.0330984  0.4100681  0.0127133
 1338.7 1340.5  0.0329667  0.4094880  0.0126910
 1340.5 1342.3  0.0328351  0.4089079  0.0126688
 1342.3 1344.1  0.0327034  0.4083278  0.0126465
 1344.1 1345.9  0.0325718  0.4077478  0.0126242
 1345.9 1347.7  0.0324402  0.4071677  0.0126019
 1347.7 1349.5  0.0323085  0.4065876  0.0125797
 1349.5 1351.4  0.0321769  0.4060075  0.0125574
 1351.4 1353.2  0.0320450  0.4054105  0.0125346
 1353.2 1355.0  0.0319224  0.4048502  0.0125133
 1355.0 1356.9  0.0317998  0.4042898  0.0124920
 1356.9 1358.7  0.0316704  0.4036982  0.0124695
 1358.7 1360.5  0.0315479  0.4031379  0.0124482
 1360.5 1362.4  0.0314253  0.4025775  0.0124269
 1362.4 1364.3  0.0312959  0.4019859  0.0124044
 1364.3 1366.1  0.0311665  0.4013944  0.0123819
 1366.1 1368.0  0.0310440  0.4008340  0.0123605
 1368.0 1369.9  0.0309146  0.4002425  0.0123380
 1369.9 1371.7  0.0307852  0.3996510  0.0123155
 1371.7 1373.6  0.0306626  0.3990906  0.0122942
 1373.6 1375.5  0.0305332  0.3984991  0.0122717
 1375.5 1377.4  0.0304039  0.3979075  0.0122492
 1377.4 1379.3  0.0302745  0.3973160  0.0122267
 1379.3 1381.2  0.0301451  0.3967245  0.0122042
 1381.2 1383.1  0.0300157  0.3961330  0.0121817
 1383.1 1385.0  0.0298863  0.3955415  0.0121592
 1385.0 1387.0  0.0297569  0.3949499  0.0121367
 1387.0 1388.9  0.0296207  0.3943273  0.0121130
 1388.9 1390.8  0.0294914  0.3937357  0.0120905
 1390.8 1392.8  0.0293620  0.3931442  0.0120680
 1392.8 1394.7  0.0292258  0.3925216  0.0120444
 1394.7 1396.6  0.0290964  0.3919301  0.0120219
 1396.6 1398.6  0.0289670  0.3913385  0.0119994
 1398.6 1400.6  0.0288308  0.3907159  0.0119757
 1400.6 1402.5  0.0286979  0.3900996  0.0119523
 1402.5 1404.5  0.0285787  0.3895285  0.0119309
 1404.5 1406.5  0.0284532  0.3889273  0.0119083
 1406.5 1408.5  0.0283277  0.3883261  0.0118858
 1408.5 1410.4  0.0282022  0.3877249  0.0118632
 1410.4 1412.4  0.0280830  0.3871538  0.0118417
 1412.4 1414.4  0.0279576  0.3865526  0.0118192
 1414.4 1416.4  0.0278321  0.3859514  0.0117966
 1416.4 1418.4  0.0277066  0.3853502  0.0117740
 1418.4 1420.5  0.0275812  0.3847490  0.0117515
 1420.5 1422.5  0.0274494  0.3841178  0.0117278
 1422.5 1424.5  0.0273239  0.3835166  0.0117052
 1424.5 1426.5  0.0271985  0.3829154  0.0116826
 1426.5 1428.6  0.0270730  0.3823142  0.0116601
 1428.6 1430.6  0.0269413  0.3816830  0.0116364
 1430.6 1432.7  0.0268158  0.3810818  0.0116138
 1432.7 1434.7  0.0266840  0.3804505  0.0115901
 1434.7 1436.8  0.0265586  0.3798493  0.0115675
 1436.8 1438.8  0.0264268  0.3792180  0.0115438
 1438.8 1440.9  0.0263013  0.3786169  0.0115213
 1440.9 1443.0  0.0261696  0.3779856  0.0114976
 1443.0 1445.1  0.0260379  0.3773544  0.0114739
 1445.1 1447.2  0.0259061  0.3767231  0.0114502
 1447.2 1449.3  0.0257744  0.3760919  0.0114265
 1449.3 1451.4  0.0256426  0.3754606  0.0114028
 1451.4 1453.5  0.0255189  0.3748442  0.0113799
 1453.5 1455.6  0.0253992  0.3742352  0.0113575
 1455.6 1457.7  0.0252794  0.3736262  0.0113350
 1457.7 1459.9  0.0251597  0.3730173  0.0113125
 1459.9 1462.0  0.0250343  0.3723793  0.0112890
 1462.0 1464.1  0.0249145  0.3717703  0.0112665
 1464.1 1466.3  0.0247948  0.3711613  0.0112441
 1466.3 1468.4  0.0246694  0.3705233  0.0112206
 1468.4 1470.6  0.0245496  0.3699143  0.0111981
 1470.6 1472.8  0.0244242  0.3692764  0.0111746
 1472.8 1474.9  0.0242988  0.3686384  0.0111510
 1474.9 1477.1  0.0241791  0.3680294  0.0111286
 1477.1 1479.3  0.0240536  0.3673914  0.0111050
 1479.3 1481.5  0.0239282  0.3667534  0.0110815
 1481.5 1483.7  0.0238028  0.3661155  0.0110580
 1483.7 1485.9  0.0236773  0.3654775  0.0110344
 1485.9 1488.1  0.0235519  0.3648395  0.0110109
 1488.1 1490.3  0.0234265  0.3642015  0.0109874
 1490.3 1492.5  0.0233010  0.3635635  0.0109639
 1492.5 1494.8  0.0231756  0.3629255  0.0109403
 1494.8 1497.0  0.0230445  0.3622585  0.0109157
 1497.0 1499.3  0.0229190  0.3616206  0.0108922
 1499.3 1501.5  0.0227879  0.3609536  0.0108676
 1501.5 1503.8  0.0226717  0.3603314  0.0108450
 1503.8 1506.0  0.0225546  0.3596888  0.0108218
 1506.0 1508.3  0.0224427  0.3590740  0.0107997
 1508.3 1510.6  0.0223256  0.3584313  0.0107766
 1510.6 1512.9  0.0222086  0.3577887  0.0107534
 1512.9 1515.2  0.0220915  0.3571460  0.0107302
 1515.2 1517.5  0.0219745  0.3565033  0.0107071
 1517.5 1519.8  0.0218575  0.3558606  0.0106839
 1519.8 1522.1  0.0217404  0.3552179  0.0106608
 1522.1 1524.4  0.0216234  0.3545752  0.0106376
 1524.4 1526.7  0.0215063  0.3539325  0.0106145
 1526.7 1529.1  0.0213893  0.3532899  0.0105913
 1529.1 1531.4  0.0212672  0.3526192  0.0105672
 1531.4 1533.7  0.0211501  0.3519765  0.0105440
 1533.7 1536.1  0.0210331  0.3513339  0.0105209
 1536.1 1538.5  0.0209109  0.3506632  0.0104967
 1538.5 1540.8  0.0207888  0.3499926  0.0104726
 1540.8 1543.2  0.0206718  0.3493499  0.0104494
 1543.2 1545.6  0.0205496  0.3486793  0.0104252
 1545.6 1548.0  0.0204275  0.3480087  0.0104011
 1548.0 1550.4  0.0203054  0.3473381  0.0103769
 1550.4 1552.8  0.0201859  0.3466717  0.0103530
 1552.8 1555.2  0.0200795  0.3460265  0.0103305
 1555.2 1557.6  0.0199732  0.3453813  0.0103079
 1557.6 1560.1  0.0198668  0.3447361  0.0102853
 1560.1 1562.5  0.0197560  0.3440641  0.0102618
 1562.5 1564.9  0.0196497  0.3434189  0.0102393
 1564.9 1567.4  0.0195433  0.3427737  0.0102167
 1567.4 1569.9  0.0194325  0.3421017  0.0101932
 1569.9 1572.3  0.0193218  0.3414296  0.0101697
 1572.3 1574.8  0.0192154  0.3407844  0.0101471
 1574.8 1577.3  0.0191046  0.3401124  0.0101236
 1577.3 1579.8  0.0189938  0.3394403  0.0101001
 1579.8 1582.3  0.0188830  0.3387682  0.0100766
 1582.3 1584.8  0.0187723  0.3380962  0.0100531
 1584.8 1587.3  0.0186615  0.3374241  0.0100296
 1587.3 1589.8  0.0185507  0.3367521  0.0100061
 1589.8 1592.4  0.0184399  0.3360800  0.0099826
 1592.4 1594.9  0.0183247  0.3353811  0.0099582
 1594.9 1597.4  0.0182139  0.3347090  0.0099346
 1597.4 1600.0  0.0181031  0.3340369  0.0099111
 1600.0 1602.6  0.0179879  0.3333380  0.0098867
 1602.6 1605.1  0.0178902  0.3326668  0.0098640
 1605.1 1607.7  0.0177963  0.3320214  0.0098422
 1607.7 1610.3  0.0176987  0.3313501  0.0098196
 1610.3 1612.9  0.0176010  0.3306789  0.0097969
 1612.9 1615.5  0.0175033  0.3300077  0.0097743
 1615.5 1618.1  0.0174057  0.3293365  0.0097516
 1618.1 1620.7  0.0173080  0.3286653  0.0097289
 1620.7 1623.4  0.0172103  0.3279940  0.0097063
 1623.4 1626.0  0.0171089  0.3272970  0.0096827
 1626.0 1628.7  0.0170112  0.3266258  0.0096601
 1628.7 1631.3  0.0169098  0.3259287  0.0096366
 1631.3 1634.0  0.0168121  0.3252575  0.0096139
 1634.0 1636.7  0.0167107  0.3245605  0.0095904
 1636.7 1639.3  0.0166093  0.3238634  0.0095668
 1639.3 1642.0  0.0165116  0.3231922  0.0095442
 1642.0 1644.7  0.0164102  0.3224952  0.0095206
 1644.7 1647.4  0.0163088  0.3217982  0.0094971
 1647.4 1650.2  0.0162074  0.3211011  0.0094736
 1650.2 1652.9  0.0161034  0.3203804  0.0094493
 1652.9 1655.6  0.0160188  0.3197122  0.0094275
 1655.6 1658.4  0.0159342  0.3190439  0.0094056
 1658.4 1661.1  0.0158465  0.3183509  0.0093830
 1661.1 1663.9  0.0157619  0.3176827  0.0093612
 1663.9 1666.7  0.0156742  0.3169897  0.0093386
 1666.7 1669.4  0.0155864  0.3162968  0.0093159
 1669.4 1672.2  0.0155018  0.3156285  0.0092941
 1672.2 1675.0  0.0154141  0.3149355  0.0092715
 1675.0 1677.9  0.0153263  0.3142425  0.0092489
 1677.9 1680.7  0.0152355  0.3135248  0.0092254
 1680.7 1683.5  0.0151477  0.3128318  0.0092028
 1683.5 1686.3  0.0150600  0.3121389  0.0091802
 1686.3 1689.2  0.0149723  0.3114459  0.0091575
 1689.2 1692.0  0.0148814  0.3107281  0.0091341
 1692.0 1694.9  0.0147937  0.3100351  0.0091115
 1694.9 1697.8  0.0147028  0.3093174  0.0090880
 1697.8 1700.7  0.0146119  0.3085997  0.0090646
 1700.7 1703.6  0.0145299  0.3079402  0.0090431
 1703.6 1706.5  0.0144755  0.3074636  0.0090279
 1706.5 1709.4  0.0144212  0.3069870  0.0090127
 1709.4 1712.3  0.0143669  0.3065104  0.0089974
 1712.3 1715.3  0.0143125  0.3060338  0.0089822
 1715.3 1718.2  0.0142563  0.3055408  0.0089664
 1718.2 1721.2  0.0142020  0.3050643  0.0089512
 1721.2 1724.1  0.0141457  0.3045713  0.0089354
 1724.1 1727.1  0.0140914  0.3040947  0.0089202
 1727.1 1730.1  0.0140352  0.3036017  0.0089044
 1730.1 1733.1  0.0139790  0.3031087  0.0088887
 1733.1 1736.1  0.0139227  0.3026156  0.0088729
 1736.1 1739.1  0.0138665  0.3021227  0.0088571
 1739.1 1742.2  0.0138103  0.3016296  0.0088414
 1742.2 1745.2  0.0137522  0.3011202  0.0088251
 1745.2 1748.3  0.0136960  0.3006272  0.0088093
 1748.3 1751.3  0.0136379  0.3001177  0.0087930
 1751.3 1754.4  0.0135817  0.2996247  0.0087773
 1754.4 1757.5  0.0135215  0.2990880  0.0087602
 1757.5 1760.6  0.0134469  0.2983671  0.0087375
 1760.6 1763.7  0.0133724  0.2976461  0.0087148
 1763.7 1766.8  0.0132979  0.2969252  0.0086921
 1766.8 1769.9  0.0132233  0.2962042  0.0086694
 1769.9 1773.0  0.0131488  0.2954832  0.0086467
 1773.0 1776.2  0.0130784  0.2947726  0.0086245
 1776.2 1779.4  0.0130059  0.2940394  0.0086016
 1779.4 1782.5  0.0129334  0.2933062  0.0085786
 1782.5 1785.7  0.0128632  0.2925959  0.0085564
 1785.7 1788.9  0.0127907  0.2918627  0.0085335
 1788.9 1792.1  0.0127219  0.2911394  0.0085109
 1792.1 1795.3  0.0126536  0.2904173  0.0084884
 1795.3 1798.6  0.0125852  0.2896951  0.0084659
 1798.6 1801.8  0.0125147  0.2889503  0.0084427
 1801.8 1805.1  0.0124464  0.2882281  0.0084202
 1805.1 1808.3  0.0123777  0.2874730  0.0083968
 1808.3 1811.6  0.0123113  0.2867400  0.0083740
 1811.6 1814.9  0.0122428  0.2859842  0.0083506
 1814.9 1818.2  0.0121743  0.2852283  0.0083271
 1818.2 1821.5  0.0121061  0.2844746  0.0083037
 1821.5 1824.8  0.0120434  0.2837535  0.0082814
 1824.8 1828.2  0.0119807  0.2830324  0.0082591
 1828.2 1831.5  0.0119162  0.2822895  0.0082361
 1831.5 1834.9  0.0118535  0.2815684  0.0082138
 1834.9 1838.2  0.0117889  0.2808254  0.0081908
 1838.2 1841.6  0.0117297  0.2801163  0.0081688
 1841.6 1845.0  0.0116687  0.2793861  0.0081463
 1845.0 1848.4  0.0116078  0.2786558  0.0081237
 1848.4 1851.9  0.0115469  0.2779256  0.0081011
 1851.9 1855.3  0.0114842  0.2771738  0.0080779
 1855.3 1858.7  0.0114249  0.2764359  0.0080551
 1858.7 1862.2  0.0113657  0.2756977  0.0080322
 1862.2 1865.7  0.0113048  0.2749378  0.0080087
 1865.7 1869.2  0.0112439  0.2741779  0.0079852
 1869.2 1872.7  0.0111832  0.2734200  0.0079618
 1872.7 1876.2  0.0111271  0.2726955  0.0079394
 1876.2 1879.7  0.0110711  0.2719709  0.0079169
 1879.7 1883.2  0.0110150  0.2712464  0.0078944
 1883.2 1886.8  0.0109590  0.2705218  0.0078720
 1886.8 1890.4  0.0109013  0.2697766  0.0078489
 1890.4 1893.9  0.0108464  0.2690451  0.0078261
 1893.9 1897.5  0.0107932  0.2683348  0.0078040
 1897.5 1901.1  0.0107385  0.2676041  0.0077813
 1901.1 1904.8  0.0106838  0.2668735  0.0077585
 1904.8 1908.4  0.0106275  0.2661226  0.0077352
 1908.4 1912.0  0.0105739  0.2653875  0.0077122
 1912.0 1915.7  0.0105204  0.2646521  0.0076892
 1915.7 1919.4  0.0104653  0.2638963  0.0076655
 1919.4 1923.1  0.0104103  0.2631405  0.0076419
 1923.1 1926.8  0.0103553  0.2623858  0.0076183
 1926.8 1930.5  0.0103040  0.2616661  0.0075956
 1930.5 1934.2  0.0102528  0.2609466  0.0075729
 1934.2 1938.0  0.0102015  0.2602270  0.0075502
 1938.0 1941.7  0.0101488  0.2594880  0.0075269
 1941.7 1945.5  0.0100976  0.2587684  0.0075042
 1945.5 1949.3  0.0100467  0.2580449  0.0074812
 1949.3 1953.1  0.0099960  0.2573227  0.0074582
 1953.1 1956.9  0.0099452  0.2566006  0.0074352
 1956.9 1960.8  0.0098945  0.2558784  0.0074122
 1960.8 1964.6  0.0098425  0.2551372  0.0073886
 1964.6 1968.5  0.0097921  0.2544140  0.0073653
 1968.5 1972.4  0.0097404  0.2536717  0.0073413
 1972.4 1976.3  0.0096888  0.2529294  0.0073174
 1976.3 1980.2  0.0096371  0.2521871  0.0072934
 1980.2 1984.1  0.0095856  0.2514468  0.0072695
 1984.1 1988.1  0.0095368  0.2507414  0.0072465
 1988.1 1992.0  0.0094867  0.2500180  0.0072229
 1992.0 1996.0  0.0094379  0.2493126  0.0071998
 1996.0 2000.0  0.0093879  0.2485892  0.0071762
 2000.0 2004.0  0.0093378  0.2478658  0.0071526
 2004.0 2008.0  0.0092881  0.2471441  0.0071287
 2008.0 2012.1  0.0092384  0.2464224  0.0071048
 2012.1 2016.1  0.0091875  0.2456827  0.0070804
 2016.1 2020.2  0.0091378  0.2449611  0.0070565
 2020.2 2024.3  0.0090870  0.2442232  0.0070321
 2024.3 2028.4  0.0090388  0.2435213  0.0070085
 2028.4 2032.5  0.0089906  0.2428195  0.0069850
 2032.5 2036.7  0.0089424  0.2421176  0.0069615
 2036.7 2040.8  0.0088930  0.2413987  0.0069374
 2040.8 2045.0  0.0088448  0.2406968  0.0069138
 2045.0 2049.2  0.0087969  0.2399977  0.0068901
 2049.2 2053.4  0.0087490  0.2392996  0.0068664
 2053.4 2057.6  0.0087011  0.2386015  0.0068427
 2057.6 2061.9  0.0086533  0.2379033  0.0068189
 2061.9 2066.1  0.0086042  0.2371886  0.0067947
 2066.1 2070.4  0.0085567  0.2364957  0.0067708
 2070.4 2074.7  0.0085080  0.2357865  0.0067464
 2074.7 2079.0  0.0084593  0.2350772  0.0067220
 2079.0 2083.3  0.0084106  0.2343679  0.0066976
 2083.3 2087.7  0.0083620  0.2336603  0.0066732
 2087.7 2092.1  0.0083137  0.2329589  0.0066488
 2092.1 2096.4  0.0082653  0.2322574  0.0066243
 2096.4 2100.8  0.0082181  0.2315720  0.0066003
 2100.8 2105.3  0.0081697  0.2308705  0.0065759
 2105.3 2109.7  0.0081205  0.2301559  0.0065509
 2109.7 2114.2  0.0080746  0.2294938  0.0065274
 2114.2 2118.6  0.0080276  0.2288167  0.0065035
 2118.6 2123.1  0.0079817  0.2281547  0.0064800
 2123.1 2127.7  0.0079347  0.2274776  0.0064560
 2127.7 2132.2  0.0078867  0.2267855  0.0064315
 2132.2 2136.8  0.0078409  0.2261318  0.0064081
 2136.8 2141.3  0.0077942  0.2254652  0.0063841
 2141.3 2145.9  0.0077485  0.2248132  0.0063607
 2145.9 2150.5  0.0077018  0.2241467  0.0063368
 2150.5 2155.2  0.0076551  0.2234802  0.0063129
 2155.2 2159.8  0.0076058  0.2227863  0.0062876
 2159.8 2164.5  0.0075574  0.2221056  0.0062628
 2164.5 2169.2  0.0075079  0.2214102  0.0062374
 2169.2 2173.9  0.0074584  0.2207148  0.0062120
 2173.9 2178.6  0.0074090  0.2200194  0.0061866
 2178.6 2183.4  0.0073669  0.2194384  0.0061652
 2183.4 2188.2  0.0073241  0.2188477  0.0061433
 2188.2 2193.0  0.0072814  0.2182569  0.0061214
 2193.0 2197.8  0.0072386  0.2176661  0.0060996
 2197.8 2202.6  0.0071958  0.2170754  0.0060777
 2202.6 2207.5  0.0071500  0.2164521  0.0060544
 2207.5 2212.4  0.0071007  0.2157877  0.0060294
 2212.4 2217.3  0.0070513  0.2151233  0.0060044
 2217.3 2222.2  0.0070019  0.2144589  0.0059794
 2222.2 2227.2  0.0069527  0.2137970  0.0059545
 2227.2 2232.1  0.0069056  0.2131809  0.0059309
 2232.1 2237.1  0.0068594  0.2125771  0.0059078
 2237.1 2242.2  0.0068122  0.2119609  0.0058842
 2242.2 2247.2  0.0067642  0.2113325  0.0058602
 2247.2 2252.3  0.0067171  0.2107182  0.0058367
 2252.3 2257.3  0.0066708  0.2101358  0.0058140
 2257.3 2262.4  0.0066254  0.2095648  0.0057918
 2262.4 2267.6  0.0065791  0.2089824  0.0057691
 2267.6 2272.7  0.0065319  0.2083886  0.0057459
 2272.7 2277.9  0.0064856  0.2078062  0.0057232
 2277.9 2283.1  0.0064383  0.2072366  0.0057006
 2283.1 2288.3  0.0063909  0.2066685  0.0056781
 2288.3 2293.6  0.0063436  0.2061005  0.0056555
 2293.6 2298.9  0.0062953  0.2055215  0.0056325
 2298.9 2304.1  0.0062470  0.2049425  0.0056095
 2304.1 2309.5  0.0062011  0.2044215  0.0055884
 2309.5 2314.8  0.0061535  0.2038815  0.0055665
 2314.8 2320.2  0.0061067  0.2033514  0.0055450
 2320.2 2325.6  0.0060591  0.2028114  0.0055231
 2325.6 2331.0  0.0060114  0.2022713  0.0055012
 2331.0 2336.4  0.0059634  0.2017608  0.0054800
 2336.4 2341.9  0.0059153  0.2012527  0.0054589
 2341.9 2347.4  0.0058663  0.2007352  0.0054374
 2347.4 2352.9  0.0058174  0.2002176  0.0054159
 2352.9 2358.5  0.0057684  0.1997001  0.0053944
 2358.5 2364.1  0.0057189  0.1992157  0.0053738
 2364.1 2369.7  0.0056694  0.1987320  0.0053533
 2369.7 2375.3  0.0056199  0.1982484  0.0053327
 2375.3 2381.0  0.0055704  0.1977647  0.0053122
 2381.0 2386.6  0.0055200  0.1972724  0.0052913
 2386.6 2392.3  0.0054720  0.1968235  0.0052725
 2392.3 2398.1  0.0054232  0.1963666  0.0052534
 2398.1 2403.8  0.0053735  0.1959017  0.0052339
 2403.8 2409.6  0.0053246  0.1954449  0.0052148
 2409.6 2415.5  0.0052749  0.1949800  0.0051953
 2415.5 2421.3  0.0052250  0.1944915  0.0051767
 2421.3 2427.2  0.0051760  0.1940101  0.0051585
 2427.2 2433.1  0.0051261  0.1935205  0.0051399
 2433.1 2439.0  0.0050762  0.1930308  0.0051214
 2439.0 2445.0  0.0050263  0.1925412  0.0051028
 2445.0 2451.0  0.0049782  0.1919894  0.0050856
 2451.0 2457.0  0.0049302  0.1914377  0.0050684
 2457.0 2463.1  0.0048821  0.1908859  0.0050512
 2463.1 2469.1  0.0048333  0.1903249  0.0050337
 2469.1 2475.2  0.0047853  0.1897715  0.0050165
 2475.2 2481.4  0.0047403  0.1891055  0.0050009
 2481.4 2487.6  0.0046946  0.1884286  0.0049850
 2487.6 2493.8  0.0046490  0.1877516  0.0049690
 2493.8 2500.0  0.0046033  0.1870747  0.0049531
 2500.0 2506.3  0.0045576  0.1863978  0.0049372
 2506.3 2512.6  0.0045172  0.1855606  0.0049232
 2512.6 2518.9  0.0044767  0.1847233  0.0049092
 2518.9 2525.3  0.0044363  0.1838861  0.0048951
 2525.3 2531.6  0.0043952  0.1830356  0.0048809
 2531.6 2538.1  0.0043548  0.1821983  0.0048669
 2538.1 2544.5  0.0043190  0.1811050  0.0048542
 2544.5 2551.0  0.0042841  0.1800136  0.0048419
 2551.0 2557.5  0.0042487  0.1789052  0.0048293
 2557.5 2564.1  0.0042133  0.1777967  0.0048168
 2564.1 2570.7  0.0041775  0.1766663  0.0048040
 2570.7 2577.3  0.0041500  0.1752144  0.0047935
 2577.3 2584.0  0.0041225  0.1737625  0.0047829
 2584.0 2590.7  0.0040946  0.1722886  0.0047721
 2590.7 2597.4  0.0040667  0.1708146  0.0047614
 2597.4 2604.2  0.0040394  0.1693213  0.0047508
 2604.2 2611.0  0.0040224  0.1674956  0.0047427
 2611.0 2617.8  0.0040054  0.1656699  0.0047346
 2617.8 2624.7  0.0039885  0.1638441  0.0047265
 2624.7 2631.6  0.0039712  0.1619916  0.0047182
 2631.6 2638.5  0.0039540  0.1601390  0.0047100
 2638.5 2645.5  0.0039476  0.1578850  0.0047039
 2645.5 2652.5  0.0039419  0.1555732  0.0046978
 2652.5 2659.6  0.0039361  0.1532614  0.0046917
 2659.6 2666.7  0.0039302  0.1509165  0.0046855
 2666.7 2673.8  0.0039243  0.1485718  0.0046794
 2673.8 2681.0  0.0039294  0.1459128  0.0046750
 2681.0 2688.2  0.0039350  0.1432023  0.0046707
 2688.2 2695.4  0.0039406  0.1404919  0.0046663
 2695.4 2702.7  0.0039463  0.1377814  0.0046620
 2702.7 2710.0  0.0039520  0.1350332  0.0046576
 2710.0 2717.4  0.0039679  0.1320680  0.0046543
 2717.4 2724.8  0.0039844  0.1290528  0.0046511
 2724.8 2732.2  0.0040010  0.1260374  0.0046479
 2732.2 2739.7  0.0040175  0.1230222  0.0046446
 2739.7 2747.3  0.0040343  0.1199662  0.0046413
 2747.3 2754.8  0.0040609  0.1167626  0.0046384
 2754.8 2762.4  0.0040875  0.1135969  0.0046356
 2762.4 2770.1  0.0041144  0.1103891  0.0046327
 2770.1 2777.8  0.0041417  0.1071389  0.0046297
 2777.8 2785.5  0.0041690  0.1038888  0.0046268
 2785.5 2793.3  0.0042048  0.1006617  0.0046234
 2793.3 2801.1  0.0042413  0.0973934  0.0046199
 2801.1 2809.0  0.0042779  0.0941250  0.0046165
 2809.0 2816.9  0.0043148  0.0908148  0.0046129
 2816.9 2824.9  0.0043518  0.0875045  0.0046094
 2824.9 2832.9  0.0043976  0.0842925  0.0046044
 2832.9 2840.9  0.0044434  0.0810823  0.0045993
 2840.9 2849.0  0.0044893  0.0778721  0.0045942
 2849.0 2857.1  0.0045357  0.0746217  0.0045890
 2857.1 2865.3  0.0045822  0.0713766  0.0045838
 2865.3 2873.6  0.0046344  0.0685142  0.0045761
 2873.6 2881.8  0.0046873  0.0656169  0.0045682
 2881.8 2890.2  0.0047395  0.0627545  0.0045605
 2890.2 2898.6  0.0047930  0.0598223  0.0045526
 2898.6 2907.0  0.0048465  0.0568901  0.0045447
 2907.0 2915.5  0.0049060  0.0544235  0.0045327
 2915.5 2924.0  0.0049665  0.0519511  0.0045205
 2924.0 2932.6  0.0050271  0.0494787  0.0045082
 2932.6 2941.2  0.0050884  0.0469771  0.0044957
 2941.2 2949.9  0.0051497  0.0444913  0.0044832
 2949.9 2958.6  0.0052140  0.0426437  0.0044663
 2958.6 2967.4  0.0052784  0.0407961  0.0044493
 2967.4 2976.2  0.0053434  0.0389273  0.0044322
 2976.2 2985.1  0.0054085  0.0370585  0.0044150
 2985.1 2994.0  0.0054744  0.0351751  0.0043977
 2994.0 3003.0  0.0055416  0.0338897  0.0043759
 3003.0 3012.0  0.0056095  0.0325899  0.0043540
 3012.0 3021.1  0.0056775  0.0312900  0.0043320
 3021.1 3030.3  0.0057462  0.0299757  0.0043098
 3030.3 3039.5  0.0058156  0.0286642  0.0042873
 3039.5 3048.8  0.0058821  0.0278633  0.0042619
 3048.8 3058.1  0.0059493  0.0270536  0.0042363
 3058.1 3067.5  0.0060166  0.0262440  0.0042107
 3067.5 3076.9  0.0060845  0.0254256  0.0041849
 3076.9 3086.4  0.0061525  0.0246073  0.0041590
 3086.4 3096.0  0.0062162  0.0241717  0.0041305
 3096.0 3105.6  0.0062805  0.0237357  0.0041017
 3105.6 3115.3  0.0063448  0.0232997  0.0040730
 3115.3 3125.0  0.0064098  0.0228592  0.0040439
 3125.0 3134.8  0.0064748  0.0224187  0.0040148
 3134.8 3144.7  0.0065298  0.0222373  0.0039853
 3144.7 3154.6  0.0065854  0.0220541  0.0039554
 3154.6 3164.6  0.0066410  0.0218709  0.0039256
 3164.6 3174.6  0.0066971  0.0216858  0.0038954
 3174.6 3184.7  0.0067533  0.0215007  0.0038653
 3184.7 3194.9  0.0067969  0.0214118  0.0038355
 3194.9 3205.1  0.0068404  0.0213261  0.0038055
 3205.1 3215.4  0.0068838  0.0212405  0.0037755
 3215.4 3225.8  0.0069278  0.0211539  0.0037452
 3225.8 3236.2  0.0069708  0.0210638  0.0037147
 3236.2 3246.8  0.0069982  0.0209409  0.0036860
 3246.8 3257.3  0.0070260  0.0208156  0.0036567
 3257.3 3268.0  0.0070536  0.0206915  0.0036278
 3268.0 3278.7  0.0070818  0.0205650  0.0035982
 3278.7 3289.5  0.0071039  0.0204098  0.0035695
 3289.5 3300.3  0.0071146  0.0201980  0.0035421
 3300.3 3311.3  0.0071254  0.0199863  0.0035147
 3311.3 3322.3  0.0071364  0.0197707  0.0034868
 3322.3 3333.3  0.0071473  0.0195550  0.0034589
 3333.3 3344.5  0.0071466  0.0192949  0.0034325
 3344.5 3355.7  0.0071419  0.0190153  0.0034061
 3355.7 3367.0  0.0071373  0.0187356  0.0033798
 3367.0 3378.4  0.0071326  0.0184535  0.0033532
 3378.4 3389.8  0.0071259  0.0181845  0.0033287
 3389.8 3401.4  0.0071145  0.0179521  0.0033096
 3401.4 3413.0  0.0071029  0.0177157  0.0032902
 3413.0 3424.7  0.0070913  0.0174792  0.0032708
 3424.7 3436.4  0.0070796  0.0172407  0.0032512
 3436.4 3448.3  0.0070016  0.0165099  0.0031919
 3448.3 3460.2  0.0069205  0.0157534  0.0031306
 3460.2 3472.2  0.0068735  0.0154446  0.0031017
 3472.2 3484.3  0.0068318  0.0152084  0.0030780
 3484.3 3496.5  0.0067898  0.0149703  0.0030541
 3496.5 3508.8  0.0067474  0.0147303  0.0030300
 3508.8 3521.1  0.0067047  0.0144882  0.0030057
 3521.1 3533.6  0.0066620  0.0142462  0.0029814
 3533.6 3546.1  0.0066186  0.0140002  0.0029567
 3546.1 3558.7  0.0065751  0.0137542  0.0029320
 3558.7 3571.4  0.0065251  0.0135835  0.0029082
 3571.4 3584.2  0.0064718  0.0134463  0.0028847
 3584.2 3597.1  0.0064182  0.0133080  0.0028611
 3597.1 3610.1  0.0063641  0.0131686  0.0028372
 3610.1 3623.2  0.0063095  0.0130281  0.0028132
 3623.2 3636.4  0.0062546  0.0128866  0.0027890
 3636.4 3649.6  0.0061992  0.0127439  0.0027645
 3649.6 3663.0  0.0061439  0.0126013  0.0027401
 3663.0 3676.5  0.0060873  0.0125207  0.0027171
 3676.5 3690.0  0.0060302  0.0124414  0.0026939
 3690.0 3703.7  0.0059732  0.0123621  0.0026708
 3703.7 3717.5  0.0059153  0.0122817  0.0026473
 3717.5 3731.3  0.0058569  0.0122006  0.0026236
 3731.3 3745.3  0.0057986  0.0121196  0.0025999
 3745.3 3759.4  0.0057395  0.0120374  0.0025759
 3759.4 3773.6  0.0056857  0.0119568  0.0025531
 3773.6 3787.9  0.0056344  0.0118767  0.0025308
 3787.9 3802.3  0.0055827  0.0117961  0.0025084
 3802.3 3816.8  0.0055307  0.0117149  0.0024859
 3816.8 3831.4  0.0054784  0.0116331  0.0024632
 3831.4 3846.2  0.0054257  0.0115508  0.0024403
 3846.2 3861.0  0.0053722  0.0114673  0.0024172
 3861.0 3876.0  0.0053291  0.0113607  0.0023957
 3876.0 3891.1  0.0052891  0.0112445  0.0023745
 3891.1 3906.2  0.0052488  0.0111276  0.0023532
 3906.2 3921.6  0.0052085  0.0110106  0.0023320
 3921.6 3937.0  0.0051674  0.0108914  0.0023102
 3937.0 3952.6  0.0051263  0.0107721  0.0022885
 3952.6 3968.3  0.0050869  0.0106478  0.0022669
 3968.3 3984.1  0.0050583  0.0105050  0.0022470
 3984.1 4000.0  0.0050295  0.0103613  0.0022269
 4000.0 4016.1  0.0050006  0.0102167  0.0022067
 4016.1 4032.3  0.0049712  0.0100702  0.0021863
 4032.3 4048.6  0.0049417  0.0099229  0.0021658
 4048.6 4065.0  0.0049120  0.0097746  0.0021451
 4065.0 4081.6  0.0048917  0.0096281  0.0021261
 4081.6 4098.4  0.0048720  0.0094800  0.0021071
 4098.4 4115.2  0.0048521  0.0093301  0.0020878
 4115.2 4132.2  0.0048322  0.0091802  0.0020686
 4132.2 4149.4  0.0048120  0.0090285  0.0020491
 4149.4 4166.7  0.0047916  0.0088751  0.0020294
 4166.7 4184.1  0.0047788  0.0087346  0.0020113
 4184.1 4201.7  0.0047661  0.0085939  0.0019933
 4201.7 4219.4  0.0047533  0.0084516  0.0019750
 4219.4 4237.3  0.0047404  0.0083085  0.0019566
 4237.3 4255.3  0.0047274  0.0081637  0.0019380
 4255.3 4273.5  0.0047160  0.0080225  0.0019198
 4273.5 4291.8  0.0047085  0.0078901  0.0019025
 4291.8 4310.3  0.0047009  0.0077570  0.0018852
 4310.3 4329.0  0.0046932  0.0076225  0.0018677
 4329.0 4347.8  0.0046855  0.0074865  0.0018500
 4347.8 4366.8  0.0046777  0.0073498  0.0018322
 4366.8 4386.0  0.0046731  0.0072238  0.0018155
 4386.0 4405.3  0.0046689  0.0070980  0.0017989
 4405.3 4424.8  0.0046646  0.0069716  0.0017821
 4424.8 4444.4  0.0046603  0.0068439  0.0017652
 4444.4 4464.3  0.0046560  0.0067155  0.0017482
 4464.3 4484.3  0.0046536  0.0065941  0.0017319
 4484.3 4504.5  0.0046519  0.0064757  0.0017159
 4504.5 4524.9  0.0046501  0.0063562  0.0016997
 4524.9 4545.5  0.0046484  0.0062354  0.0016834
 4545.5 4566.2  0.0046466  0.0061134  0.0016669
 4566.2 4587.2  0.0046467  0.0059996  0.0016513
 4587.2 4608.3  0.0046474  0.0058867  0.0016357
 4608.3 4629.6  0.0046480  0.0057731  0.0016201
 4629.6 4651.2  0.0046487  0.0056586  0.0016043
 4651.2 4672.9  0.0046495  0.0055429  0.0015884
 4672.9 4694.8  0.0046525  0.0054363  0.0015734
 4694.8 4717.0  0.0046555  0.0053287  0.0015583
 4717.0 4739.3  0.0046586  0.0052196  0.0015430
 4739.3 4761.9  0.0046617  0.0051100  0.0015276
 4761.9 4784.7  0.0046661  0.0050038  0.0015125
 4784.7 4807.7  0.0046716  0.0049010  0.0014978
 4807.7 4830.9  0.0046771  0.0047973  0.0014829
 4830.9 4854.4  0.0046827  0.0046927  0.0014679
 4854.4 4878.0  0.0046888  0.0045883  0.0014529
 4878.0 4902.0  0.0046968  0.0044905  0.0014386
 4902.0 4926.1  0.0047050  0.0043909  0.0014240
 4926.1 4950.5  0.0047132  0.0042909  0.0014094
 4950.5 4975.1  0.0047215  0.0041899  0.0013946
 4975.1 5000.0  0.0047324  0.0040958  0.0013805
 5000.0 5025.1  0.0047434  0.0040006  0.0013663
 5025.1 5050.5  0.0047544  0.0039046  0.0013519
 5050.5 5076.1  0.0047657  0.0038076  0.0013374
 5076.1 5102.0  0.0047796  0.0037174  0.0013236
 5102.0 5128.2  0.0047937  0.0036260  0.0013097
 5128.2 5154.6  0.0048079  0.0035337  0.0012956
 5154.6 5181.3  0.0048228  0.0034419  0.0012815
 5181.3 5208.3  0.0048403  0.0033552  0.0012679
 5208.3 5235.6  0.0048580  0.0032676  0.0012542
 5235.6 5263.2  0.0048759  0.0031790  0.0012403
 5263.2 5291.0  0.0048955  0.0030931  0.0012267
 5291.0 5319.1  0.0049171  0.0030105  0.0012134
 5319.1 5347.6  0.0049389  0.0029270  0.0011999
 5347.6 5376.3  0.0049609  0.0028423  0.0011862
 5376.3 5405.4  0.0049868  0.0027643  0.0011733
 5405.4 5434.8  0.0050133  0.0026858  0.0011603
 5434.8 5464.5  0.0050401  0.0026066  0.0011471
 5464.5 5494.5  0.0050693  0.0025306  0.0011343
 5494.5 5524.9  0.0051012  0.0024583  0.0011217
 5524.9 5555.6  0.0051336  0.0023849  0.0011091
 5555.6 5586.6  0.0051672  0.0023125  0.0010964
 5586.6 5618.0  0.0052054  0.0022468  0.0010845
 5618.0 5649.7  0.0052441  0.0021803  0.0010724
 5649.7 5681.8  0.0052831  0.0021131  0.0010602
 5681.8 5714.3  0.0053278  0.0020537  0.0010488
 5714.3 5747.1  0.0053731  0.0019936  0.0010373
 5747.1 5780.3  0.0054189  0.0019330  0.0010256
 5780.3 5814.0  0.0054693  0.0018785  0.0010146
 5814.0 5848.0  0.0055208  0.0018239  0.0010035
 5848.0 5882.4  0.0055728  0.0017687  0.0009923
 5882.4 5917.2  0.0056291  0.0017189  0.0009816
 5917.2 5952.4  0.0056862  0.0016689  0.0009708
 5952.4 5988.0  0.0057443  0.0016187  0.0009599
 5988.0 6024.1  0.0058059  0.0015729  0.0009495
 6024.1 6060.6  0.0058684  0.0015265  0.0009389
 6060.6 6097.6  0.0059324  0.0014808  0.0009283
 6097.6 6135.0  0.0059993  0.0014376  0.0009180
 6135.0 6172.8  0.0060668  0.0013939  0.0009075
 6172.8 6211.2  0.0061364  0.0013519  0.0008972
 6211.2 6250.0  0.0062080  0.0013105  0.0008868
 6250.0 6289.3  0.0062803  0.0012688  0.0008764
 6289.3 6329.1  0.0063552  0.0012292  0.0008661
 6329.1 6369.4  0.0064311  0.0011891  0.0008557
 6369.4 6410.3  0.0065086  0.0011493  0.0008452
 6410.3 6451.6  0.0065879  0.0011099  0.0008347
 6451.6 6493.5  0.0066679  0.0010701  0.0008241
 6493.5 6535.9  0.0067500  0.0010307  0.0008135
 6535.9 6578.9  0.0068330  0.0009909  0.0008027
 6578.9 6622.5  0.0069174  0.0009505  0.0007918
 6622.5 6666.7  0.0070032  0.0009097  0.0007808
 6666.7 6711.4  0.0070901  0.0008681  0.0007696
 6711.4 6756.8  0.0071780  0.0008255  0.0007582
 6756.8 6802.7  0.0072671  0.0007821  0.0007467
 6802.7 6849.3  0.0073568  0.0007367  0.0007349
 6849.3 6896.6  0.0074478  0.0006907  0.0007229
 6896.6 6944.4  0.0075395  0.0006419  0.0007105
 6944.4 6993.0  0.0076321  0.0005926  0.0006981
 6993.0 7042.3  0.0077260  0.0005409  0.0006852
 7042.3 7092.2  0.0078212  0.0004883  0.0006721
 7092.2 7142.9  0.0079179  0.0004344  0.0006589
 7142.9 7194.2  0.0080161  0.0003794  0.0006455
 7194.2 7246.4  0.0081164  0.0003238  0.0006319
 7246.4 7299.3  0.0082187  0.0002673  0.0006182
 7299.3 7352.9  0.0083239  0.0002108  0.0006044
 7352.9 7407.4  0.0084308  0.0001537  0.0005905
 7407.4 7462.7  0.0085422  0.0000975  0.0005766
 7462.7 7518.8  0.0086560  0.0000523  0.0005627
 7518.8 7575.8  0.0087742  0.0000472  0.0005489
 7575.8 7633.6  0.0088966  0.0000676  0.0005351
 7633.6 7692.3  0.0090234  0.0001200  0.0005215
 7692.3 7751.9  0.0091567  0.0001690  0.0005083
 7751.9 7812.5  0.0092941  0.0002169  0.0004951
 7812.5 7874.0  0.0094416  0.0002585  0.0004828
 7874.0 7936.5  0.0095951  0.0002970  0.0004707
 7936.5 8000.0  0.0097573  0.0003304  0.0004593
 8000.0 8064.5  0.0099318  0.0003550  0.0004490
 8064.5 8130.1  0.0101150  0.0003742  0.0004394
 8130.1 8196.7  0.0103134  0.0003823  0.0004312
 8196.7 8264.5  0.0105281  0.0003777  0.0004247
 8264.5 8333.3  0.0107573  0.0003628  0.0004195
 8333.3 8403.4  0.0110081  0.0003298  0.0004167
 8403.4 8474.6  0.0112854  0.0002752  0.0004167
 8474.6 8547.0  0.0115740  0.0002130  0.0004177
 8547.0 8620.7  0.0118674  0.0001498  0.0004188
 8620.7 8695.7  0.0121661  0.0000855  0.0004198
 8695.7 8771.9  0.0124701  0.0000200  0.0004208
 8771.9 8849.6  0.0127790 -0.0000465  0.0004219
 8849.6 8928.6  0.0130939 -0.0001144  0.0004230
 8928.6 9009.0  0.0134141 -0.0001833  0.0004241
 9009.0 9090.9  0.0137399 -0.0002535  0.0004252
 9090.9 9174.3  0.0140719 -0.0003250  0.0004264
 9174.3 9259.3  0.0144099 -0.0003978  0.0004275
 9259.3 9345.8  0.0147544 -0.0004720  0.0004287
 9345.8 9434.0  0.0151050 -0.0005475  0.0004299
 9434.0 9523.8  0.0154625 -0.0006245  0.0004312
 9523.8 9615.4  0.0158264 -0.0007029  0.0004324
 9615.4 9708.7  0.0161977 -0.0007829  0.0004337
 9708.7 9803.9  0.0165758 -0.0008643  0.0004350
 9803.9 9901.0  0.0169617 -0.0009475  0.0004364
 9901.0 9911.0  0.0173552 -0.0010322  0.0004377
