 1176.5 1177.9  0.4949239  8.1669226  0.7775774
 1177.9 1179.2  0.4946902  8.1722317  0.7775592
 1179.2 1180.6  0.4944732  8.1771622  0.7775422
 1180.6 1182.0  0.4942394  8.1824713  0.7775240
 1182.0 1183.4  0.4940057  8.1877804  0.7775058
 1183.4 1184.8  0.4937721  8.1930895  0.7774876
 1184.8 1186.2  0.4935383  8.1983986  0.7774693
 1186.2 1187.6  0.4933047  8.2037077  0.7774512
 1187.6 1189.1  0.4930710  8.2090168  0.7774329
 1189.1 1190.5  0.4928206  8.2147055  0.7774134
 1190.5 1191.9  0.4925869  8.2200146  0.7773952
 1191.9 1193.3  0.4923532  8.2253237  0.7773769
 1193.3 1194.7  0.4921195  8.2306337  0.7773587
 1194.7 1196.2  0.4918858  8.2359419  0.7773405
 1196.2 1197.6  0.4916354  8.2416306  0.7773210
 1197.6 1199.0  0.4914017  8.2469397  0.7773028
 1199.0 1200.5  0.4911680  8.2522488  0.7772846
 1200.5 1201.9  0.4909176  8.2579374  0.7772650
 1201.9 1203.4  0.4906839  8.2632465  0.7772468
 1203.4 1204.8  0.4904335  8.2689352  0.7772273
 1204.8 1206.3  0.4901998  8.2742443  0.7772090
 1206.3 1207.7  0.4899494  8.2799330  0.7771896
 1207.7 1209.2  0.4897157  8.2852421  0.7771713
 1209.2 1210.7  0.4894653  8.2909307  0.7771518
 1210.7 1212.1  0.4892149  8.2966185  0.7771323
 1212.1 1213.6  0.4889812  8.3019285  0.7771141
 1213.6 1215.1  0.4887308  8.3076162  0.7770945
 1215.1 1216.5  0.4884804  8.3133049  0.7770751
 1216.5 1218.0  0.4882467  8.3186140  0.7770568
 1218.0 1219.5  0.4879963  8.3243027  0.7770373
 1219.5 1221.0  0.4877459  8.3299913  0.7770178
 1221.0 1222.5  0.4874955  8.3356800  0.7769982
 1222.5 1224.0  0.4872451  8.3413677  0.7769787
 1224.0 1225.5  0.4869947  8.3470564  0.7769592
 1225.5 1227.0  0.4867444  8.3527451  0.7769397
 1227.0 1228.5  0.4864940  8.3584328  0.7769201
 1228.5 1230.0  0.4862436  8.3641214  0.7769006
 1230.0 1231.5  0.4859932  8.3698101  0.7768811
 1231.5 1233.0  0.4857428  8.3754988  0.7768616
 1233.0 1234.6  0.4854924  8.3811874  0.7768421
 1234.6 1236.1  0.4852253  8.3872547  0.7768213
 1236.1 1237.6  0.4849749  8.3929434  0.7768017
 1237.6 1239.2  0.4847245  8.3986311  0.7767822
 1239.2 1240.7  0.4844575  8.4046993  0.7767614
 1240.7 1242.2  0.4842071  8.4103870  0.7767419
 1242.2 1243.8  0.4839567  8.4160757  0.7767223
 1243.8 1245.3  0.4836896  8.4221439  0.7767015
 1245.3 1246.9  0.4834392  8.4278326  0.7766820
 1246.9 1248.4  0.4831721  8.4338999  0.7766612
 1248.4 1250.0  0.4829217  8.4395885  0.7766417
 1250.0 1251.6  0.4826546  8.4456558  0.7766208
 1251.6 1253.1  0.4823875  8.4517231  0.7766000
 1253.1 1254.7  0.4821371  8.4574118  0.7765805
 1254.7 1256.3  0.4818701  8.4634790  0.7765597
 1256.3 1257.9  0.4816030  8.4695473  0.7765388
 1257.9 1259.4  0.4813359  8.4756145  0.7765180
 1259.4 1261.0  0.4810855  8.4813032  0.7764985
 1261.0 1262.6  0.4808184  8.4873714  0.7764776
 1262.6 1264.2  0.4805513  8.4934387  0.7764568
 1264.2 1265.8  0.4802842  8.4995060  0.7764360
 1265.8 1267.4  0.4800171  8.5055742  0.7764152
 1267.4 1269.0  0.4797501  8.5116415  0.7763944
 1269.0 1270.6  0.4794830  8.5177097  0.7763736
 1270.6 1272.3  0.4792159  8.5237770  0.7763527
 1272.3 1273.9  0.4789321  8.5302238  0.7763306
 1273.9 1275.5  0.4786650  8.5362911  0.7763098
 1275.5 1277.1  0.4783979  8.5423594  0.7762889
 1277.1 1278.8  0.4781308  8.5484266  0.7762681
 1278.8 1280.4  0.4778471  8.5548735  0.7762460
 1280.4 1282.1  0.4775800  8.5609417  0.7762252
 1282.1 1283.7  0.4772962  8.5673885  0.7762030
 1283.7 1285.3  0.4770291  8.5734558  0.7761822
 1285.3 1287.0  0.4767620  8.5795240  0.7761614
 1287.0 1288.7  0.4764782  8.5859699  0.7761393
 1288.7 1290.3  0.4761945  8.5924168  0.7761171
 1290.3 1292.0  0.4759274  8.5984850  0.7760963
 1292.0 1293.7  0.4756436  8.6049318  0.7760742
 1293.7 1295.3  0.4753599  8.6113787  0.7760521
 1295.3 1297.0  0.4750927  8.6174469  0.7760313
 1297.0 1298.7  0.4748090  8.6238937  0.7760091
 1298.7 1300.4  0.4745252  8.6303396  0.7759870
 1300.4 1302.1  0.4742638  8.6363268  0.7759573
 1302.1 1303.8  0.4740749  8.6408176  0.7759030
 1303.8 1305.5  0.4738860  8.6453085  0.7758487
 1305.5 1307.2  0.4736972  8.6497984  0.7757945
 1307.2 1308.9  0.4735083  8.6542892  0.7757402
 1308.9 1310.6  0.4733194  8.6587801  0.7756860
 1310.6 1312.3  0.4731305  8.6632700  0.7756317
 1312.3 1314.1  0.4729417  8.6677608  0.7755774
 1314.1 1315.8  0.4727417  8.6725159  0.7755199
 1315.8 1317.5  0.4725528  8.6770067  0.7754657
 1317.5 1319.3  0.4723639  8.6814966  0.7754114
 1319.3 1321.0  0.4721639  8.6862516  0.7753539
 1321.0 1322.8  0.4719751  8.6907425  0.7752996
 1322.8 1324.5  0.4717751  8.6954966  0.7752421
 1324.5 1326.3  0.4715862  8.6999874  0.7751878
 1326.3 1328.0  0.4713863  8.7047424  0.7751304
 1328.0 1329.8  0.4711974  8.7092333  0.7750762
 1329.8 1331.6  0.4709974  8.7139874  0.7750186
 1331.6 1333.3  0.4707974  8.7187424  0.7749612
 1333.3 1335.1  0.4706086  8.7232332  0.7749069
 1335.1 1336.9  0.4704086  8.7279873  0.7748494
 1336.9 1338.7  0.4702086  8.7327423  0.7747920
 1338.7 1340.5  0.4700086  8.7374973  0.7747345
 1340.5 1342.3  0.4698086  8.7422523  0.7746770
 1342.3 1344.1  0.4696087  8.7470064  0.7746196
 1344.1 1345.9  0.4694087  8.7517614  0.7745621
 1345.9 1347.7  0.4692087  8.7565165  0.7745046
 1347.7 1349.5  0.4690087  8.7612705  0.7744471
 1349.5 1351.4  0.4688087  8.7660255  0.7743897
 1351.4 1353.2  0.4686119  8.7707863  0.7743109
 1353.2 1355.0  0.4684302  8.7752094  0.7742301
 1355.0 1356.9  0.4682485  8.7796326  0.7741492
 1356.9 1358.7  0.4680567  8.7843018  0.7740639
 1358.7 1360.5  0.4678751  8.7887249  0.7739832
 1360.5 1362.4  0.4676934  8.7931480  0.7739024
 1362.4 1364.3  0.4675016  8.7978172  0.7738171
 1364.3 1366.1  0.4673098  8.8024855  0.7737318
 1366.1 1368.0  0.4671281  8.8069086  0.7736509
 1368.0 1369.9  0.4669363  8.8115778  0.7735656
 1369.9 1371.7  0.4667446  8.8162470  0.7734804
 1371.7 1373.6  0.4665629  8.8206692  0.7733995
 1373.6 1375.5  0.4663711  8.8253384  0.7733142
 1375.5 1377.4  0.4661793  8.8300076  0.7732289
 1377.4 1379.3  0.4659876  8.8346767  0.7731436
 1379.3 1381.2  0.4657958  8.8393450  0.7730584
 1381.2 1383.1  0.4656040  8.8440142  0.7729731
 1383.1 1385.0  0.4654122  8.8486824  0.7728878
 1385.0 1387.0  0.4652205  8.8533516  0.7728025
 1387.0 1388.9  0.4650186  8.8582659  0.7727127
 1388.9 1390.8  0.4648268  8.8629351  0.7726274
 1390.8 1392.8  0.4646350  8.8676043  0.7725421
 1392.8 1394.7  0.4644331  8.8725185  0.7724524
 1394.7 1396.6  0.4642414  8.8771877  0.7723671
 1396.6 1398.6  0.4640496  8.8818560  0.7722818
 1398.6 1400.6  0.4638477  8.8867712  0.7721919
 1400.6 1402.5  0.4636514  8.8915730  0.7720949
 1402.5 1404.5  0.4634773  8.8958874  0.7719867
 1404.5 1406.5  0.4632940  8.9004288  0.7718727
 1406.5 1408.5  0.4631108  8.9049702  0.7717587
 1408.5 1410.4  0.4629275  8.9095106  0.7716447
 1410.4 1412.4  0.4627534  8.9138250  0.7715365
 1412.4 1414.4  0.4625701  8.9183664  0.7714225
 1414.4 1416.4  0.4623868  8.9229078  0.7713085
 1416.4 1418.4  0.4622036  8.9274483  0.7711945
 1418.4 1420.5  0.4620203  8.9319897  0.7710806
 1420.5 1422.5  0.4618279  8.9367580  0.7709609
 1422.5 1424.5  0.4616446  8.9412994  0.7708469
 1424.5 1426.5  0.4614613  8.9458408  0.7707329
 1426.5 1428.6  0.4612781  8.9503813  0.7706190
 1428.6 1430.6  0.4610856  8.9551497  0.7704993
 1430.6 1432.7  0.4609023  8.9596910  0.7703853
 1432.7 1434.7  0.4607099  8.9644594  0.7702656
 1434.7 1436.8  0.4605266  8.9689999  0.7701517
 1436.8 1438.8  0.4603342  8.9737682  0.7700320
 1438.8 1440.9  0.4601509  8.9783096  0.7699180
 1440.9 1443.0  0.4599585  8.9830780  0.7697983
 1443.0 1445.1  0.4597661  8.9878464  0.7696787
 1445.1 1447.2  0.4595736  8.9926147  0.7695590
 1447.2 1449.3  0.4593812  8.9973822  0.7694393
 1449.3 1451.4  0.4591887  9.0021515  0.7693197
 1451.4 1453.5  0.4590082  9.0066519  0.7691842
 1453.5 1455.6  0.4588336  9.0110207  0.7690407
 1455.6 1457.7  0.4586591  9.0153885  0.7688973
 1457.7 1459.9  0.4584845  9.0197563  0.7687539
 1459.9 1462.0  0.4583016  9.0243320  0.7686036
 1462.0 1464.1  0.4581271  9.0286999  0.7684602
 1464.1 1466.3  0.4579525  9.0330677  0.7683167
 1466.3 1468.4  0.4577696  9.0376444  0.7681665
 1468.4 1470.6  0.4575951  9.0420122  0.7680231
 1470.6 1472.8  0.4574122  9.0465879  0.7678728
 1472.8 1474.9  0.4572293  9.0511637  0.7677225
 1474.9 1477.1  0.4570547  9.0555315  0.7675791
 1477.1 1479.3  0.4568718  9.0601082  0.7674289
 1479.3 1481.5  0.4566889  9.0646839  0.7672786
 1481.5 1483.7  0.4565061  9.0692596  0.7671283
 1483.7 1485.9  0.4563232  9.0738354  0.7669781
 1485.9 1488.1  0.4561403  9.0784121  0.7668278
 1488.1 1490.3  0.4559574  9.0829878  0.7666776
 1490.3 1492.5  0.4557745  9.0875635  0.7665273
 1492.5 1494.8  0.4555917  9.0921392  0.7663770
 1494.8 1497.0  0.4554005  9.0969238  0.7662200
 1497.0 1499.3  0.4552176  9.1014996  0.7660697
 1499.3 1501.5  0.4550264  9.1062832  0.7659126
 1501.5 1503.8  0.4548552  9.1105652  0.7657464
 1503.8 1506.0  0.4546819  9.1148987  0.7655649
 1506.0 1508.3  0.4545161  9.1190434  0.7653912
 1508.3 1510.6  0.4543428  9.1233768  0.7652097
 1510.6 1512.9  0.4541695  9.1277094  0.7650282
 1512.9 1515.2  0.4539962  9.1320429  0.7648466
 1515.2 1517.5  0.4538229  9.1363764  0.7646651
 1517.5 1519.8  0.4536496  9.1407089  0.7644836
 1519.8 1522.1  0.4534763  9.1450424  0.7643021
 1522.1 1524.4  0.4533030  9.1493759  0.7641205
 1524.4 1526.7  0.4531297  9.1537085  0.7639390
 1526.7 1529.1  0.4529564  9.1580420  0.7637575
 1529.1 1531.4  0.4527756  9.1625633  0.7635680
 1531.4 1533.7  0.4526023  9.1668968  0.7633865
 1533.7 1536.1  0.4524290  9.1712294  0.7632050
 1536.1 1538.5  0.4522482  9.1757507  0.7630156
 1538.5 1540.8  0.4520673  9.1802731  0.7628261
 1540.8 1543.2  0.4518940  9.1846056  0.7626446
 1543.2 1545.6  0.4517132  9.1891270  0.7624552
 1545.6 1548.0  0.4515323  9.1936493  0.7622657
 1548.0 1550.4  0.4513515  9.1981707  0.7620763
 1550.4 1552.8  0.4511735  9.2026110  0.7618829
 1552.8 1555.2  0.4510098  9.2066460  0.7616694
 1555.2 1557.6  0.4508460  9.2106810  0.7614560
 1557.6 1560.1  0.4506823  9.2147160  0.7612425
 1560.1 1562.5  0.4505117  9.2189188  0.7610201
 1562.5 1564.9  0.4503480  9.2229538  0.7608066
 1564.9 1567.4  0.4501842  9.2269878  0.7605932
 1567.4 1569.9  0.4500136  9.2311907  0.7603708
 1569.9 1572.3  0.4498431  9.2353945  0.7601484
 1572.3 1574.8  0.4496793  9.2394285  0.7599350
 1574.8 1577.3  0.4495088  9.2436323  0.7597126
 1577.3 1579.8  0.4493382  9.2478352  0.7594902
 1579.8 1582.3  0.4491676  9.2520380  0.7592678
 1582.3 1584.8  0.4489971  9.2562408  0.7590455
 1584.8 1587.3  0.4488265  9.2604437  0.7588231
 1587.3 1589.8  0.4486559  9.2646465  0.7586007
 1589.8 1592.4  0.4484853  9.2688494  0.7583783
 1592.4 1594.9  0.4483079  9.2732201  0.7581471
 1594.9 1597.4  0.4481374  9.2774239  0.7579247
 1597.4 1600.0  0.4479668  9.2816267  0.7577024
 1600.0 1602.6  0.4477894  9.2859974  0.7574711
 1602.6 1605.1  0.4476300  9.2898331  0.7572141
 1605.1 1607.7  0.4474768  9.2935209  0.7569671
 1607.7 1610.3  0.4473175  9.2973566  0.7567101
 1610.3 1612.9  0.4471582  9.3011923  0.7564532
 1612.9 1615.5  0.4469988  9.3050280  0.7561962
 1615.5 1618.1  0.4468395  9.3088636  0.7559392
 1618.1 1620.7  0.4466801  9.3126984  0.7556823
 1620.7 1623.4  0.4465208  9.3165340  0.7554253
 1623.4 1626.0  0.4463553  9.3205175  0.7551585
 1626.0 1628.7  0.4461960  9.3243532  0.7549015
 1628.7 1631.3  0.4460305  9.3283358  0.7546347
 1631.3 1634.0  0.4458711  9.3321714  0.7543778
 1634.0 1636.7  0.4457057  9.3361549  0.7541109
 1636.7 1639.3  0.4455402  9.3401375  0.7538441
 1639.3 1642.0  0.4453809  9.3439732  0.7535871
 1642.0 1644.7  0.4452154  9.3479567  0.7533203
 1644.7 1647.4  0.4450499  9.3519392  0.7530535
 1647.4 1650.2  0.4448844  9.3559227  0.7527866
 1650.2 1652.9  0.4447144  9.3600140  0.7525078
 1652.9 1655.6  0.4445699  9.3634605  0.7522122
 1655.6 1658.4  0.4444255  9.3669081  0.7519166
 1658.4 1661.1  0.4442756  9.3704824  0.7516100
 1661.1 1663.9  0.4441312  9.3739300  0.7513144
 1663.9 1666.7  0.4439814  9.3775043  0.7510079
 1666.7 1669.4  0.4438316  9.3810787  0.7507013
 1669.4 1672.2  0.4436871  9.3845263  0.7504057
 1672.2 1675.0  0.4435373  9.3881006  0.7500991
 1675.0 1677.9  0.4433875  9.3916759  0.7497926
 1677.9 1680.7  0.4432323  9.3953781  0.7494751
 1680.7 1683.5  0.4430825  9.3989525  0.7491685
 1683.5 1686.3  0.4429327  9.4025269  0.7488619
 1686.3 1689.2  0.4427829  9.4061022  0.7485554
 1689.2 1692.0  0.4426277  9.4098043  0.7482378
 1692.0 1694.9  0.4424779  9.4133787  0.7479313
 1694.9 1697.8  0.4423228  9.4170818  0.7476138
 1697.8 1700.7  0.4421676  9.4207840  0.7472963
 1700.7 1703.6  0.4420273  9.4241400  0.7469989
 1703.6 1706.5  0.4419336  9.4264078  0.7467647
 1706.5 1709.4  0.4418400  9.4286757  0.7465305
 1709.4 1712.3  0.4417464  9.4309435  0.7462962
 1712.3 1715.3  0.4416527  9.4332113  0.7460620
 1715.3 1718.2  0.4415558  9.4355574  0.7458197
 1718.2 1721.2  0.4414622  9.4378252  0.7455855
 1721.2 1724.1  0.4413653  9.4401712  0.7453432
 1724.1 1727.1  0.4412716  9.4424391  0.7451090
 1727.1 1730.1  0.4411748  9.4447842  0.7448667
 1730.1 1733.1  0.4410779  9.4471302  0.7446244
 1733.1 1736.1  0.4409810  9.4494762  0.7443821
 1736.1 1739.1  0.4408841  9.4518223  0.7441399
 1739.1 1742.2  0.4407873  9.4541683  0.7438976
 1742.2 1745.2  0.4406871  9.4565926  0.7436472
 1745.2 1748.3  0.4405903  9.4589386  0.7434049
 1748.3 1751.3  0.4404902  9.4613628  0.7431545
 1751.3 1754.4  0.4403933  9.4637089  0.7429122
 1754.4 1757.5  0.4402900  9.4662285  0.7426436
 1757.5 1760.6  0.4401651  9.4693880  0.7422513
 1760.6 1763.7  0.4400402  9.4725475  0.7418590
 1763.7 1766.8  0.4399153  9.4757071  0.7414666
 1766.8 1769.9  0.4397903  9.4788666  0.7410743
 1769.9 1773.0  0.4396654  9.4820261  0.7406819
 1773.0 1776.2  0.4395511  9.4850206  0.7402765
 1776.2 1779.4  0.4394334  9.4881067  0.7398575
 1779.4 1782.5  0.4393157  9.4911928  0.7394385
 1782.5 1785.7  0.4392017  9.4941816  0.7390326
 1785.7 1788.9  0.4390839  9.4972677  0.7386136
 1788.9 1792.1  0.4389769  9.5001974  0.7381814
 1792.1 1795.3  0.4388711  9.5031109  0.7377479
 1795.3 1798.6  0.4387652  9.5060244  0.7373144
 1798.6 1801.8  0.4386560  9.5090294  0.7368673
 1801.8 1805.1  0.4385501  9.5119429  0.7364337
 1805.1 1808.3  0.4384505  9.5148621  0.7359581
 1808.3 1811.6  0.4383544  9.5176878  0.7354950
 1811.6 1814.9  0.4382554  9.5206013  0.7350174
 1814.9 1818.2  0.4381563  9.5235147  0.7345399
 1818.2 1821.5  0.4380583  9.5264120  0.7340622
 1821.5 1824.8  0.4379760  9.5290623  0.7335825
 1824.8 1828.2  0.4378938  9.5317125  0.7331027
 1828.2 1831.5  0.4378090  9.5344429  0.7326086
 1831.5 1834.9  0.4377268  9.5370932  0.7321288
 1834.9 1838.2  0.4376420  9.5398235  0.7316346
 1838.2 1841.6  0.4375741  9.5423021  0.7311376
 1841.6 1845.0  0.4375047  9.5448503  0.7306250
 1845.0 1848.4  0.4374353  9.5473986  0.7301125
 1848.4 1851.9  0.4373658  9.5499477  0.7295999
 1851.9 1855.3  0.4372944  9.5525703  0.7290723
 1855.3 1858.7  0.4372394  9.5550089  0.7285255
 1858.7 1862.2  0.4371850  9.5574427  0.7279777
 1862.2 1865.7  0.4371289  9.5599489  0.7274138
 1865.7 1869.2  0.4370728  9.5624542  0.7268499
 1869.2 1872.7  0.4370178  9.5649462  0.7262857
 1872.7 1876.2  0.4369811  9.5671949  0.7257169
 1876.2 1879.7  0.4369444  9.5694447  0.7251483
 1879.7 1883.2  0.4369077  9.5716944  0.7245795
 1883.2 1886.8  0.4368711  9.5739431  0.7240108
 1886.8 1890.4  0.4368333  9.5762568  0.7234258
 1890.4 1893.9  0.4368142  9.5783901  0.7228191
 1893.9 1897.5  0.4367966  9.5804529  0.7222281
 1897.5 1901.1  0.4367785  9.5825758  0.7216201
 1901.1 1904.8  0.4367605  9.5846977  0.7210121
 1904.8 1908.4  0.4367419  9.5868788  0.7203873
 1908.4 1912.0  0.4367439  9.5888700  0.7197395
 1912.0 1915.7  0.4367471  9.5908527  0.7190894
 1915.7 1919.4  0.4367504  9.5928907  0.7184213
 1919.4 1923.1  0.4367536  9.5949297  0.7177532
 1923.1 1926.8  0.4367575  9.5969610  0.7170848
 1926.8 1930.5  0.4367834  9.5987501  0.7164085
 1930.5 1934.2  0.4368093  9.6005383  0.7157322
 1934.2 1938.0  0.4368353  9.6023273  0.7150559
 1938.0 1941.7  0.4368619  9.6041651  0.7143613
 1941.7 1945.5  0.4368878  9.6059542  0.7136849
 1945.5 1949.3  0.4369374  9.6076078  0.7129639
 1949.3 1953.1  0.4369890  9.6092453  0.7122406
 1953.1 1956.9  0.4370406  9.6108828  0.7115174
 1956.9 1960.8  0.4370922  9.6125202  0.7107942
 1960.8 1964.6  0.4371452  9.6142015  0.7100518
 1964.6 1968.5  0.4372222  9.6156931  0.7092821
 1968.5 1972.4  0.4373028  9.6172161  0.7084894
 1972.4 1976.3  0.4373833  9.6187382  0.7076968
 1976.3 1980.2  0.4374639  9.6202612  0.7069041
 1980.2 1984.1  0.4375454  9.6217737  0.7061111
 1984.1 1988.1  0.4376459  9.6230860  0.7053106
 1988.1 1992.0  0.4377490  9.6244316  0.7044898
 1992.0 1996.0  0.4378495  9.6257448  0.7036893
 1996.0 2000.0  0.4379525  9.6270905  0.7028685
 2000.0 2004.0  0.4380556  9.6284370  0.7020475
 2004.0 2008.0  0.4381803  9.6296635  0.7011783
 2008.0 2012.1  0.4383049  9.6308899  0.7003090
 2012.1 2016.1  0.4384327  9.6321468  0.6994180
 2016.1 2020.2  0.4385574  9.6333733  0.6985487
 2020.2 2024.3  0.4386856  9.6346235  0.6976576
 2024.3 2028.4  0.4388238  9.6357327  0.6967637
 2028.4 2032.5  0.4389620  9.6368427  0.6958698
 2032.5 2036.7  0.4391002  9.6379519  0.6949759
 2036.7 2040.8  0.4392418  9.6390886  0.6940602
 2040.8 2045.0  0.4393800  9.6401978  0.6931663
 2045.0 2049.2  0.4395296  9.6412535  0.6922292
 2049.2 2053.4  0.4396797  9.6423054  0.6912910
 2053.4 2057.6  0.4398298  9.6433563  0.6903529
 2057.6 2061.9  0.4399799  9.6444082  0.6894147
 2061.9 2066.1  0.4401335  9.6454849  0.6884543
 2066.1 2070.4  0.4402898  9.6465139  0.6874748
 2070.4 2074.7  0.4404499  9.6475677  0.6864710
 2074.7 2079.0  0.4406100  9.6486216  0.6854672
 2079.0 2083.3  0.4407701  9.6496744  0.6844634
 2083.3 2087.7  0.4409299  9.6507282  0.6834585
 2087.7 2092.1  0.4410896  9.6517992  0.6824151
 2092.1 2096.4  0.4412493  9.6528702  0.6813716
 2096.4 2100.8  0.4414054  9.6539173  0.6803520
 2100.8 2105.3  0.4415651  9.6549892  0.6793085
 2105.3 2109.7  0.4417275  9.6560860  0.6782420
 2109.7 2114.2  0.4418729  9.6571732  0.6772083
 2114.2 2118.6  0.4420217  9.6582851  0.6761511
 2118.6 2123.1  0.4421671  9.6593723  0.6751174
 2123.1 2127.7  0.4423158  9.6604843  0.6740602
 2127.7 2132.2  0.4424679  9.6616211  0.6729795
 2132.2 2136.8  0.4425992  9.6628180  0.6719131
 2136.8 2141.3  0.4427322  9.6640482  0.6708223
 2141.3 2145.9  0.4428623  9.6652508  0.6697552
 2145.9 2150.5  0.4429953  9.6664801  0.6686644
 2150.5 2155.2  0.4431283  9.6677103  0.6675736
 2155.2 2159.8  0.4432439  9.6691914  0.6663884
 2159.8 2164.5  0.4433548  9.6706676  0.6652201
 2164.5 2169.2  0.4434681  9.6721764  0.6640265
 2169.2 2173.9  0.4435813  9.6736851  0.6628329
 2173.9 2178.6  0.4436946  9.6751928  0.6616393
 2178.6 2183.4  0.4437616  9.6766825  0.6606004
 2183.4 2188.2  0.4438290  9.6782036  0.6595430
 2188.2 2193.0  0.4438965  9.6797237  0.6584855
 2193.0 2197.8  0.4439639  9.6812449  0.6574280
 2197.8 2202.6  0.4440313  9.6827650  0.6563705
 2202.6 2207.5  0.4440757  9.6845837  0.6552252
 2207.5 2212.4  0.4441011  9.6866980  0.6539803
 2212.4 2217.3  0.4441266  9.6888113  0.6527353
 2217.3 2222.2  0.4441520  9.6909256  0.6514903
 2222.2 2227.2  0.4441750  9.6930494  0.6502479
 2227.2 2232.1  0.4441399  9.6954670  0.6490443
 2232.1 2237.1  0.4441055  9.6978359  0.6478646
 2237.1 2242.2  0.4440705  9.7002535  0.6466610
 2242.2 2247.2  0.4440347  9.7027197  0.6454332
 2247.2 2252.3  0.4439967  9.7051525  0.6442311
 2252.3 2257.3  0.4438877  9.7080183  0.6430431
 2257.3 2262.4  0.4437809  9.7108269  0.6418784
 2262.4 2267.6  0.4436719  9.7136927  0.6406904
 2267.6 2272.7  0.4435608  9.7166147  0.6394790
 2272.7 2277.9  0.4434518  9.7194796  0.6382911
 2277.9 2283.1  0.4432521  9.7229862  0.6370800
 2283.1 2288.3  0.4430468  9.7265282  0.6358689
 2288.3 2293.6  0.4428416  9.7300701  0.6346578
 2293.6 2298.9  0.4426325  9.7336798  0.6334234
 2298.9 2304.1  0.4424234  9.7372904  0.6321891
 2304.1 2309.5  0.4421214  9.7413893  0.6310295
 2309.5 2314.8  0.4418059  9.7456570  0.6298265
 2314.8 2320.2  0.4414962  9.7498455  0.6286457
 2320.2 2325.6  0.4411806  9.7541132  0.6274427
 2325.6 2331.0  0.4408651  9.7583818  0.6262395
 2331.0 2336.4  0.4404269  9.7634535  0.6250529
 2336.4 2341.9  0.4399790  9.7685890  0.6238676
 2341.9 2347.4  0.4395227  9.7738209  0.6226603
 2347.4 2352.9  0.4390665  9.7790518  0.6214530
 2352.9 2358.5  0.4386102  9.7842827  0.6202458
 2358.5 2364.1  0.4380065  9.7905121  0.6190680
 2364.1 2369.7  0.4374002  9.7967587  0.6178912
 2369.7 2375.3  0.4367940  9.8030043  0.6167145
 2375.3 2381.0  0.4361877  9.8092499  0.6155376
 2381.0 2386.6  0.4355707  9.8156071  0.6143398
 2386.6 2392.3  0.4348687  9.8226871  0.6132511
 2392.3 2398.1  0.4341541  9.8298941  0.6121429
 2398.1 2403.8  0.4334271  9.8372269  0.6110153
 2403.8 2409.6  0.4327125  9.8444338  0.6099071
 2409.6 2415.5  0.4319854  9.8517666  0.6087794
 2415.5 2421.3  0.4312119  9.8602629  0.6077080
 2421.3 2427.2  0.4304489  9.8686905  0.6066601
 2427.2 2433.1  0.4296729  9.8772621  0.6055942
 2433.1 2439.0  0.4288968  9.8858347  0.6045282
 2439.0 2445.0  0.4281207  9.8944073  0.6034623
 2445.0 2451.0  0.4274222  9.9040499  0.6025133
 2451.0 2457.0  0.4267237  9.9136925  0.6015643
 2457.0 2463.1  0.4260252  9.9233360  0.6006153
 2463.1 2469.1  0.4253151  9.9331388  0.5996504
 2469.1 2475.2  0.4246201  9.9427967  0.5987043
 2475.2 2481.4  0.4241283  9.9534798  0.5979138
 2481.4 2487.6  0.4236283  9.9643383  0.5971104
 2487.6 2493.8  0.4231284  9.9751978  0.5963069
 2493.8 2500.0  0.4226284  9.9860563  0.5955034
 2500.0 2506.3  0.4221285  9.9969149  0.5947000
 2506.3 2512.6  0.4219839 10.0085955  0.5941109
 2512.6 2518.9  0.4218393 10.0202761  0.5935218
 2518.9 2525.3  0.4216948 10.0319567  0.5929328
 2525.3 2531.6  0.4215479 10.0438223  0.5923343
 2531.6 2538.1  0.4214033 10.0555038  0.5917453
 2538.1 2544.5  0.4217497 10.0684710  0.5913833
 2544.5 2551.0  0.4221228 10.0812979  0.5910428
 2551.0 2557.5  0.4225017 10.0943251  0.5906970
 2557.5 2564.1  0.4228806 10.1073523  0.5903511
 2564.1 2570.7  0.4232765 10.1205940  0.5900049
 2570.7 2577.3  0.4243935 10.1347408  0.5899816
 2577.3 2584.0  0.4255106 10.1488876  0.5899583
 2584.0 2590.7  0.4266445 10.1632490  0.5899345
 2590.7 2597.4  0.4277784 10.1776104  0.5899109
 2597.4 2604.2  0.4289628 10.1919823  0.5899094
 2604.2 2611.0  0.4309711 10.2067385  0.5902635
 2611.0 2617.8  0.4329793 10.2214937  0.5906175
 2617.8 2624.7  0.4349876 10.2362499  0.5909716
 2624.7 2631.6  0.4370254 10.2512226  0.5913309
 2631.6 2638.5  0.4390632 10.2661953  0.5916902
 2638.5 2645.5  0.4420674 10.2816830  0.5924212
 2645.5 2652.5  0.4451754 10.2974272  0.5931861
 2652.5 2659.6  0.4482835 10.3131714  0.5939509
 2659.6 2666.7  0.4514360 10.3291416  0.5947267
 2666.7 2673.8  0.4545884 10.3451099  0.5955025
 2673.8 2681.0  0.4586160 10.3608551  0.5965772
 2681.0 2688.2  0.4627393 10.3768120  0.5976804
 2688.2 2695.4  0.4668627 10.3927679  0.5987837
 2695.4 2702.7  0.4709861 10.4087248  0.5998868
 2702.7 2710.0  0.4751669 10.4249029  0.6010054
 2710.0 2717.4  0.4800976 10.4401836  0.6023217
 2717.4 2724.8  0.4851283 10.4556341  0.6036647
 2724.8 2732.2  0.4901593 10.4710855  0.6050077
 2732.2 2739.7  0.4951900 10.4865370  0.6063507
 2739.7 2747.3  0.5002888 10.5021963  0.6077117
 2747.3 2754.8  0.5060691 10.5163736  0.6091733
 2754.8 2762.4  0.5117980 10.5302954  0.6106189
 2762.4 2770.1  0.5176033 10.5444031  0.6120838
 2770.1 2777.8  0.5234852 10.5586958  0.6135680
 2777.8 2785.5  0.5293669 10.5729895  0.6150522
 2785.5 2793.3  0.5356929 10.5847015  0.6164834
 2793.3 2801.1  0.5421131 10.5964956  0.6179319
 2801.1 2809.0  0.5485333 10.6082897  0.6193804
 2809.0 2816.9  0.5550357 10.6202354  0.6208474
 2816.9 2824.9  0.5615381 10.6321802  0.6223144
 2824.9 2832.9  0.5684655 10.6406364  0.6235991
 2832.9 2840.9  0.5753971 10.6490459  0.6248813
 2840.9 2849.0  0.5823289 10.6574554  0.6261634
 2849.0 2857.1  0.5893473 10.6659698  0.6274617
 2857.1 2865.3  0.5963640 10.6744223  0.6287547
 2865.3 2873.6  0.6033286 10.6779613  0.6296442
 2873.6 2881.8  0.6103783 10.6815434  0.6305447
 2881.8 2890.2  0.6173429 10.6850824  0.6314342
 2890.2 2898.6  0.6244774 10.6887083  0.6323454
 2898.6 2907.0  0.6316121 10.6923332  0.6332567
 2907.0 2915.5  0.6386940 10.6899042  0.6336051
 2915.5 2924.0  0.6458578 10.6871395  0.6339290
 2924.0 2932.6  0.6530215 10.6843748  0.6342530
 2932.6 2941.2  0.6602696 10.6815777  0.6345808
 2941.2 2949.9  0.6675057 10.6786165  0.6348923
 2949.9 2958.6  0.6743298 10.6686554  0.6345194
 2958.6 2967.4  0.6811540 10.6586952  0.6341465
 2967.4 2976.2  0.6880564 10.6486197  0.6337692
 2976.2 2985.1  0.6949589 10.6385450  0.6333919
 2985.1 2994.0  0.7019349 10.6282711  0.6330031
 2994.0 3003.0  0.7084626 10.6106234  0.6319674
 3003.0 3012.0  0.7150637 10.5927773  0.6309202
 3012.0 3021.1  0.7216647 10.5749302  0.6298729
 3021.1 3030.3  0.7283393 10.5568857  0.6288140
 3030.3 3039.5  0.7350652 10.5384235  0.6277275
 3039.5 3048.8  0.7411463 10.5134382  0.6261659
 3048.8 3058.1  0.7472935 10.4881821  0.6245874
 3058.1 3067.5  0.7534407 10.4629250  0.6230088
 3067.5 3076.9  0.7596539 10.4373980  0.6214134
 3076.9 3086.4  0.7658671 10.4118700  0.6198179
 3086.4 3096.0  0.7715269 10.3790922  0.6178398
 3096.0 3105.6  0.7772398 10.3458929  0.6158369
 3105.6 3115.3  0.7829527 10.3126945  0.6138341
 3115.3 3125.0  0.7887249 10.2791500  0.6118103
 3125.0 3134.8  0.7944972 10.2456064  0.6097866
 3134.8 3144.7  0.7994517 10.2062235  0.6076232
 3144.7 3154.6  0.8044567 10.1664400  0.6054378
 3154.6 3164.6  0.8094618 10.1266556  0.6032523
 3164.6 3174.6  0.8145174 10.0864687  0.6010447
 3174.6 3184.7  0.8195730 10.0462828  0.5988372
 3184.7 3194.9  0.8238521 10.0001707  0.5966486
 3194.9 3205.1  0.8281390  9.9533720  0.5944400
 3205.1 3215.4  0.8324261  9.9065714  0.5922315
 3215.4 3225.8  0.8367550  9.8593140  0.5900012
 3225.8 3236.2  0.8410552  9.8111982  0.5877665
 3236.2 3246.8  0.8445035  9.7583075  0.5857377
 3246.8 3257.3  0.8480182  9.7043982  0.5836698
 3257.3 3268.0  0.8514997  9.6509972  0.5816215
 3268.0 3278.7  0.8550475  9.5965805  0.5795342
 3278.7 3289.5  0.8582916  9.5405827  0.5775454
 3289.5 3300.3  0.8609859  9.4810429  0.5757260
 3300.3 3311.3  0.8636802  9.4215031  0.5739067
 3311.3 3322.3  0.8664244  9.3608608  0.5720537
 3322.3 3333.3  0.8691686  9.3002186  0.5702006
 3333.3 3344.5  0.8713475  9.2366009  0.5685375
 3344.5 3355.7  0.8733789  9.1708412  0.5669070
 3355.7 3367.0  0.8754103  9.1050806  0.5652766
 3367.0 3378.4  0.8774598  9.0387335  0.5636315
 3378.4 3389.8  0.8792645  8.9762039  0.5621327
 3389.8 3401.4  0.8804504  8.9240360  0.5610120
 3401.4 3413.0  0.8816571  8.8709545  0.5598716
 3413.0 3424.7  0.8828638  8.8178711  0.5587312
 3424.7 3436.4  0.8840809  8.7643318  0.5575810
 3436.4 3448.3  0.8864250  8.5795965  0.5543930
 3448.3 3460.2  0.8888393  8.3881884  0.5510959
 3460.2 3472.2  0.8897501  8.2936296  0.5495979
 3472.2 3484.3  0.8904159  8.2145519  0.5483896
 3484.3 3496.5  0.8910872  8.1348143  0.5471713
 3496.5 3508.8  0.8917641  8.0544195  0.5459428
 3508.8 3521.1  0.8924465  7.9733644  0.5447044
 3521.1 3533.6  0.8931290  7.8923092  0.5434659
 3533.6 3546.1  0.8938225  7.8099365  0.5422073
 3546.1 3558.7  0.8945161  7.7275639  0.5409487
 3558.7 3571.4  0.8949798  7.6436815  0.5397936
 3571.4 3584.2  0.8953408  7.5587478  0.5386807
 3584.2 3597.1  0.8957047  7.4731445  0.5375590
 3597.1 3610.1  0.8960714  7.3868723  0.5364285
 3610.1 3623.2  0.8964410  7.2999315  0.5352893
 3623.2 3636.4  0.8968134  7.2123237  0.5341414
 3636.4 3649.6  0.8971887  7.1240463  0.5329846
 3649.6 3663.0  0.8975639  7.0357671  0.5318279
 3663.0 3676.5  0.8977551  6.9478788  0.5308053
 3676.5 3690.0  0.8979419  6.8593874  0.5297798
 3690.0 3703.7  0.8981286  6.7708960  0.5287542
 3703.7 3717.5  0.8983182  6.6810942  0.5277135
 3717.5 3731.3  0.8985090  6.5906363  0.5266652
 3731.3 3745.3  0.8986999  6.5001783  0.5256169
 3745.3 3759.4  0.8988936  6.4084091  0.5245534
 3759.4 3773.6  0.8990355  6.3193531  0.5235911
 3773.6 3787.9  0.8991514  6.2313585  0.5226767
 3787.9 3802.3  0.8992683  6.1427464  0.5217559
 3802.3 3816.8  0.8993859  6.0535131  0.5208286
 3816.8 3831.4  0.8995044  5.9636607  0.5198949
 3831.4 3846.2  0.8996237  5.8731894  0.5189548
 3846.2 3861.0  0.8997446  5.7814775  0.5180017
 3861.0 3876.0  0.8998703  5.6953864  0.5171679
 3876.0 3891.1  0.8999994  5.6100998  0.5163645
 3891.1 3906.2  0.9001294  5.5242443  0.5155557
 3906.2 3921.6  0.9002594  5.4383898  0.5147470
 3921.6 3937.0  0.9003919  5.3508282  0.5139222
 3937.0 3952.6  0.9005245  5.2632680  0.5130973
 3952.6 3968.3  0.9006665  5.1760440  0.5122855
 3968.3 3984.1  0.9008484  5.0956826  0.5115876
 3984.1 4000.0  0.9010316  5.0148087  0.5108851
 4000.0 4016.1  0.9012159  4.9334230  0.5101783
 4016.1 4032.3  0.9014025  4.8510132  0.5094625
 4032.3 4048.6  0.9015902  4.7680926  0.5087424
 4048.6 4065.0  0.9017792  4.6846590  0.5080177
 4065.0 4081.6  0.9020287  4.6094632  0.5073973
 4081.6 4098.4  0.9022869  4.5341759  0.5067796
 4098.4 4115.2  0.9025483  4.4579830  0.5061544
 4115.2 4132.2  0.9028096  4.3817873  0.5055293
 4132.2 4149.4  0.9030740  4.3046865  0.5048967
 4149.4 4166.7  0.9033415  4.2266798  0.5042567
 4166.7 4184.1  0.9036689  4.1573787  0.5037089
 4184.1 4201.7  0.9040002  4.0880094  0.5031614
 4201.7 4219.4  0.9043354  4.0178423  0.5026077
 4219.4 4237.3  0.9046724  3.9472778  0.5020508
 4237.3 4255.3  0.9050133  3.8759153  0.5014877
 4255.3 4273.5  0.9053657  3.8066723  0.5009454
 4273.5 4291.8  0.9057457  3.7427614  0.5004557
 4291.8 4310.3  0.9061278  3.6785009  0.4999632
 4310.3 4329.0  0.9065140  3.6135373  0.4994653
 4329.0 4347.8  0.9069045  3.5478706  0.4989620
 4347.8 4366.8  0.9072970  3.4818544  0.4984561
 4366.8 4386.0  0.9076996  3.4219868  0.4980046
 4386.0 4405.3  0.9081073  3.3623953  0.4975563
 4405.3 4424.8  0.9085170  3.3024948  0.4971057
 4424.8 4444.4  0.9089310  3.2419729  0.4966503
 4444.4 4464.3  0.9093472  3.1811402  0.4961927
 4464.3 4484.3  0.9097657  3.1243589  0.4957690
 4484.3 4504.5  0.9101846  3.0692530  0.4953594
 4504.5 4524.9  0.9106078  3.0135956  0.4949456
 4524.9 4545.5  0.9110351  2.9573877  0.4945278
 4545.5 4566.2  0.9114666  2.9006281  0.4941059
 4566.2 4587.2  0.9118956  2.8483899  0.4937207
 4587.2 4608.3  0.9123296  2.7967465  0.4933408
 4608.3 4629.6  0.9127656  2.7448583  0.4929592
 4629.6 4651.2  0.9132058  2.6924767  0.4925739
 4651.2 4672.9  0.9136519  2.6396608  0.4921856
 4672.9 4694.8  0.9140954  2.5917788  0.4918368
 4694.8 4717.0  0.9145430  2.5434551  0.4914848
 4717.0 4739.3  0.9149967  2.4944687  0.4911279
 4739.3 4761.9  0.9154525  2.4452627  0.4907695
 4761.9 4784.7  0.9159124  2.3979766  0.4904264
 4784.7 4807.7  0.9163746  2.3526146  0.4900986
 4807.7 4830.9  0.9168409  2.3068554  0.4897679
 4830.9 4854.4  0.9173111  2.2606990  0.4894343
 4854.4 4878.0  0.9177870  2.2147732  0.4891027
 4878.0 4902.0  0.9182625  2.1722622  0.4887972
 4902.0 4926.1  0.9187460  2.1290312  0.4884864
 4926.1 4950.5  0.9192315  2.0856197  0.4881744
 4950.5 4975.1  0.9197231  2.0417507  0.4878590
 4975.1 5000.0  0.9202169  2.0015047  0.4875702
 5000.0 5025.1  0.9207168  1.9607680  0.4872779
 5025.1 5050.5  0.9212205  1.9197038  0.4869832
 5050.5 5076.1  0.9217304  1.8782231  0.4866855
 5076.1 5102.0  0.9222435  1.8401170  0.4864113
 5102.0 5128.2  0.9227625  1.8015647  0.4861338
 5128.2 5154.6  0.9232876  1.7625654  0.4858530
 5154.6 5181.3  0.9238167  1.7238867  0.4855742
 5181.3 5208.3  0.9243520  1.6877303  0.4853116
 5208.3 5235.6  0.9248933  1.6511672  0.4850459
 5235.6 5263.2  0.9254407  1.6141974  0.4847774
 5263.2 5291.0  0.9259947  1.5784761  0.4845158
 5291.0 5319.1  0.9265535  1.5443141  0.4842631
 5319.1 5347.6  0.9271182  1.5097831  0.4840077
 5347.6 5376.3  0.9276911  1.4747608  0.4837487
 5376.3 5405.4  0.9282704  1.4426557  0.4835050
 5405.4 5434.8  0.9288580  1.4103951  0.4832594
 5434.8 5464.5  0.9294518  1.3778024  0.4830114
 5464.5 5494.5  0.9300535  1.3466010  0.4827690
 5494.5 5524.9  0.9306635  1.3169105  0.4825330
 5524.9 5555.6  0.9312817  1.2868242  0.4822938
 5555.6 5586.6  0.9319069  1.2571000  0.4820551
 5586.6 5618.0  0.9325427  1.2300684  0.4818267
 5618.0 5649.7  0.9331867  1.2026882  0.4815954
 5649.7 5681.8  0.9338369  1.1750461  0.4813619
 5681.8 5714.3  0.9345009  1.1504683  0.4811391
 5714.3 5747.1  0.9351732  1.1256168  0.4809137
 5747.1 5780.3  0.9358518  1.1005354  0.4806862
 5780.3 5814.0  0.9365427  1.0778632  0.4804667
 5814.0 5848.0  0.9372445  1.0551131  0.4802448
 5848.0 5882.4  0.9379525  1.0321604  0.4800211
 5882.4 5917.2  0.9386721  1.0113093  0.4798039
 5917.2 5952.4  0.9394002  0.9903635  0.4795848
 5952.4 5988.0  0.9401368  0.9693192  0.4793637
 5988.0 6024.1  0.9408841  0.9499955  0.4791478
 6024.1 6060.6  0.9416418  0.9304003  0.4789288
 6060.6 6097.6  0.9424083  0.9110843  0.4787093
 6097.6 6135.0  0.9431861  0.8927328  0.4784914
 6135.0 6172.8  0.9439723  0.8741830  0.4782712
 6172.8 6211.2  0.9447670  0.8562558  0.4780517
 6211.2 6250.0  0.9455743  0.8385925  0.4778307
 6250.0 6289.3  0.9463900  0.8207454  0.4776074
 6289.3 6329.1  0.9472150  0.8037029  0.4773848
 6329.1 6369.4  0.9480504  0.7864433  0.4771594
 6369.4 6410.3  0.9488952  0.7693059  0.4769322
 6410.3 6451.6  0.9497513  0.7522836  0.4767027
 6451.6 6493.5  0.9506155  0.7351094  0.4764711
 6493.5 6535.9  0.9514884  0.7180542  0.4762367
 6535.9 6578.9  0.9523717  0.7007954  0.4759995
 6578.9 6622.5  0.9532635  0.6833245  0.4757584
 6622.5 6666.7  0.9541658  0.6656256  0.4755136
 6666.7 6711.4  0.9550776  0.6475681  0.4752646
 6711.4 6756.8  0.9559948  0.6291152  0.4750112
 6756.8 6802.7  0.9569249  0.6102726  0.4747532
 6802.7 6849.3  0.9578564  0.5906460  0.4744887
 6849.3 6896.6  0.9588022  0.5707204  0.4742202
 6896.6 6944.4  0.9597496  0.5496440  0.4739423
 6944.4 6993.0  0.9607068  0.5283321  0.4736614
 6993.0 7042.3  0.9616663  0.5060399  0.4733711
 7042.3 7092.2  0.9626380  0.4833444  0.4730761
 7092.2 7142.9  0.9636061  0.4600430  0.4727736
 7142.9 7194.2  0.9645868  0.4363073  0.4724655
 7194.2 7246.4  0.9655603  0.4122337  0.4721503
 7246.4 7299.3  0.9665478  0.3877289  0.4718290
 7299.3 7352.9  0.9675241  0.3631518  0.4714999
 7352.9 7407.4  0.9685096  0.3383027  0.4711662
 7407.4 7462.7  0.9694812  0.3136472  0.4708239
 7462.7 7518.8  0.9704583  0.2888693  0.4704759
 7518.8 7575.8  0.9714194  0.2645486  0.4701205
 7575.8 7633.6  0.9723746  0.2405205  0.4697583
 7633.6 7692.3  0.9733169  0.2169924  0.4693896
 7692.3 7751.9  0.9742324  0.1945746  0.4690134
 7751.9 7812.5  0.9751433  0.1724785  0.4686305
 7812.5 7874.0  0.9760009  0.1526178  0.4682390
 7874.0 7936.5  0.9768379  0.1337901  0.4678407
 7936.5 8000.0  0.9776353  0.1167648  0.4674345
 8000.0 8064.5  0.9783627  0.1028650  0.4670199
 8064.5 8130.1  0.9790501  0.0908777  0.4665977
 8130.1 8196.7  0.9796487  0.0828922  0.4661663
 8196.7 8264.5  0.9801465  0.0794572  0.4657266
 8264.5 8333.3  0.9805647  0.0797344  0.4652774
 8333.3 8403.4  0.9808372  0.0865332  0.4648193
 8403.4 8474.6  0.9809359  0.1011886  0.4643498
 8474.6 8547.0  0.9809794  0.1185285  0.4638722
 8547.0 8620.7  0.9810237  0.1361609  0.4633864
 8620.7 8695.7  0.9810687  0.1541098  0.4628920
 8695.7 8771.9  0.9811145  0.1723753  0.4623888
 8771.9 8849.6  0.9811611  0.1909331  0.4618776
 8849.6 8928.6  0.9812086  0.2098560  0.4613564
 8928.6 9009.0  0.9812568  0.2290957  0.4608264
 9009.0 9090.9  0.9813060  0.2486764  0.4602870
 9090.9 9174.3  0.9813560  0.2686224  0.4597375
 9174.3 9259.3  0.9814069  0.2889335  0.4591780
 9259.3 9345.8  0.9814588  0.3096344  0.4586078
 9345.8 9434.0  0.9815117  0.3307006  0.4580275
 9434.0 9523.8  0.9815656  0.3521809  0.4574358
 9523.8 9615.4  0.9816204  0.3740507  0.4568333
 9615.4 9708.7  0.9816764  0.3963591  0.4562188
 9708.7 9803.9  0.9817334  0.4190814  0.4555928
 9803.9 9901.0  0.9817916  0.4422664  0.4549541
 9901.0 9911.0  0.9818509  0.4659141  0.4543027
