 1176.5 1177.9  0.3455724 27.0374908  0.9312774
 1177.9 1179.2  0.3453609 27.0592670  0.9312928
 1179.2 1180.6  0.3451644 27.0794849  0.9313071
 1180.6 1182.0  0.3449529 27.1012611  0.9313225
 1182.0 1183.4  0.3447413 27.1230354  0.9313380
 1183.4 1184.8  0.3445298 27.1448116  0.9313533
 1184.8 1186.2  0.3443182 27.1665878  0.9313687
 1186.2 1187.6  0.3441067 27.1883602  0.9313841
 1187.6 1189.1  0.3438951 27.2101364  0.9313995
 1189.1 1190.5  0.3436685 27.2334671  0.9314160
 1190.5 1191.9  0.3434569 27.2552433  0.9314314
 1191.9 1193.3  0.3432453 27.2770176  0.9314469
 1193.3 1194.7  0.3430338 27.2987938  0.9314622
 1194.7 1196.2  0.3428223 27.3205662  0.9314777
 1196.2 1197.6  0.3425956 27.3438969  0.9314941
 1197.6 1199.0  0.3423840 27.3656731  0.9315096
 1199.0 1200.5  0.3421725 27.3874493  0.9315249
 1200.5 1201.9  0.3419458 27.4107800  0.9315414
 1201.9 1203.4  0.3417342 27.4325542  0.9315569
 1203.4 1204.8  0.3415076 27.4558849  0.9315733
 1204.8 1206.3  0.3412960 27.4776611  0.9315888
 1206.3 1207.7  0.3410694 27.5009918  0.9316053
 1207.7 1209.2  0.3408578 27.5227642  0.9316207
 1209.2 1210.7  0.3406312 27.5460949  0.9316372
 1210.7 1212.1  0.3404045 27.5694256  0.9316537
 1212.1 1213.6  0.3401929 27.5912018  0.9316691
 1213.6 1215.1  0.3399663 27.6145325  0.9316856
 1215.1 1216.5  0.3397396 27.6378632  0.9317021
 1216.5 1218.0  0.3395281 27.6596375  0.9317175
 1218.0 1219.5  0.3393014 27.6829681  0.9317340
 1219.5 1221.0  0.3390747 27.7062988  0.9317505
 1221.0 1222.5  0.3388481 27.7296295  0.9317670
 1222.5 1224.0  0.3386214 27.7529602  0.9317835
 1224.0 1225.5  0.3383947 27.7762909  0.9318000
 1225.5 1227.0  0.3381681 27.7996216  0.9318165
 1227.0 1228.5  0.3379414 27.8229523  0.9318330
 1228.5 1230.0  0.3377147 27.8462830  0.9318495
 1230.0 1231.5  0.3374881 27.8696136  0.9318660
 1231.5 1233.0  0.3372614 27.8929424  0.9318825
 1233.0 1234.6  0.3370347 27.9162731  0.9318990
 1234.6 1236.1  0.3367930 27.9411583  0.9319166
 1236.1 1237.6  0.3365663 27.9644890  0.9319331
 1237.6 1239.2  0.3363397 27.9878197  0.9319496
 1239.2 1240.7  0.3360979 28.0127048  0.9319672
 1240.7 1242.2  0.3358712 28.0360355  0.9319837
 1242.2 1243.8  0.3356445 28.0593662  0.9320002
 1243.8 1245.3  0.3354028 28.0842533  0.9320178
 1245.3 1246.9  0.3351761 28.1075840  0.9320343
 1246.9 1248.4  0.3349343 28.1324711  0.9320519
 1248.4 1250.0  0.3347076 28.1557999  0.9320684
 1250.0 1251.6  0.3344659 28.1806870  0.9320860
 1251.6 1253.1  0.3342241 28.2055721  0.9321036
 1253.1 1254.7  0.3339975 28.2289028  0.9321201
 1254.7 1256.3  0.3337557 28.2537880  0.9321377
 1256.3 1257.9  0.3335139 28.2786751  0.9321553
 1257.9 1259.4  0.3332721 28.3035603  0.9321730
 1259.4 1261.0  0.3330455 28.3268909  0.9321894
 1261.0 1262.6  0.3328037 28.3517761  0.9322070
 1262.6 1264.2  0.3325619 28.3766632  0.9322246
 1264.2 1265.8  0.3323201 28.4015484  0.9322422
 1265.8 1267.4  0.3320783 28.4264355  0.9322599
 1267.4 1269.0  0.3318366 28.4513206  0.9322774
 1269.0 1270.6  0.3315948 28.4762058  0.9322950
 1270.6 1272.3  0.3313530 28.5010910  0.9323127
 1272.3 1273.9  0.3310961 28.5275345  0.9323313
 1273.9 1275.5  0.3308544 28.5524197  0.9323490
 1275.5 1277.1  0.3306126 28.5773048  0.9323665
 1277.1 1278.8  0.3303708 28.6021900  0.9323841
 1278.8 1280.4  0.3301139 28.6286335  0.9324028
 1280.4 1282.1  0.3298722 28.6535187  0.9324204
 1282.1 1283.7  0.3296153 28.6799583  0.9324391
 1283.7 1285.3  0.3293735 28.7048454  0.9324567
 1285.3 1287.0  0.3291317 28.7297325  0.9324744
 1287.0 1288.7  0.3288748 28.7561722  0.9324931
 1288.7 1290.3  0.3286180 28.7826118  0.9325117
 1290.3 1292.0  0.3283762 28.8075008  0.9325294
 1292.0 1293.7  0.3281193 28.8339405  0.9325480
 1293.7 1295.3  0.3278624 28.8603821  0.9325668
 1295.3 1297.0  0.3276206 28.8852692  0.9325844
 1297.0 1298.7  0.3273637 28.9117088  0.9326031
 1298.7 1300.4  0.3271069 28.9381504  0.9326218
 1300.4 1302.1  0.3268694 28.9626255  0.9326372
 1302.1 1303.8  0.3266953 28.9807129  0.9326416
 1303.8 1305.5  0.3265212 28.9988003  0.9326460
 1305.5 1307.2  0.3263471 29.0168858  0.9326504
 1307.2 1308.9  0.3261730 29.0349731  0.9326549
 1308.9 1310.6  0.3259989 29.0530605  0.9326593
 1310.6 1312.3  0.3258248 29.0711460  0.9326637
 1312.3 1314.1  0.3256506 29.0892334  0.9326682
 1314.1 1315.8  0.3254663 29.1083851  0.9326729
 1315.8 1317.5  0.3252922 29.1264725  0.9326773
 1317.5 1319.3  0.3251181 29.1445580  0.9326818
 1319.3 1321.0  0.3249337 29.1637096  0.9326865
 1321.0 1322.8  0.3247596 29.1817951  0.9326909
 1322.8 1324.5  0.3245752 29.2009468  0.9326956
 1324.5 1326.3  0.3244011 29.2190323  0.9327001
 1326.3 1328.0  0.3242168 29.2381840  0.9327047
 1328.0 1329.8  0.3240426 29.2562714  0.9327092
 1329.8 1331.6  0.3238583 29.2754211  0.9327139
 1331.6 1333.3  0.3236739 29.2945728  0.9327186
 1333.3 1335.1  0.3234998 29.3126602  0.9327230
 1335.1 1336.9  0.3233155 29.3318100  0.9327278
 1336.9 1338.7  0.3231311 29.3509617  0.9327325
 1338.7 1340.5  0.3229468 29.3701115  0.9327372
 1340.5 1342.3  0.3227624 29.3892612  0.9327419
 1342.3 1344.1  0.3225780 29.4084129  0.9327466
 1344.1 1345.9  0.3223937 29.4275627  0.9327512
 1345.9 1347.7  0.3222093 29.4467144  0.9327559
 1347.7 1349.5  0.3220250 29.4658642  0.9327607
 1349.5 1351.4  0.3218406 29.4850159  0.9327654
 1351.4 1353.2  0.3216580 29.5040741  0.9327657
 1353.2 1355.0  0.3214889 29.5217342  0.9327644
 1355.0 1356.9  0.3213199 29.5393982  0.9327632
 1356.9 1358.7  0.3211415 29.5580425  0.9327618
 1358.7 1360.5  0.3209724 29.5757046  0.9327606
 1360.5 1362.4  0.3208034 29.5933666  0.9327593
 1362.4 1364.3  0.3206250 29.6120110  0.9327580
 1364.3 1366.1  0.3204466 29.6306553  0.9327567
 1366.1 1368.0  0.3202775 29.6483173  0.9327554
 1368.0 1369.9  0.3200991 29.6669598  0.9327541
 1369.9 1371.7  0.3199207 29.6856041  0.9327527
 1371.7 1373.6  0.3197517 29.7032661  0.9327515
 1373.6 1375.5  0.3195732 29.7219105  0.9327502
 1375.5 1377.4  0.3193948 29.7405548  0.9327489
 1377.4 1379.3  0.3192164 29.7591991  0.9327475
 1379.3 1381.2  0.3190379 29.7778416  0.9327462
 1381.2 1383.1  0.3188595 29.7964859  0.9327449
 1383.1 1385.0  0.3186811 29.8151283  0.9327435
 1385.0 1387.0  0.3185027 29.8337727  0.9327422
 1387.0 1388.9  0.3183149 29.8533974  0.9327408
 1388.9 1390.8  0.3181365 29.8720417  0.9327394
 1390.8 1392.8  0.3179580 29.8906860  0.9327381
 1392.8 1394.7  0.3177702 29.9103107  0.9327368
 1394.7 1396.6  0.3175918 29.9289532  0.9327354
 1396.6 1398.6  0.3174134 29.9475975  0.9327341
 1398.6 1400.6  0.3172255 29.9672222  0.9327326
 1400.6 1402.5  0.3170426 29.9863701  0.9327295
 1402.5 1404.5  0.3168796 30.0035038  0.9327226
 1404.5 1406.5  0.3167081 30.0215359  0.9327153
 1406.5 1408.5  0.3165365 30.0395699  0.9327080
 1408.5 1410.4  0.3163649 30.0576038  0.9327007
 1410.4 1412.4  0.3162019 30.0747356  0.9326938
 1412.4 1414.4  0.3160304 30.0927696  0.9326865
 1414.4 1416.4  0.3158588 30.1108036  0.9326792
 1416.4 1418.4  0.3156872 30.1288376  0.9326719
 1418.4 1420.5  0.3155157 30.1468716  0.9326646
 1420.5 1422.5  0.3153355 30.1658077  0.9326569
 1422.5 1424.5  0.3151640 30.1838398  0.9326497
 1424.5 1426.5  0.3149924 30.2018738  0.9326424
 1426.5 1428.6  0.3148208 30.2199078  0.9326351
 1428.6 1430.6  0.3146407 30.2388439  0.9326274
 1430.6 1432.7  0.3144691 30.2568779  0.9326202
 1432.7 1434.7  0.3142890 30.2758121  0.9326125
 1434.7 1436.8  0.3141174 30.2938461  0.9326052
 1436.8 1438.8  0.3139372 30.3127823  0.9325975
 1438.8 1440.9  0.3137657 30.3308163  0.9325902
 1440.9 1443.0  0.3135855 30.3497505  0.9325826
 1443.0 1445.1  0.3134054 30.3686867  0.9325749
 1445.1 1447.2  0.3132252 30.3876209  0.9325673
 1447.2 1449.3  0.3130451 30.4065571  0.9325596
 1449.3 1451.4  0.3128650 30.4254932  0.9325520
 1451.4 1453.5  0.3126957 30.4433498  0.9325407
 1453.5 1455.6  0.3125319 30.4606667  0.9325275
 1455.6 1457.7  0.3123682 30.4779835  0.9325144
 1457.7 1459.9  0.3122044 30.4953022  0.9325012
 1459.9 1462.0  0.3120328 30.5134449  0.9324874
 1462.0 1464.1  0.3118690 30.5307617  0.9324743
 1464.1 1466.3  0.3117052 30.5480785  0.9324611
 1466.3 1468.4  0.3115336 30.5662212  0.9324474
 1468.4 1470.6  0.3113698 30.5835400  0.9324342
 1470.6 1472.8  0.3111982 30.6016808  0.9324204
 1472.8 1474.9  0.3110266 30.6198235  0.9324067
 1474.9 1477.1  0.3108629 30.6371403  0.9323935
 1477.1 1479.3  0.3106913 30.6552830  0.9323797
 1479.3 1481.5  0.3105197 30.6734257  0.9323660
 1481.5 1483.7  0.3103481 30.6915665  0.9323522
 1483.7 1485.9  0.3101765 30.7097092  0.9323384
 1485.9 1488.1  0.3100049 30.7278519  0.9323246
 1488.1 1490.3  0.3098333 30.7459927  0.9323108
 1490.3 1492.5  0.3096617 30.7641354  0.9322971
 1492.5 1494.8  0.3094902 30.7822781  0.9322833
 1494.8 1497.0  0.3093108 30.8012447  0.9322689
 1497.0 1499.3  0.3091392 30.8193855  0.9322551
 1499.3 1501.5  0.3089598 30.8383541  0.9322407
 1501.5 1503.8  0.3087995 30.8553677  0.9322235
 1503.8 1506.0  0.3086374 30.8726063  0.9322038
 1506.0 1508.3  0.3084823 30.8890953  0.9321849
 1508.3 1510.6  0.3083202 30.9063339  0.9321653
 1510.6 1512.9  0.3081581 30.9235725  0.9321455
 1512.9 1515.2  0.3079960 30.9408112  0.9321259
 1515.2 1517.5  0.3078339 30.9580498  0.9321061
 1517.5 1519.8  0.3076718 30.9752884  0.9320865
 1519.8 1522.1  0.3075097 30.9925270  0.9320668
 1522.1 1524.4  0.3073476 31.0097656  0.9320471
 1524.4 1526.7  0.3071854 31.0270042  0.9320274
 1526.7 1529.1  0.3070233 31.0442429  0.9320077
 1529.1 1531.4  0.3068542 31.0622311  0.9319871
 1531.4 1533.7  0.3066921 31.0794697  0.9319674
 1533.7 1536.1  0.3065300 31.0967064  0.9319478
 1536.1 1538.5  0.3063608 31.1146946  0.9319272
 1538.5 1540.8  0.3061916 31.1326828  0.9319066
 1540.8 1543.2  0.3060295 31.1499214  0.9318870
 1543.2 1545.6  0.3058604 31.1679096  0.9318664
 1545.6 1548.0  0.3056912 31.1858978  0.9318458
 1548.0 1550.4  0.3055221 31.2038860  0.9318253
 1550.4 1552.8  0.3053558 31.2215786  0.9318039
 1552.8 1555.2  0.3052042 31.2377949  0.9317786
 1555.2 1557.6  0.3050526 31.2540112  0.9317532
 1557.6 1560.1  0.3049009 31.2702255  0.9317279
 1560.1 1562.5  0.3047430 31.2871189  0.9317015
 1562.5 1564.9  0.3045914 31.3033333  0.9316761
 1564.9 1567.4  0.3044397 31.3195496  0.9316508
 1567.4 1569.9  0.3042818 31.3364429  0.9316244
 1569.9 1572.3  0.3041238 31.3533344  0.9315979
 1572.3 1574.8  0.3039722 31.3695507  0.9315726
 1574.8 1577.3  0.3038143 31.3864422  0.9315462
 1577.3 1579.8  0.3036563 31.4033337  0.9315197
 1579.8 1582.3  0.3034984 31.4202251  0.9314933
 1582.3 1584.8  0.3033404 31.4371166  0.9314669
 1584.8 1587.3  0.3031825 31.4540081  0.9314405
 1587.3 1589.8  0.3030246 31.4708996  0.9314141
 1589.8 1592.4  0.3028666 31.4877911  0.9313877
 1592.4 1594.9  0.3027023 31.5053596  0.9313602
 1594.9 1597.4  0.3025444 31.5222511  0.9313338
 1597.4 1600.0  0.3023865 31.5391426  0.9313074
 1600.0 1602.6  0.3022222 31.5567093  0.9312799
 1602.6 1605.1  0.3020768 31.5723591  0.9312474
 1605.1 1607.7  0.3019370 31.5874081  0.9312162
 1607.7 1610.3  0.3017917 31.6030579  0.9311838
 1610.3 1612.9  0.3016463 31.6187077  0.9311513
 1612.9 1615.5  0.3015009 31.6343575  0.9311188
 1615.5 1618.1  0.3013555 31.6500072  0.9310864
 1618.1 1620.7  0.3012102 31.6656570  0.9310539
 1620.7 1623.4  0.3010648 31.6813068  0.9310215
 1623.4 1626.0  0.3009138 31.6975594  0.9309877
 1626.0 1628.7  0.3007685 31.7132092  0.9309553
 1628.7 1631.3  0.3006175 31.7294617  0.9309216
 1631.3 1634.0  0.3004721 31.7451115  0.9308891
 1634.0 1636.7  0.3003212 31.7613640  0.9308554
 1636.7 1639.3  0.3001702 31.7776146  0.9308217
 1639.3 1642.0  0.3000248 31.7932663  0.9307892
 1642.0 1644.7  0.2998739 31.8095169  0.9307555
 1644.7 1647.4  0.2997229 31.8257694  0.9307218
 1647.4 1650.2  0.2995720 31.8420219  0.9306881
 1650.2 1652.9  0.2994169 31.8587246  0.9306526
 1652.9 1655.6  0.2992864 31.8729324  0.9306127
 1655.6 1658.4  0.2991558 31.8871403  0.9305729
 1658.4 1661.1  0.2990204 31.9018745  0.9305314
 1661.1 1663.9  0.2988899 31.9160824  0.9304916
 1663.9 1666.7  0.2987545 31.9308167  0.9304502
 1666.7 1669.4  0.2986192 31.9455490  0.9304088
 1669.4 1672.2  0.2984886 31.9597588  0.9303689
 1672.2 1675.0  0.2983532 31.9744911  0.9303275
 1675.0 1677.9  0.2982178 31.9892273  0.9302862
 1677.9 1680.7  0.2980776 32.0044861  0.9302433
 1680.7 1683.5  0.2979423 32.0192223  0.9302019
 1683.5 1686.3  0.2978069 32.0339546  0.9301605
 1686.3 1689.2  0.2976715 32.0486908  0.9301192
 1689.2 1692.0  0.2975313 32.0639496  0.9300763
 1692.0 1694.9  0.2973959 32.0786819  0.9300349
 1694.9 1697.8  0.2972557 32.0939445  0.9299920
 1697.8 1700.7  0.2971155 32.1092033  0.9299492
 1700.7 1703.6  0.2969887 32.1230354  0.9299086
 1703.6 1706.5  0.2969039 32.1323776  0.9298753
 1706.5 1709.4  0.2968192 32.1417160  0.9298420
 1709.4 1712.3  0.2967344 32.1510582  0.9298087
 1712.3 1715.3  0.2966497 32.1604004  0.9297754
 1715.3 1718.2  0.2965620 32.1700630  0.9297409
 1718.2 1721.2  0.2964773 32.1794014  0.9297076
 1721.2 1724.1  0.2963896 32.1890640  0.9296731
 1724.1 1727.1  0.2963049 32.1984062  0.9296398
 1727.1 1730.1  0.2962172 32.2080688  0.9296054
 1730.1 1733.1  0.2961295 32.2177315  0.9295709
 1733.1 1736.1  0.2960418 32.2273941  0.9295365
 1736.1 1739.1  0.2959542 32.2370567  0.9295020
 1739.1 1742.2  0.2958665 32.2467194  0.9294676
 1742.2 1745.2  0.2957759 32.2567062  0.9294319
 1745.2 1748.3  0.2956883 32.2663689  0.9293975
 1748.3 1751.3  0.2955977 32.2763519  0.9293619
 1751.3 1754.4  0.2955100 32.2860146  0.9293274
 1754.4 1757.5  0.2954163 32.2963715  0.9292888
 1757.5 1760.6  0.2953018 32.3092346  0.9292299
 1760.6 1763.7  0.2951872 32.3220978  0.9291710
 1763.7 1766.8  0.2950726 32.3349609  0.9291121
 1766.8 1769.9  0.2949581 32.3478203  0.9290533
 1769.9 1773.0  0.2948435 32.3606834  0.9289944
 1773.0 1776.2  0.2947373 32.3727455  0.9289320
 1776.2 1779.4  0.2946280 32.3851662  0.9288673
 1779.4 1782.5  0.2945186 32.3975868  0.9288027
 1782.5 1785.7  0.2944127 32.4096222  0.9287401
 1785.7 1788.9  0.2943034 32.4220428  0.9286756
 1788.9 1792.1  0.2942023 32.4336739  0.9286073
 1792.1 1795.3  0.2941021 32.4452248  0.9285387
 1795.3 1798.6  0.2940019 32.4567795  0.9284701
 1798.6 1801.8  0.2938986 32.4686928  0.9283994
 1801.8 1805.1  0.2937984 32.4802437  0.9283308
 1805.1 1808.3  0.2937016 32.4915924  0.9282535
 1808.3 1811.6  0.2936082 32.5025635  0.9281783
 1811.6 1814.9  0.2935120 32.5138779  0.9281006
 1814.9 1818.2  0.2934156 32.5251923  0.9280230
 1818.2 1821.5  0.2933201 32.5364265  0.9279453
 1821.5 1824.8  0.2932369 32.5464363  0.9278651
 1824.8 1828.2  0.2931538 32.5564499  0.9277851
 1828.2 1831.5  0.2930680 32.5667610  0.9277027
 1831.5 1834.9  0.2929848 32.5767746  0.9276226
 1834.9 1838.2  0.2928991 32.5870857  0.9275401
 1838.2 1841.6  0.2928264 32.5961189  0.9274549
 1841.6 1845.0  0.2927518 32.6053925  0.9273671
 1845.0 1848.4  0.2926772 32.6146660  0.9272792
 1848.4 1851.9  0.2926026 32.6239395  0.9271913
 1851.9 1855.3  0.2925258 32.6334877  0.9271008
 1855.3 1858.7  0.2924608 32.6419334  0.9270045
 1858.7 1862.2  0.2923961 32.6503525  0.9269080
 1862.2 1865.7  0.2923295 32.6590233  0.9268087
 1865.7 1869.2  0.2922629 32.6676903  0.9267093
 1869.2 1872.7  0.2921971 32.6762810  0.9266097
 1872.7 1876.2  0.2921448 32.6835518  0.9265068
 1876.2 1879.7  0.2920925 32.6908226  0.9264039
 1879.7 1883.2  0.2920403 32.6980934  0.9263011
 1883.2 1886.8  0.2919880 32.7053642  0.9261982
 1886.8 1890.4  0.2919342 32.7128448  0.9260924
 1890.4 1893.9  0.2918932 32.7191467  0.9259799
 1893.9 1897.5  0.2918540 32.7252083  0.9258701
 1897.5 1901.1  0.2918137 32.7314415  0.9257572
 1901.1 1904.8  0.2917733 32.7376785  0.9256442
 1904.8 1908.4  0.2917319 32.7440834  0.9255282
 1908.4 1912.0  0.2917044 32.7492104  0.9254048
 1912.0 1915.7  0.2916777 32.7542763  0.9252809
 1915.7 1919.4  0.2916502 32.7594795  0.9251534
 1919.4 1923.1  0.2916227 32.7646828  0.9250260
 1923.1 1926.8  0.2915957 32.7698441  0.9248984
 1926.8 1930.5  0.2915840 32.7735291  0.9247661
 1930.5 1934.2  0.2915724 32.7772102  0.9246338
 1934.2 1938.0  0.2915608 32.7808952  0.9245015
 1938.0 1941.7  0.2915488 32.7846756  0.9243656
 1941.7 1945.5  0.2915372 32.7883606  0.9242333
 1945.5 1949.3  0.2915402 32.7907715  0.9240890
 1949.3 1953.1  0.2915446 32.7930679  0.9239439
 1953.1 1956.9  0.2915490 32.7953644  0.9237988
 1956.9 1960.8  0.2915534 32.7976608  0.9236537
 1960.8 1964.6  0.2915578 32.8000183  0.9235048
 1964.6 1968.5  0.2915781 32.8009491  0.9233469
 1968.5 1972.4  0.2915998 32.8018265  0.9231841
 1972.4 1976.3  0.2916214 32.8027039  0.9230213
 1976.3 1980.2  0.2916431 32.8035812  0.9228585
 1980.2 1984.1  0.2916655 32.8043900  0.9226954
 1984.1 1988.1  0.2917010 32.8039513  0.9225277
 1988.1 1992.0  0.2917373 32.8034973  0.9223556
 1992.0 1996.0  0.2917728 32.8030586  0.9221879
 1996.0 2000.0  0.2918091 32.8026047  0.9220158
 2000.0 2004.0  0.2918455 32.8021545  0.9218438
 2004.0 2008.0  0.2918953 32.8005638  0.9216585
 2008.0 2012.1  0.2919451 32.7989731  0.9214731
 2012.1 2016.1  0.2919962 32.7973442  0.9212831
 2016.1 2020.2  0.2920460 32.7957535  0.9210977
 2020.2 2024.3  0.2920974 32.7940865  0.9209076
 2024.3 2028.4  0.2921564 32.7916832  0.9207142
 2028.4 2032.5  0.2922153 32.7892761  0.9205208
 2032.5 2036.7  0.2922743 32.7868690  0.9203275
 2036.7 2040.8  0.2923347 32.7844048  0.9201294
 2040.8 2045.0  0.2923936 32.7820015  0.9199360
 2045.0 2049.2  0.2924598 32.7790337  0.9197310
 2049.2 2053.4  0.2925262 32.7760429  0.9195257
 2053.4 2057.6  0.2925926 32.7730522  0.9193204
 2057.6 2061.9  0.2926591 32.7700615  0.9191151
 2061.9 2066.1  0.2927271 32.7669983  0.9189049
 2066.1 2070.4  0.2927974 32.7637405  0.9186885
 2070.4 2074.7  0.2928696 32.7604027  0.9184666
 2074.7 2079.0  0.2929417 32.7570648  0.9182448
 2079.0 2083.3  0.2930138 32.7537231  0.9180229
 2083.3 2087.7  0.2930858 32.7503967  0.9178007
 2087.7 2092.1  0.2931579 32.7471619  0.9175684
 2092.1 2096.4  0.2932301 32.7439270  0.9173360
 2096.4 2100.8  0.2933005 32.7407646  0.9171089
 2100.8 2105.3  0.2933727 32.7375298  0.9168765
 2105.3 2109.7  0.2934459 32.7342682  0.9166389
 2109.7 2114.2  0.2935105 32.7316742  0.9164074
 2114.2 2118.6  0.2935766 32.7290192  0.9161706
 2118.6 2123.1  0.2936412 32.7264252  0.9159390
 2123.1 2127.7  0.2937073 32.7237740  0.9157022
 2127.7 2132.2  0.2937748 32.7210617  0.9154602
 2132.2 2136.8  0.2938308 32.7193604  0.9152204
 2136.8 2141.3  0.2938873 32.7176895  0.9149751
 2141.3 2145.9  0.2939427 32.7160530  0.9147351
 2145.9 2150.5  0.2939992 32.7143822  0.9144899
 2150.5 2155.2  0.2940558 32.7127113  0.9142445
 2155.2 2159.8  0.2941003 32.7124596  0.9139775
 2159.8 2164.5  0.2941423 32.7123871  0.9137142
 2164.5 2169.2  0.2941852 32.7123108  0.9134452
 2169.2 2173.9  0.2942282 32.7122345  0.9131762
 2173.9 2178.6  0.2942711 32.7121582  0.9129072
 2178.6 2183.4  0.2942896 32.7138481  0.9126731
 2183.4 2188.2  0.2943080 32.7156143  0.9124348
 2188.2 2193.0  0.2943263 32.7173767  0.9121964
 2193.0 2197.8  0.2943447 32.7191429  0.9119580
 2197.8 2202.6  0.2943631 32.7209053  0.9117197
 2202.6 2207.5  0.2943657 32.7244339  0.9114618
 2207.5 2212.4  0.2943547 32.7295532  0.9111816
 2212.4 2217.3  0.2943438 32.7346764  0.9109014
 2217.3 2222.2  0.2943328 32.7397995  0.9106213
 2222.2 2227.2  0.2943204 32.7450485  0.9103417
 2227.2 2232.1  0.2942735 32.7534027  0.9100719
 2232.1 2237.1  0.2942275 32.7615929  0.9098074
 2237.1 2242.2  0.2941805 32.7699509  0.9095376
 2242.2 2247.2  0.2941326 32.7784767  0.9092624
 2247.2 2252.3  0.2940839 32.7869911  0.9089930
 2252.3 2257.3  0.2939920 32.7995148  0.9087284
 2257.3 2262.4  0.2939019 32.8117905  0.9084689
 2262.4 2267.6  0.2938100 32.8243141  0.9082043
 2267.6 2272.7  0.2937162 32.8370819  0.9079344
 2272.7 2277.9  0.2936243 32.8496056  0.9076698
 2277.9 2283.1  0.2934760 32.8674965  0.9074023
 2283.1 2288.3  0.2933244 32.8857040  0.9071350
 2288.3 2293.6  0.2931728 32.9039116  0.9068677
 2293.6 2298.9  0.2930183 32.9224701  0.9065953
 2298.9 2304.1  0.2928638 32.9410248  0.9063228
 2304.1 2309.5  0.2926535 32.9645805  0.9060701
 2309.5 2314.8  0.2924339 32.9891548  0.9058079
 2314.8 2320.2  0.2922184 33.0132713  0.9055506
 2320.2 2325.6  0.2919989 33.0378418  0.9052884
 2325.6 2331.0  0.2917793 33.0624123  0.9050263
 2331.0 2336.4  0.2914841 33.0940399  0.9047717
 2336.4 2341.9  0.2911830 33.1262283  0.9045179
 2341.9 2347.4  0.2908762 33.1590157  0.9042593
 2347.4 2352.9  0.2905695 33.1918030  0.9040007
 2352.9 2358.5  0.2902628 33.2245941  0.9037421
 2358.5 2364.1  0.2898646 33.2659416  0.9034956
 2364.1 2369.7  0.2894649 33.3074341  0.9032493
 2369.7 2375.3  0.2890652 33.3489265  0.9030031
 2375.3 2381.0  0.2886655 33.3904190  0.9027568
 2381.0 2386.6  0.2882586 33.4326515  0.9025062
 2386.6 2392.3  0.2877963 33.4801674  0.9022861
 2392.3 2398.1  0.2873258 33.5285301  0.9020619
 2398.1 2403.8  0.2868470 33.5777397  0.9018340
 2403.8 2409.6  0.2863765 33.6261024  0.9016099
 2409.6 2415.5  0.2858977 33.6753159  0.9013819
 2415.5 2421.3  0.2853773 33.7294540  0.9011762
 2421.3 2427.2  0.2848634 33.7829704  0.9009758
 2427.2 2433.1  0.2843405 33.8374062  0.9007720
 2433.1 2439.0  0.2838177 33.8918457  0.9005682
 2439.0 2445.0  0.2832949 33.9462814  0.9003644
 2445.0 2451.0  0.2827959 34.0003853  0.9001996
 2451.0 2457.0  0.2822969 34.0544930  0.9000348
 2457.0 2463.1  0.2817979 34.1085968  0.8998699
 2463.1 2469.1  0.2812906 34.1636047  0.8997024
 2469.1 2475.2  0.2807932 34.2176056  0.8995385
 2475.2 2481.4  0.2803853 34.2660942  0.8994253
 2481.4 2487.6  0.2799706 34.3153801  0.8993104
 2487.6 2493.8  0.2795559 34.3646698  0.8991954
 2493.8 2500.0  0.2791412 34.4139557  0.8990805
 2500.0 2506.3  0.2787266 34.4632416  0.8989655
 2506.3 2512.6  0.2784831 34.5003319  0.8989173
 2512.6 2518.9  0.2782396 34.5374184  0.8988691
 2518.9 2525.3  0.2779961 34.5745049  0.8988209
 2525.3 2531.6  0.2777488 34.6121826  0.8987719
 2531.6 2538.1  0.2775053 34.6492729  0.8987237
 2538.1 2544.5  0.2774964 34.6699409  0.8987523
 2544.5 2551.0  0.2775033 34.6891556  0.8987855
 2551.0 2557.5  0.2775103 34.7086716  0.8988192
 2557.5 2564.1  0.2775174 34.7281876  0.8988529
 2564.1 2570.7  0.2775300 34.7475929  0.8988887
 2570.7 2577.3  0.2779019 34.7402687  0.8990265
 2577.3 2584.0  0.2782739 34.7329483  0.8991642
 2584.0 2590.7  0.2786514 34.7255135  0.8993041
 2590.7 2597.4  0.2790290 34.7180786  0.8994439
 2597.4 2604.2  0.2794325 34.7086372  0.8995904
 2604.2 2611.0  0.2802582 34.6669617  0.8998446
 2611.0 2617.8  0.2810838 34.6252823  0.9000990
 2617.8 2624.7  0.2819095 34.5836029  0.9003533
 2624.7 2631.6  0.2827472 34.5413132  0.9006113
 2631.6 2638.5  0.2835850 34.4990234  0.9008693
 2638.5 2645.5  0.2849358 34.4192505  0.9012442
 2645.5 2652.5  0.2863382 34.3359795  0.9016319
 2652.5 2659.6  0.2877405 34.2527084  0.9020196
 2659.6 2666.7  0.2891629 34.1682510  0.9024128
 2666.7 2673.8  0.2905853 34.0837936  0.9028060
 2673.8 2681.0  0.2925279 33.9639053  0.9032919
 2681.0 2688.2  0.2945211 33.8407516  0.9037888
 2688.2 2695.4  0.2965142 33.7175941  0.9042857
 2695.4 2702.7  0.2985075 33.5944366  0.9047826
 2702.7 2710.0  0.3005283 33.4695663  0.9052864
 2710.0 2717.4  0.3030709 33.3129654  0.9058521
 2717.4 2724.8  0.3056708 33.1528435  0.9064283
 2724.8 2732.2  0.3082709 32.9927177  0.9070045
 2732.2 2739.7  0.3108708 32.8325958  0.9075807
 2739.7 2747.3  0.3135060 32.6703072  0.9081646
 2747.3 2754.8  0.3167057 32.4780426  0.9087833
 2754.8 2762.4  0.3198847 32.2871857  0.9093949
 2762.4 2770.1  0.3231061 32.0937843  0.9100146
 2770.1 2777.8  0.3263700 31.8978310  0.9106426
 2777.8 2785.5  0.3296338 31.7018852  0.9112704
 2785.5 2793.3  0.3334269 31.4831600  0.9118842
 2793.3 2801.1  0.3372835 31.2609768  0.9125056
 2801.1 2809.0  0.3411402 31.0387936  0.9131271
 2809.0 2816.9  0.3450462 30.8137665  0.9137564
 2816.9 2824.9  0.3489522 30.5887394  0.9143857
 2824.9 2832.9  0.3535116 30.3402386  0.9149663
 2832.9 2840.9  0.3580786 30.0914764  0.9155461
 2840.9 2849.0  0.3626456 29.8427143  0.9161258
 2849.0 2857.1  0.3672698 29.5908413  0.9167129
 2857.1 2865.3  0.3718992 29.3389111  0.9172984
 2865.3 2873.6  0.3770086 29.0793800  0.9177608
 2873.6 2881.8  0.3821803 28.8166809  0.9182290
 2881.8 2890.2  0.3872896 28.5571480  0.9186915
 2890.2 2898.6  0.3925236 28.2912884  0.9191653
 2898.6 2907.0  0.3977577 28.0254211  0.9196391
 2907.0 2915.5  0.4036451 27.7502403  0.9199482
 2915.5 2924.0  0.4096358 27.4713078  0.9202527
 2924.0 2932.6  0.4156264 27.1923752  0.9205571
 2932.6 2941.2  0.4216876 26.9101601  0.9208652
 2941.2 2949.9  0.4277581 26.6281109  0.9211683
 2949.9 2958.6  0.4343037 26.3496113  0.9212645
 2958.6 2967.4  0.4408495 26.0711040  0.9213607
 2967.4 2976.2  0.4474702 25.7894058  0.9214581
 2976.2 2985.1  0.4540911 25.5077019  0.9215553
 2985.1 2994.0  0.4607920 25.2228603  0.9216515
 2994.0 3003.0  0.4679063 24.9439697  0.9215529
 3003.0 3012.0  0.4751007 24.6619415  0.9214531
 3012.0 3021.1  0.4822950 24.3799133  0.9213533
 3021.1 3030.3  0.4895694 24.0947475  0.9212524
 3030.3 3039.5  0.4969254 23.8070278  0.9211454
 3039.5 3048.8  0.5043353 23.5363083  0.9208885
 3048.8 3058.1  0.5118259 23.2626457  0.9206289
 3058.1 3067.5  0.5193164 22.9889812  0.9203692
 3067.5 3076.9  0.5268874 22.7123795  0.9201068
 3076.9 3086.4  0.5344583 22.4357758  0.9198443
 3086.4 3096.0  0.5420893 22.1743164  0.9194640
 3096.0 3105.6  0.5498005 21.9102955  0.9190785
 3105.6 3115.3  0.5575116 21.6462746  0.9186929
 3115.3 3125.0  0.5653030 21.3795090  0.9183034
 3125.0 3134.8  0.5730943 21.1127415  0.9179138
 3134.8 3144.7  0.5804441 20.8761997  0.9174702
 3144.7 3154.6  0.5878688 20.6372471  0.9170220
 3154.6 3164.6  0.5952936 20.3982887  0.9165739
 3164.6 3174.6  0.6027933 20.1569214  0.9161212
 3174.6 3184.7  0.6102931 19.9155540  0.9156685
 3184.7 3194.9  0.6172336 19.7057838  0.9152113
 3194.9 3205.1  0.6242164 19.4953518  0.9147494
 3205.1 3215.4  0.6311994 19.2849159  0.9142876
 3215.4 3225.8  0.6382506 19.0724239  0.9138212
 3225.8 3236.2  0.6453006 18.8610249  0.9133543
 3236.2 3246.8  0.6515112 18.6875992  0.9129351
 3246.8 3257.3  0.6578414 18.5108337  0.9125078
 3257.3 3268.0  0.6641119 18.3357372  0.9120846
 3268.0 3278.7  0.6705017 18.1573067  0.9116533
 3278.7 3289.5  0.6765579 17.9927025  0.9112462
 3289.5 3300.3  0.6820335 17.8529587  0.9108813
 3300.3 3311.3  0.6875091 17.7132168  0.9105164
 3311.3 3322.3  0.6930860 17.5708847  0.9101447
 3322.3 3333.3  0.6986629 17.4285545  0.9097731
 3333.3 3344.5  0.7035857 17.3113537  0.9094473
 3344.5 3355.7  0.7083814 17.2003460  0.9091308
 3355.7 3367.0  0.7131770 17.0893364  0.9088143
 3367.0 3378.4  0.7180155 16.9773369  0.9084949
 3378.4 3389.8  0.7224006 16.8774548  0.9082054
 3389.8 3401.4  0.7256184 16.8084126  0.9079931
 3401.4 3413.0  0.7288924 16.7381630  0.9077771
 3413.0 3424.7  0.7321666 16.6679115  0.9075609
 3424.7 3436.4  0.7354690 16.5970554  0.9073430
 3436.4 3448.3  0.7439977 16.4286137  0.9067572
 3448.3 3460.2  0.7528123 16.2546787  0.9061516
 3460.2 3472.2  0.7566183 16.1776981  0.9058772
 3472.2 3484.3  0.7596145 16.1163654  0.9056562
 3484.3 3496.5  0.7626358 16.0545197  0.9054332
 3496.5 3508.8  0.7656821 15.9921646  0.9052085
 3508.8 3521.1  0.7687533 15.9292974  0.9049819
 3521.1 3533.6  0.7718245 15.8664303  0.9047553
 3533.6 3546.1  0.7749457 15.8025417  0.9045250
 3546.1 3558.7  0.7780668 15.7386522  0.9042947
 3558.7 3571.4  0.7807227 15.6798410  0.9040838
 3571.4 3584.2  0.7831782 15.6230869  0.9038807
 3584.2 3597.1  0.7856531 15.5658855  0.9036760
 3597.1 3610.1  0.7881473 15.5082378  0.9034697
 3610.1 3623.2  0.7906609 15.4501429  0.9032618
 3623.2 3636.4  0.7931937 15.3916016  0.9030523
 3636.4 3649.6  0.7957458 15.3326139  0.9028413
 3649.6 3663.0  0.7982981 15.2736244  0.9026302
 3663.0 3676.5  0.8004525 15.2186117  0.9024473
 3676.5 3690.0  0.8026094 15.1633387  0.9022641
 3690.0 3703.7  0.8047664 15.1080656  0.9020810
 3703.7 3717.5  0.8069553 15.0519733  0.9018950
 3717.5 3731.3  0.8091602 14.9954720  0.9017078
 3731.3 3745.3  0.8113651 14.9389706  0.9015205
 3745.3 3759.4  0.8136019 14.8816509  0.9013305
 3759.4 3773.6  0.8157223 14.8267050  0.9011650
 3773.6 3787.9  0.8177913 14.7727709  0.9010114
 3787.9 3802.3  0.8198748 14.7184582  0.9008567
 3802.3 3816.8  0.8219728 14.6637640  0.9007010
 3816.8 3831.4  0.8240855 14.6086912  0.9005441
 3831.4 3846.2  0.8262127 14.5532389  0.9003862
 3846.2 3861.0  0.8283690 14.4970255  0.9002261
 3861.0 3876.0  0.8304886 14.4435520  0.9000964
 3876.0 3891.1  0.8326239 14.3903141  0.8999755
 3891.1 3906.2  0.8347734 14.3367214  0.8998538
 3906.2 3921.6  0.8369229 14.2831297  0.8997322
 3921.6 3937.0  0.8391152 14.2284718  0.8996081
 3937.0 3952.6  0.8413074 14.1738148  0.8994840
 3952.6 3968.3  0.8435180 14.1190691  0.8993644
 3968.3 3984.1  0.8456917 14.0671015  0.8992739
 3984.1 4000.0  0.8478792 14.0148020  0.8991829
 4000.0 4016.1  0.8500806 13.9621716  0.8990914
 4016.1 4032.3  0.8523098 13.9088783  0.8989986
 4032.3 4048.6  0.8545527 13.8552551  0.8989053
 4048.6 4065.0  0.8568094 13.8013010  0.8988115
 4065.0 4081.6  0.8589637 13.7505913  0.8987431
 4081.6 4098.4  0.8611333 13.6995993  0.8986763
 4098.4 4115.2  0.8633289 13.6479950  0.8986088
 4115.2 4132.2  0.8655246 13.5963888  0.8985413
 4132.2 4149.4  0.8677464 13.5441685  0.8984729
 4149.4 4166.7  0.8699943 13.4913359  0.8984037
 4166.7 4184.1  0.8720896 13.4418182  0.8983555
 4184.1 4201.7  0.8741910 13.3921471  0.8983079
 4201.7 4219.4  0.8763165 13.3419046  0.8982596
 4219.4 4237.3  0.8784540 13.2913771  0.8982112
 4237.3 4255.3  0.8806158 13.2402782  0.8981621
 4255.3 4273.5  0.8827323 13.1898470  0.8981176
 4273.5 4291.8  0.8847334 13.1411619  0.8980843
 4291.8 4310.3  0.8867456 13.0922117  0.8980507
 4310.3 4329.0  0.8887797 13.0427246  0.8980168
 4329.0 4347.8  0.8908359 12.9927025  0.8979826
 4347.8 4366.8  0.8929030 12.9424143  0.8979481
 4366.8 4386.0  0.8948017 12.8940496  0.8979235
 4386.0 4405.3  0.8966952 12.8455009  0.8978999
 4405.3 4424.8  0.8985985 12.7966995  0.8978763
 4424.8 4444.4  0.9005216 12.7473927  0.8978524
 4444.4 4464.3  0.9024545 12.6978321  0.8978283
 4464.3 4484.3  0.9042643 12.6492500  0.8978100
 4484.3 4504.5  0.9060231 12.6011066  0.8977939
 4504.5 4524.9  0.9077996 12.5524817  0.8977777
 4524.9 4545.5  0.9095936 12.5033751  0.8977613
 4545.5 4566.2  0.9114052 12.4537868  0.8977447
 4566.2 4587.2  0.9130768 12.4056311  0.8977334
 4587.2 4608.3  0.9147307 12.3572483  0.8977235
 4608.3 4629.6  0.9163925 12.3086357  0.8977135
 4629.6 4651.2  0.9180701 12.2595606  0.8977035
 4651.2 4672.9  0.9197618 12.2099018  0.8976936
 4672.9 4694.8  0.9213007 12.1618290  0.8976890
 4694.8 4717.0  0.9228537 12.1133127  0.8976845
 4717.0 4739.3  0.9244281 12.0641308  0.8976798
 4739.3 4761.9  0.9260095 12.0147285  0.8976752
 4761.9 4784.7  0.9275319 11.9655743  0.8976727
 4784.7 4807.7  0.9289950 11.9168119  0.8976724
 4807.7 4830.9  0.9304709 11.8676233  0.8976721
 4830.9 4854.4  0.9319596 11.8180075  0.8976718
 4854.4 4878.0  0.9334418 11.7680445  0.8976722
 4878.0 4902.0  0.9348180 11.7191591  0.8976753
 4902.0 4926.1  0.9362174 11.6694450  0.8976784
 4926.1 4950.5  0.9376227 11.6195240  0.8976815
 4950.5 4975.1  0.9390429 11.5690107  0.8976848
 4975.1 5000.0  0.9403504 11.5195265  0.8976902
 5000.0 5025.1  0.9416739 11.4694386  0.8976957
 5025.1 5050.5  0.9430079 11.4189482  0.8977012
 5050.5 5076.1  0.9443557 11.3678818  0.8977068
 5076.1 5102.0  0.9455981 11.3177757  0.8977135
 5102.0 5128.2  0.9468551 11.2670832  0.8977202
 5128.2 5154.6  0.9481267 11.2158031  0.8977270
 5154.6 5181.3  0.9493886 11.1643648  0.8977338
 5181.3 5208.3  0.9505717 11.1134558  0.8977405
 5208.3 5235.6  0.9517682 11.0619745  0.8977474
 5235.6 5263.2  0.9529779 11.0099211  0.8977543
 5263.2 5291.0  0.9541488 10.9579334  0.8977605
 5291.0 5319.1  0.9552708 10.9062681  0.8977660
 5319.1 5347.6  0.9564048 10.8540459  0.8977715
 5347.6 5376.3  0.9575551 10.8010807  0.8977772
 5376.3 5405.4  0.9586131 10.7489939  0.8977801
 5405.4 5434.8  0.9596766 10.6962967  0.8977828
 5434.8 5464.5  0.9607511 10.6430559  0.8977855
 5464.5 5494.5  0.9617816 10.5899725  0.8977859
 5494.5 5524.9  0.9627643 10.5370932  0.8977838
 5524.9 5555.6  0.9637601 10.4835100  0.8977817
 5555.6 5586.6  0.9647447 10.4296713  0.8977784
 5586.6 5618.0  0.9656435 10.3765440  0.8977700
 5618.0 5649.7  0.9665539 10.3227320  0.8977615
 5649.7 5681.8  0.9674730 10.2684059  0.8977529
 5681.8 5714.3  0.9682943 10.2148275  0.8977376
 5714.3 5747.1  0.9691247 10.1605949  0.8977221
 5747.1 5780.3  0.9699628 10.1058617  0.8977064
 5780.3 5814.0  0.9707239 10.0516043  0.8976851
 5814.0 5848.0  0.9714881  9.9966402  0.8976630
 5848.0 5882.4  0.9722589  9.9411869  0.8976407
 5882.4 5917.2  0.9729627  9.8860817  0.8976135
 5917.2 5952.4  0.9736699  9.8303976  0.8975856
 5952.4 5988.0  0.9743807  9.7741337  0.8975571
 5988.0 6024.1  0.9750365  9.7180586  0.8975243
 6024.1 6060.6  0.9757015  9.6611948  0.8974910
 6060.6 6097.6  0.9763578  9.6039124  0.8974564
 6097.6 6135.0  0.9769834  9.5463667  0.8974187
 6135.0 6172.8  0.9776158  9.4881992  0.8973807
 6172.8 6211.2  0.9782283  9.4297619  0.8973404
 6211.2 6250.0  0.9788327  9.3706293  0.8972984
 6250.0 6289.3  0.9794434  9.3108826  0.8972559
 6289.3 6329.1  0.9800282  9.2508125  0.8972105
 6329.1 6369.4  0.9806205  9.1899776  0.8971645
 6369.4 6410.3  0.9812089  9.1285286  0.8971170
 6410.3 6451.6  0.9817938  9.0663300  0.8970678
 6451.6 6493.5  0.9823838  9.0035286  0.8970180
 6493.5 6535.9  0.9829696  8.9399900  0.8969663
 6535.9 6578.9  0.9835625  8.8756933  0.8969139
 6578.9 6622.5  0.9841618  8.8105164  0.8968602
 6622.5 6666.7  0.9847686  8.7444448  0.8968056
 6666.7 6711.4  0.9853868  8.6774273  0.8967500
 6711.4 6756.8  0.9860171  8.6095924  0.8966935
 6756.8 6802.7  0.9866602  8.5406580  0.8966362
 6802.7 6849.3  0.9873272  8.4707546  0.8965784
 6849.3 6896.6  0.9880044  8.3997860  0.8965197
 6896.6 6944.4  0.9887166  8.3274412  0.8964604
 6944.4 6993.0  0.9894367  8.2543278  0.8964003
 6993.0 7042.3  0.9901862  8.1797810  0.8963390
 7042.3 7092.2  0.9909488  8.1041327  0.8962767
 7092.2 7142.9  0.9917279  8.0274887  0.8962124
 7142.9 7194.2  0.9925209  7.9496021  0.8961468
 7194.2 7246.4  0.9933211  7.8708496  0.8960781
 7246.4 7299.3  0.9941350  7.7907252  0.8960078
 7299.3 7352.9  0.9949459  7.7097406  0.8959330
 7352.9 7407.4  0.9957651  7.6277218  0.8958565
 7407.4 7462.7  0.9965717  7.5447168  0.8957735
 7462.7 7518.8  0.9973805  7.4606333  0.8956876
 7518.8 7575.8  0.9981679  7.3758116  0.8955948
 7575.8 7633.6  0.9989412  7.2900109  0.8954963
 7633.6 7692.3  0.9996925  7.2034755  0.8953913
 7692.3 7751.9  0.9999456  7.1164021  0.8952761
 7751.9 7812.5  1.0000000  7.0283566  0.8951554
 7812.5 7874.0  1.0000000  6.9402399  0.8950181
 7874.0 7936.5  1.0000000  6.8515253  0.8948715
 7936.5 8000.0  1.0000000  6.7624950  0.8947113
 8000.0 8064.5  1.0000000  6.6738467  0.8945304
 8064.5 8130.1  1.0000000  6.5849323  0.8943354
 8130.1 8196.7  1.0000000  6.4967284  0.8941151
 8196.7 8264.5  1.0000000  6.4096460  0.8938671
 8264.5 8333.3  1.0000000  6.3229852  0.8935952
 8333.3 8403.4  1.0000000  6.2384796  0.8932856
 8403.4 8474.6  1.0000000  6.1564426  0.8929303
 8474.6 8547.0  1.0000000  6.0744114  0.8925568
 8547.0 8620.7  1.0000000  5.9909968  0.8921771
 8620.7 8695.7  1.0000000  5.9060841  0.8917905
 8695.7 8771.9  1.0000000  5.8196740  0.8913971
 8771.9 8849.6  1.0000000  5.7318811  0.8909975
 8849.6 8928.6  1.0000000  5.6423616  0.8905899
 8928.6 9009.0  1.0000000  5.5513430  0.8901755
 9009.0 9090.9  1.0000000  5.4587107  0.8897538
 9090.9 9174.3  1.0000000  5.3643503  0.8893242
 9174.3 9259.3  1.0000000  5.2682633  0.8888868
 9259.3 9345.8  1.0000000  5.1703320  0.8884410
 9345.8 9434.0  1.0000000  5.0706720  0.8879873
 9434.0 9523.8  1.0000000  4.9690537  0.8875246
 9523.8 9615.4  1.0000000  4.8655925  0.8870536
 9615.4 9708.7  1.0000000  4.7600565  0.8865731
 9708.7 9803.9  1.0000000  4.6525621  0.8860837
 9803.9 9901.0  1.0000000  4.5428791  0.8855844
 9901.0 9911.0  1.0000000  4.4310074  0.8850751
