 1176.5 1177.9  0.4804828 14.0089903  0.8266127
 1177.9 1179.2  0.4802488 14.0183029  0.8266082
 1179.2 1180.6  0.4800316 14.0269480  0.8266040
 1180.6 1182.0  0.4797976 14.0362597  0.8265995
 1182.0 1183.4  0.4795636 14.0455723  0.8265949
 1183.4 1184.8  0.4793296 14.0548840  0.8265905
 1184.8 1186.2  0.4790956 14.0641956  0.8265859
 1186.2 1187.6  0.4788616 14.0735064  0.8265815
 1187.6 1189.1  0.4786276 14.0828180  0.8265769
 1189.1 1190.5  0.4783769 14.0927944  0.8265721
 1190.5 1191.9  0.4781429 14.1021061  0.8265676
 1191.9 1193.3  0.4779089 14.1114178  0.8265631
 1193.3 1194.7  0.4776749 14.1207294  0.8265586
 1194.7 1196.2  0.4774409 14.1300402  0.8265541
 1196.2 1197.6  0.4771902 14.1400175  0.8265492
 1197.6 1199.0  0.4769562 14.1493292  0.8265448
 1199.0 1200.5  0.4767222 14.1586409  0.8265402
 1200.5 1201.9  0.4764715 14.1686172  0.8265354
 1201.9 1203.4  0.4762375 14.1779289  0.8265309
 1203.4 1204.8  0.4759867 14.1879053  0.8265261
 1204.8 1206.3  0.4757528 14.1972170  0.8265216
 1206.3 1207.7  0.4755020 14.2071943  0.8265167
 1207.7 1209.2  0.4752681 14.2165051  0.8265122
 1209.2 1210.7  0.4750174 14.2264814  0.8265074
 1210.7 1212.1  0.4747666 14.2364578  0.8265026
 1212.1 1213.6  0.4745326 14.2457695  0.8264981
 1213.6 1215.1  0.4742819 14.2557468  0.8264933
 1215.1 1216.5  0.4740312 14.2657232  0.8264884
 1216.5 1218.0  0.4737972 14.2750349  0.8264839
 1218.0 1219.5  0.4735465 14.2850113  0.8264791
 1219.5 1221.0  0.4732958 14.2949886  0.8264742
 1221.0 1222.5  0.4730451 14.3049650  0.8264694
 1222.5 1224.0  0.4727944 14.3149414  0.8264646
 1224.0 1225.5  0.4725437 14.3249187  0.8264598
 1225.5 1227.0  0.4722930 14.3348951  0.8264549
 1227.0 1228.5  0.4720423 14.3448715  0.8264501
 1228.5 1230.0  0.4717915 14.3548479  0.8264453
 1230.0 1231.5  0.4715408 14.3648252  0.8264405
 1231.5 1233.0  0.4712901 14.3748016  0.8264356
 1233.0 1234.6  0.4710394 14.3847780  0.8264308
 1234.6 1236.1  0.4707720 14.3954201  0.8264256
 1236.1 1237.6  0.4705213 14.4053965  0.8264208
 1237.6 1239.2  0.4702706 14.4153728  0.8264160
 1239.2 1240.7  0.4700032 14.4260149  0.8264108
 1240.7 1242.2  0.4697524 14.4359913  0.8264060
 1242.2 1243.8  0.4695017 14.4459677  0.8264012
 1243.8 1245.3  0.4692343 14.4566107  0.8263960
 1245.3 1246.9  0.4689836 14.4665871  0.8263912
 1246.9 1248.4  0.4687161 14.4772291  0.8263860
 1248.4 1250.0  0.4684654 14.4872055  0.8263812
 1250.0 1251.6  0.4681980 14.4978466  0.8263761
 1251.6 1253.1  0.4679306 14.5084887  0.8263709
 1253.1 1254.7  0.4676799 14.5184650  0.8263661
 1254.7 1256.3  0.4674125 14.5291071  0.8263609
 1256.3 1257.9  0.4671450 14.5397491  0.8263558
 1257.9 1259.4  0.4668776 14.5503912  0.8263506
 1259.4 1261.0  0.4666269 14.5603676  0.8263458
 1261.0 1262.6  0.4663595 14.5710096  0.8263406
 1262.6 1264.2  0.4660921 14.5816507  0.8263355
 1264.2 1265.8  0.4658246 14.5922928  0.8263304
 1265.8 1267.4  0.4655572 14.6029348  0.8263252
 1267.4 1269.0  0.4652898 14.6135769  0.8263201
 1269.0 1270.6  0.4650224 14.6242180  0.8263149
 1270.6 1272.3  0.4647549 14.6348600  0.8263097
 1272.3 1273.9  0.4644708 14.6461668  0.8263043
 1273.9 1275.5  0.4642034 14.6568089  0.8262991
 1275.5 1277.1  0.4639359 14.6674500  0.8262939
 1277.1 1278.8  0.4636685 14.6780920  0.8262888
 1278.8 1280.4  0.4633844 14.6893997  0.8262833
 1280.4 1282.1  0.4631169 14.7000408  0.8262782
 1282.1 1283.7  0.4628328 14.7113476  0.8262727
 1283.7 1285.3  0.4625654 14.7219887  0.8262675
 1285.3 1287.0  0.4622980 14.7326317  0.8262624
 1287.0 1288.7  0.4620138 14.7439384  0.8262569
 1288.7 1290.3  0.4617297 14.7552443  0.8262514
 1290.3 1292.0  0.4614623 14.7658873  0.8262463
 1292.0 1293.7  0.4611781 14.7771931  0.8262408
 1293.7 1295.3  0.4608940 14.7884998  0.8262354
 1295.3 1297.0  0.4606266 14.7991428  0.8262302
 1297.0 1298.7  0.4603424 14.8104486  0.8262247
 1298.7 1300.4  0.4600583 14.8217554  0.8262193
 1300.4 1302.1  0.4597963 14.8322439  0.8262077
 1302.1 1303.8  0.4596061 14.8400698  0.8261763
 1303.8 1305.5  0.4594160 14.8478966  0.8261448
 1305.5 1307.2  0.4592259 14.8557224  0.8261134
 1307.2 1308.9  0.4590358 14.8635492  0.8260820
 1308.9 1310.6  0.4588456 14.8713760  0.8260505
 1310.6 1312.3  0.4586555 14.8792019  0.8260191
 1312.3 1314.1  0.4584653 14.8870287  0.8259877
 1314.1 1315.8  0.4582641 14.8953152  0.8259544
 1315.8 1317.5  0.4580739 14.9031420  0.8259230
 1317.5 1319.3  0.4578838 14.9109678  0.8258916
 1319.3 1321.0  0.4576825 14.9192543  0.8258583
 1321.0 1322.8  0.4574923 14.9270811  0.8258268
 1322.8 1324.5  0.4572910 14.9353676  0.8257936
 1324.5 1326.3  0.4571009 14.9431934  0.8257622
 1326.3 1328.0  0.4568996 14.9514809  0.8257288
 1328.0 1329.8  0.4567094 14.9593067  0.8256974
 1329.8 1331.6  0.4565081 14.9675941  0.8256642
 1331.6 1333.3  0.4563068 14.9758797  0.8256308
 1333.3 1335.1  0.4561167 14.9837065  0.8255994
 1335.1 1336.9  0.4559154 14.9919930  0.8255662
 1336.9 1338.7  0.4557140 15.0002804  0.8255329
 1338.7 1340.5  0.4555127 15.0085669  0.8254996
 1340.5 1342.3  0.4553114 15.0168533  0.8254663
 1342.3 1344.1  0.4551101 15.0251408  0.8254330
 1344.1 1345.9  0.4549088 15.0334263  0.8253998
 1345.9 1347.7  0.4547074 15.0417137  0.8253665
 1347.7 1349.5  0.4545062 15.0500002  0.8253332
 1349.5 1351.4  0.4543048 15.0582867  0.8252999
 1351.4 1353.2  0.4541061 15.0665627  0.8252519
 1353.2 1355.0  0.4539225 15.0742426  0.8252020
 1355.0 1356.9  0.4537389 15.0819235  0.8251520
 1356.9 1358.7  0.4535451 15.0900307  0.8250993
 1358.7 1360.5  0.4533615 15.0977116  0.8250495
 1360.5 1362.4  0.4531779 15.1053925  0.8249996
 1362.4 1364.3  0.4529841 15.1134996  0.8249469
 1364.3 1366.1  0.4527903 15.1216068  0.8248942
 1366.1 1368.0  0.4526067 15.1292868  0.8248443
 1368.0 1369.9  0.4524129 15.1373940  0.8247916
 1369.9 1371.7  0.4522192 15.1455011  0.8247389
 1371.7 1373.6  0.4520355 15.1531820  0.8246890
 1373.6 1375.5  0.4518418 15.1612892  0.8246363
 1375.5 1377.4  0.4516480 15.1693964  0.8245836
 1377.4 1379.3  0.4514542 15.1775036  0.8245310
 1379.3 1381.2  0.4512604 15.1856108  0.8244783
 1381.2 1383.1  0.4510666 15.1937180  0.8244256
 1383.1 1385.0  0.4508728 15.2018251  0.8243729
 1385.0 1387.0  0.4506790 15.2099323  0.8243203
 1387.0 1388.9  0.4504750 15.2184668  0.8242648
 1388.9 1390.8  0.4502812 15.2265739  0.8242121
 1390.8 1392.8  0.4500874 15.2346811  0.8241594
 1392.8 1394.7  0.4498834 15.2432156  0.8241040
 1394.7 1396.6  0.4496896 15.2513218  0.8240513
 1396.6 1398.6  0.4494958 15.2594290  0.8239987
 1398.6 1400.6  0.4492918 15.2679634  0.8239432
 1400.6 1402.5  0.4490932 15.2762947  0.8238827
 1402.5 1404.5  0.4489166 15.2837620  0.8238140
 1404.5 1406.5  0.4487306 15.2916222  0.8237417
 1406.5 1408.5  0.4485446 15.2994814  0.8236694
 1408.5 1410.4  0.4483587 15.3073416  0.8235972
 1410.4 1412.4  0.4481820 15.3148079  0.8235285
 1412.4 1414.4  0.4479960 15.3226681  0.8234562
 1414.4 1416.4  0.4478100 15.3305283  0.8233839
 1416.4 1418.4  0.4476241 15.3383875  0.8233116
 1418.4 1420.5  0.4474381 15.3462477  0.8232393
 1420.5 1422.5  0.4472428 15.3544998  0.8231634
 1422.5 1424.5  0.4470569 15.3623600  0.8230911
 1424.5 1426.5  0.4468709 15.3702202  0.8230188
 1426.5 1428.6  0.4466849 15.3780794  0.8229465
 1428.6 1430.6  0.4464897 15.3863325  0.8228707
 1430.6 1432.7  0.4463037 15.3941917  0.8227984
 1432.7 1434.7  0.4461084 15.4024448  0.8227225
 1434.7 1436.8  0.4459225 15.4103050  0.8226502
 1436.8 1438.8  0.4457272 15.4185581  0.8225743
 1438.8 1440.9  0.4455412 15.4264174  0.8225020
 1440.9 1443.0  0.4453459 15.4346704  0.8224261
 1443.0 1445.1  0.4451507 15.4429226  0.8223502
 1445.1 1447.2  0.4449554 15.4511757  0.8222743
 1447.2 1449.3  0.4447601 15.4594288  0.8221984
 1449.3 1451.4  0.4445649 15.4676819  0.8221225
 1451.4 1453.5  0.4443812 15.4754581  0.8220358
 1453.5 1455.6  0.4442033 15.4829969  0.8219439
 1455.6 1457.7  0.4440253 15.4905357  0.8218519
 1457.7 1459.9  0.4438474 15.4980736  0.8217599
 1459.9 1462.0  0.4436610 15.5059719  0.8216635
 1462.0 1464.1  0.4434831 15.5135107  0.8215715
 1464.1 1466.3  0.4433052 15.5210495  0.8214796
 1466.3 1468.4  0.4431188 15.5289469  0.8213832
 1468.4 1470.6  0.4429409 15.5364857  0.8212912
 1470.6 1472.8  0.4427545 15.5443830  0.8211948
 1472.8 1474.9  0.4425681 15.5522814  0.8210984
 1474.9 1477.1  0.4423902 15.5598202  0.8210065
 1477.1 1479.3  0.4422038 15.5677176  0.8209101
 1479.3 1481.5  0.4420174 15.5756149  0.8208137
 1481.5 1483.7  0.4418310 15.5835133  0.8207174
 1483.7 1485.9  0.4416446 15.5914106  0.8206210
 1485.9 1488.1  0.4414582 15.5993080  0.8205246
 1488.1 1490.3  0.4412718 15.6072054  0.8204283
 1490.3 1492.5  0.4410854 15.6151037  0.8203319
 1492.5 1494.8  0.4408990 15.6230011  0.8202356
 1494.8 1497.0  0.4407042 15.6312580  0.8201348
 1497.0 1499.3  0.4405178 15.6391554  0.8200384
 1499.3 1501.5  0.4403229 15.6474123  0.8199376
 1501.5 1503.8  0.4401479 15.6547918  0.8198308
 1503.8 1506.0  0.4399704 15.6622534  0.8197141
 1506.0 1508.3  0.4398006 15.6693907  0.8196024
 1508.3 1510.6  0.4396232 15.6768522  0.8194857
 1510.6 1512.9  0.4394457 15.6843138  0.8193689
 1512.9 1515.2  0.4392683 15.6917753  0.8192521
 1515.2 1517.5  0.4390908 15.6992369  0.8191354
 1517.5 1519.8  0.4389133 15.7066984  0.8190186
 1519.8 1522.1  0.4387359 15.7141600  0.8189018
 1522.1 1524.4  0.4385584 15.7216215  0.8187851
 1524.4 1526.7  0.4383809 15.7290831  0.8186683
 1526.7 1529.1  0.4382035 15.7365446  0.8185515
 1529.1 1531.4  0.4380183 15.7443304  0.8184296
 1531.4 1533.7  0.4378408 15.7517920  0.8183129
 1533.7 1536.1  0.4376634 15.7592535  0.8181961
 1536.1 1538.5  0.4374782 15.7670393  0.8180743
 1538.5 1540.8  0.4372930 15.7748260  0.8179525
 1540.8 1543.2  0.4371156 15.7822876  0.8178357
 1543.2 1545.6  0.4369304 15.7900734  0.8177139
 1545.6 1548.0  0.4367452 15.7978592  0.8175920
 1548.0 1550.4  0.4365600 15.8056450  0.8174701
 1550.4 1552.8  0.4363776 15.8132896  0.8173458
 1552.8 1555.2  0.4362091 15.8202267  0.8172088
 1555.2 1557.6  0.4360406 15.8271627  0.8170717
 1557.6 1560.1  0.4358720 15.8340998  0.8169347
 1560.1 1562.5  0.4356965 15.8413258  0.8167920
 1562.5 1564.9  0.4355280 15.8482628  0.8166549
 1564.9 1567.4  0.4353594 15.8551998  0.8165179
 1567.4 1569.9  0.4351839 15.8624249  0.8163751
 1569.9 1572.3  0.4350083 15.8696508  0.8162324
 1572.3 1574.8  0.4348398 15.8765879  0.8160954
 1574.8 1577.3  0.4346643 15.8838139  0.8159527
 1577.3 1579.8  0.4344887 15.8910389  0.8158099
 1579.8 1582.3  0.4343132 15.8982649  0.8156672
 1582.3 1584.8  0.4341376 15.9054909  0.8155244
 1584.8 1587.3  0.4339621 15.9127169  0.8153816
 1587.3 1589.8  0.4337866 15.9199419  0.8152390
 1589.8 1592.4  0.4336110 15.9271679  0.8150962
 1592.4 1594.9  0.4334284 15.9346828  0.8149477
 1594.9 1597.4  0.4332529 15.9419079  0.8148050
 1597.4 1600.0  0.4330774 15.9491339  0.8146623
 1600.0 1602.6  0.4328948 15.9566488  0.8145138
 1602.6 1605.1  0.4327298 15.9632320  0.8143494
 1605.1 1607.7  0.4325712 15.9695625  0.8141912
 1607.7 1610.3  0.4324062 15.9761457  0.8140268
 1610.3 1612.9  0.4322413 15.9827299  0.8138623
 1612.9 1615.5  0.4320763 15.9893131  0.8136978
 1615.5 1618.1  0.4319113 15.9958973  0.8135334
 1618.1 1620.7  0.4317464 16.0024796  0.8133689
 1620.7 1623.4  0.4315814 16.0090637  0.8132045
 1623.4 1626.0  0.4314101 16.0159016  0.8130337
 1626.0 1628.7  0.4312451 16.0224838  0.8128693
 1628.7 1631.3  0.4310738 16.0293217  0.8126985
 1631.3 1634.0  0.4309088 16.0359058  0.8125340
 1634.0 1636.7  0.4307375 16.0427418  0.8123632
 1636.7 1639.3  0.4305662 16.0495777  0.8121924
 1639.3 1642.0  0.4304012 16.0561619  0.8120280
 1642.0 1644.7  0.4302299 16.0629978  0.8118572
 1644.7 1647.4  0.4300586 16.0698357  0.8116864
 1647.4 1650.2  0.4298873 16.0766716  0.8115156
 1650.2 1652.9  0.4297111 16.0836926  0.8113371
 1652.9 1655.6  0.4295602 16.0895844  0.8111476
 1655.6 1658.4  0.4294094 16.0954781  0.8109580
 1658.4 1661.1  0.4292529 16.1015873  0.8107614
 1661.1 1663.9  0.4291020 16.1074810  0.8105718
 1663.9 1666.7  0.4289456 16.1135921  0.8103752
 1666.7 1669.4  0.4287891 16.1197014  0.8101786
 1669.4 1672.2  0.4286382 16.1255951  0.8099890
 1672.2 1675.0  0.4284818 16.1317062  0.8097925
 1675.0 1677.9  0.4283253 16.1378174  0.8095958
 1677.9 1680.7  0.4281633 16.1441460  0.8093922
 1680.7 1683.5  0.4280068 16.1502552  0.8091956
 1683.5 1686.3  0.4278503 16.1563663  0.8089991
 1686.3 1689.2  0.4276939 16.1624775  0.8088024
 1689.2 1692.0  0.4275318 16.1688061  0.8085988
 1692.0 1694.9  0.4273753 16.1749172  0.8084022
 1694.9 1697.8  0.4272133 16.1812477  0.8081986
 1697.8 1700.7  0.4270512 16.1875763  0.8079950
 1700.7 1703.6  0.4269045 16.1933079  0.8078041
 1703.6 1706.5  0.4268057 16.1971607  0.8076531
 1706.5 1709.4  0.4267070 16.2010136  0.8075022
 1709.4 1712.3  0.4266083 16.2048683  0.8073512
 1712.3 1715.3  0.4265095 16.2087212  0.8072003
 1715.3 1718.2  0.4264074 16.2127075  0.8070441
 1718.2 1721.2  0.4263086 16.2165623  0.8068931
 1721.2 1724.1  0.4262065 16.2205486  0.8067369
 1724.1 1727.1  0.4261077 16.2244015  0.8065860
 1727.1 1730.1  0.4260056 16.2283878  0.8064299
 1730.1 1733.1  0.4259034 16.2323742  0.8062737
 1733.1 1736.1  0.4258013 16.2363605  0.8061175
 1736.1 1739.1  0.4256991 16.2403469  0.8059614
 1739.1 1742.2  0.4255970 16.2443333  0.8058052
 1742.2 1745.2  0.4254915 16.2484531  0.8056438
 1745.2 1748.3  0.4253893 16.2524395  0.8054876
 1748.3 1751.3  0.4252838 16.2565594  0.8053263
 1751.3 1754.4  0.4251816 16.2605457  0.8051701
 1754.4 1757.5  0.4250725 16.2648201  0.8049967
 1757.5 1760.6  0.4249389 16.2701397  0.8047420
 1760.6 1763.7  0.4248053 16.2754593  0.8044872
 1763.7 1766.8  0.4246717 16.2807808  0.8042325
 1766.8 1769.9  0.4245382 16.2861004  0.8039778
 1769.9 1773.0  0.4244046 16.2914200  0.8037230
 1773.0 1776.2  0.4242813 16.2964325  0.8034586
 1776.2 1779.4  0.4241543 16.3015957  0.8031853
 1779.4 1782.5  0.4240274 16.3067589  0.8029121
 1782.5 1785.7  0.4239044 16.3117619  0.8026474
 1785.7 1788.9  0.4237774 16.3169250  0.8023741
 1788.9 1792.1  0.4236608 16.3217945  0.8020911
 1792.1 1795.3  0.4235452 16.3266354  0.8018070
 1795.3 1798.6  0.4234296 16.3314743  0.8015229
 1798.6 1801.8  0.4233104 16.3364639  0.8012300
 1801.8 1805.1  0.4231948 16.3413029  0.8009459
 1805.1 1808.3  0.4230845 16.3461094  0.8006327
 1808.3 1811.6  0.4229780 16.3507595  0.8003276
 1811.6 1814.9  0.4228682 16.3555546  0.8000131
 1814.9 1818.2  0.4227583 16.3603497  0.7996985
 1818.2 1821.5  0.4226496 16.3651142  0.7993838
 1821.5 1824.8  0.4225564 16.3694267  0.7990661
 1824.8 1828.2  0.4224632 16.3737392  0.7987484
 1828.2 1831.5  0.4223672 16.3781815  0.7984211
 1831.5 1834.9  0.4222741 16.3824940  0.7981033
 1834.9 1838.2  0.4221781 16.3869381  0.7977760
 1838.2 1841.6  0.4220988 16.3909149  0.7974451
 1841.6 1845.0  0.4220176 16.3950043  0.7971037
 1845.0 1848.4  0.4219364 16.3990917  0.7967623
 1848.4 1851.9  0.4218552 16.4031811  0.7964209
 1851.9 1855.3  0.4217716 16.4073887  0.7960694
 1855.3 1858.7  0.4217039 16.4112320  0.7957031
 1858.7 1862.2  0.4216367 16.4150677  0.7953359
 1862.2 1865.7  0.4215675 16.4190178  0.7949581
 1865.7 1869.2  0.4214983 16.4229660  0.7945801
 1869.2 1872.7  0.4214301 16.4268875  0.7942019
 1872.7 1876.2  0.4213801 16.4303551  0.7938184
 1876.2 1879.7  0.4213300 16.4338207  0.7934348
 1879.7 1883.2  0.4212799 16.4372883  0.7930512
 1883.2 1886.8  0.4212299 16.4407558  0.7926677
 1886.8 1890.4  0.4211784 16.4443207  0.7922732
 1890.4 1893.9  0.4211448 16.4475212  0.7918615
 1893.9 1897.5  0.4211131 16.4506111  0.7914603
 1897.5 1901.1  0.4210805 16.4537888  0.7910476
 1901.1 1904.8  0.4210479 16.4569683  0.7906349
 1904.8 1908.4  0.4210144 16.4602337  0.7902107
 1908.4 1912.0  0.4210008 16.4631119  0.7897682
 1912.0 1915.7  0.4209883 16.4659729  0.7893239
 1915.7 1919.4  0.4209754 16.4689121  0.7888672
 1919.4 1923.1  0.4209625 16.4718513  0.7884106
 1923.1 1926.8  0.4209503 16.4747772  0.7879537
 1926.8 1930.5  0.4209596 16.4772320  0.7874883
 1930.5 1934.2  0.4209690 16.4796886  0.7870229
 1934.2 1938.0  0.4209784 16.4821434  0.7865576
 1938.0 1941.7  0.4209881 16.4846649  0.7860796
 1941.7 1945.5  0.4209974 16.4871216  0.7856143
 1945.5 1949.3  0.4210292 16.4892540  0.7851149
 1949.3 1953.1  0.4210628 16.4913540  0.7846137
 1953.1 1956.9  0.4210964 16.4934521  0.7841126
 1956.9 1960.8  0.4211301 16.4955521  0.7836114
 1960.8 1964.6  0.4211646 16.4977074  0.7830970
 1964.6 1968.5  0.4212224 16.4994621  0.7825601
 1968.5 1972.4  0.4212832 16.5012436  0.7820071
 1972.4 1976.3  0.4213439 16.5030231  0.7814540
 1976.3 1980.2  0.4214046 16.5048046  0.7809010
 1980.2 1984.1  0.4214663 16.5065651  0.7803475
 1984.1 1988.1  0.4215468 16.5079403  0.7797858
 1988.1 1992.0  0.4216293 16.5093517  0.7792097
 1992.0 1996.0  0.4217097 16.5107269  0.7786480
 1996.0 2000.0  0.4217923 16.5121384  0.7780718
 2000.0 2004.0  0.4218748 16.5135498  0.7774957
 2004.0 2008.0  0.4219780 16.5146828  0.7768824
 2008.0 2012.1  0.4220811 16.5158157  0.7762691
 2012.1 2016.1  0.4221869 16.5169754  0.7756405
 2016.1 2020.2  0.4222901 16.5181084  0.7750273
 2020.2 2024.3  0.4223964 16.5192566  0.7743985
 2024.3 2028.4  0.4225131 16.5201607  0.7737650
 2028.4 2032.5  0.4226297 16.5210648  0.7731316
 2032.5 2036.7  0.4227464 16.5219688  0.7724982
 2036.7 2040.8  0.4228659 16.5228958  0.7718493
 2040.8 2045.0  0.4229826 16.5237999  0.7712159
 2045.0 2049.2  0.4231105 16.5245838  0.7705494
 2049.2 2053.4  0.4232389 16.5253601  0.7698820
 2053.4 2057.6  0.4233673 16.5261364  0.7692147
 2057.6 2061.9  0.4234956 16.5269127  0.7685473
 2061.9 2066.1  0.4236270 16.5277081  0.7678641
 2066.1 2070.4  0.4237618 16.5284462  0.7671651
 2070.4 2074.7  0.4238998 16.5291996  0.7664487
 2074.7 2079.0  0.4240379 16.5299530  0.7657323
 2079.0 2083.3  0.4241759 16.5307064  0.7650160
 2083.3 2087.7  0.4243138 16.5314636  0.7642987
 2087.7 2092.1  0.4244523 16.5322781  0.7635520
 2092.1 2096.4  0.4245908 16.5330925  0.7628052
 2096.4 2100.8  0.4247261 16.5338879  0.7620754
 2100.8 2105.3  0.4248645 16.5347023  0.7613287
 2105.3 2109.7  0.4250053 16.5355434  0.7605653
 2109.7 2114.2  0.4251316 16.5364895  0.7598239
 2114.2 2118.6  0.4252608 16.5374584  0.7590656
 2118.6 2123.1  0.4253871 16.5384064  0.7583241
 2123.1 2127.7  0.4255163 16.5393753  0.7575659
 2127.7 2132.2  0.4256484 16.5403652  0.7567908
 2132.2 2136.8  0.4257623 16.5415897  0.7560246
 2136.8 2141.3  0.4258776 16.5428600  0.7552407
 2141.3 2145.9  0.4259904 16.5441036  0.7544740
 2145.9 2150.5  0.4261057 16.5453739  0.7536902
 2150.5 2155.2  0.4262210 16.5466442  0.7529064
 2155.2 2159.8  0.4263206 16.5484390  0.7520537
 2159.8 2164.5  0.4264159 16.5502529  0.7512131
 2164.5 2169.2  0.4265133 16.5521088  0.7503543
 2169.2 2173.9  0.4266106 16.5539627  0.7494954
 2173.9 2178.6  0.4267080 16.5558167  0.7486366
 2178.6 2183.4  0.4267643 16.5579052  0.7478885
 2183.4 2188.2  0.4268208 16.5600452  0.7471270
 2188.2 2193.0  0.4268773 16.5621834  0.7463655
 2193.0 2197.8  0.4269339 16.5643215  0.7456040
 2197.8 2202.6  0.4269904 16.5664597  0.7448425
 2202.6 2207.5  0.4270256 16.5692196  0.7440175
 2207.5 2212.4  0.4270431 16.5725727  0.7431205
 2212.4 2217.3  0.4270606 16.5759258  0.7422236
 2217.3 2222.2  0.4270781 16.5792809  0.7413265
 2222.2 2227.2  0.4270934 16.5826645  0.7404315
 2227.2 2232.1  0.4270558 16.5868492  0.7395645
 2232.1 2237.1  0.4270190 16.5909500  0.7387148
 2237.1 2242.2  0.4269814 16.5951347  0.7378477
 2242.2 2247.2  0.4269431 16.5994034  0.7369634
 2247.2 2252.3  0.4269029 16.6036282  0.7360975
 2252.3 2257.3  0.4267976 16.6089516  0.7352422
 2257.3 2262.4  0.4266944 16.6141682  0.7344038
 2262.4 2267.6  0.4265891 16.6194897  0.7335486
 2267.6 2272.7  0.4264818 16.6249161  0.7326765
 2272.7 2277.9  0.4263765 16.6302376  0.7318213
 2277.9 2283.1  0.4261877 16.6370964  0.7309505
 2283.1 2288.3  0.4259939 16.6440449  0.7300798
 2288.3 2293.6  0.4258001 16.6509933  0.7292091
 2293.6 2298.9  0.4256026 16.6580734  0.7283217
 2298.9 2304.1  0.4254051 16.6651554  0.7274343
 2304.1 2309.5  0.4251225 16.6735287  0.7266023
 2309.5 2314.8  0.4248271 16.6822510  0.7257390
 2314.8 2320.2  0.4245373 16.6908150  0.7248918
 2320.2 2325.6  0.4242419 16.6995373  0.7240286
 2325.6 2331.0  0.4239466 16.7082615  0.7231653
 2331.0 2336.4  0.4235383 16.7189484  0.7223162
 2336.4 2341.9  0.4231209 16.7297897  0.7214683
 2341.9 2347.4  0.4226958 16.7408333  0.7206046
 2347.4 2352.9  0.4222707 16.7518787  0.7197410
 2352.9 2358.5  0.4218456 16.7629223  0.7188773
 2358.5 2364.1  0.4212843 16.7763672  0.7180382
 2364.1 2369.7  0.4207206 16.7898540  0.7171999
 2369.7 2375.3  0.4201570 16.8033390  0.7163615
 2375.3 2381.0  0.4195933 16.8168240  0.7155231
 2381.0 2386.6  0.4190196 16.8305511  0.7146698
 2386.6 2392.3  0.4183655 16.8458519  0.7138994
 2392.3 2398.1  0.4176997 16.8614254  0.7131153
 2398.1 2403.8  0.4170222 16.8772736  0.7123175
 2403.8 2409.6  0.4163564 16.8928471  0.7115333
 2409.6 2415.5  0.4156789 16.9086933  0.7107354
 2415.5 2421.3  0.4149522 16.9265518  0.7099857
 2421.3 2427.2  0.4142351 16.9442310  0.7092531
 2427.2 2433.1  0.4135056 16.9622154  0.7085079
 2433.1 2439.0  0.4127761 16.9801998  0.7077627
 2439.0 2445.0  0.4120466 16.9981842  0.7070174
 2445.0 2451.0  0.4113767 17.0172482  0.7063677
 2451.0 2457.0  0.4107067 17.0363121  0.7057180
 2457.0 2463.1  0.4100367 17.0553780  0.7050682
 2463.1 2469.1  0.4093556 17.0747604  0.7044077
 2469.1 2475.2  0.4086886 17.0938225  0.7037603
 2475.2 2481.4  0.4081911 17.1131058  0.7032399
 2481.4 2487.6  0.4076855 17.1327076  0.7027109
 2487.6 2493.8  0.4071797 17.1523075  0.7021819
 2493.8 2500.0  0.4066741 17.1719093  0.7016529
 2500.0 2506.3  0.4061684 17.1915092  0.7011240
 2506.3 2512.6  0.4059664 17.2100601  0.7007679
 2512.6 2518.9  0.4057644 17.2286110  0.7004117
 2518.9 2525.3  0.4055625 17.2471600  0.7000556
 2525.3 2531.6  0.4053573 17.2660065  0.6996938
 2531.6 2538.1  0.4051553 17.2845573  0.6993377
 2538.1 2544.5  0.4053726 17.3019047  0.6991705
 2544.5 2551.0  0.4056140 17.3188705  0.6990188
 2551.0 2557.5  0.4058591 17.3361015  0.6988648
 2557.5 2564.1  0.4061043 17.3533325  0.6987108
 2564.1 2570.7  0.4063629 17.3707790  0.6985584
 2570.7 2577.3  0.4072441 17.3849888  0.6986690
 2577.3 2584.0  0.4081253 17.3992004  0.6987796
 2584.0 2590.7  0.4090198 17.4136276  0.6988918
 2590.7 2597.4  0.4099143 17.4280529  0.6990041
 2597.4 2604.2  0.4108528 17.4421749  0.6991341
 2604.2 2611.0  0.4125077 17.4516315  0.6995502
 2611.0 2617.8  0.4141627 17.4610901  0.6999663
 2617.8 2624.7  0.4158176 17.4705486  0.7003824
 2624.7 2631.6  0.4174969 17.4801464  0.7008047
 2631.6 2638.5  0.4191762 17.4897423  0.7012268
 2638.5 2645.5  0.4217005 17.4939823  0.7019524
 2645.5 2652.5  0.4243143 17.4979496  0.7027074
 2652.5 2659.6  0.4269280 17.5019169  0.7034623
 2659.6 2666.7  0.4295791 17.5059414  0.7042281
 2666.7 2673.8  0.4322301 17.5099659  0.7049938
 2673.8 2681.0  0.4356631 17.5081234  0.7060031
 2681.0 2688.2  0.4391795 17.5059929  0.7070375
 2688.2 2695.4  0.4426958 17.5038643  0.7080719
 2695.4 2702.7  0.4462121 17.5017338  0.7091063
 2702.7 2710.0  0.4497774 17.4995747  0.7101550
 2710.0 2717.4  0.4540349 17.4913578  0.7113665
 2717.4 2724.8  0.4583807 17.4827652  0.7126017
 2724.8 2732.2  0.4627267 17.4741726  0.7138368
 2732.2 2739.7  0.4670725 17.4655800  0.7150720
 2739.7 2747.3  0.4714771 17.4568729  0.7163239
 2747.3 2754.8  0.4765366 17.4416981  0.7176632
 2754.8 2762.4  0.4815536 17.4264660  0.7189878
 2762.4 2770.1  0.4866374 17.4110317  0.7203301
 2770.1 2777.8  0.4917884 17.3953934  0.7216900
 2777.8 2785.5  0.4969392 17.3797550  0.7230499
 2785.5 2793.3  0.5025642 17.3575382  0.7243726
 2793.3 2801.1  0.5082752 17.3348560  0.7257115
 2801.1 2809.0  0.5139862 17.3121719  0.7270504
 2809.0 2816.9  0.5197703 17.2891979  0.7284065
 2816.9 2824.9  0.5255543 17.2662258  0.7297626
 2824.9 2832.9  0.5318339 17.2354908  0.7309831
 2832.9 2840.9  0.5381188 17.2046604  0.7322018
 2840.9 2849.0  0.5444038 17.1738300  0.7334204
 2849.0 2857.1  0.5507674 17.1426163  0.7346543
 2857.1 2865.3  0.5571312 17.1113205  0.7358840
 2865.3 2873.6  0.5635979 17.0731773  0.7367947
 2873.6 2881.8  0.5701434 17.0345688  0.7377164
 2881.8 2890.2  0.5766100 16.9964275  0.7386270
 2890.2 2898.6  0.5832343 16.9573536  0.7395598
 2898.6 2907.0  0.5898588 16.9182796  0.7404927
 2907.0 2915.5  0.5966346 16.8707447  0.7409861
 2915.5 2924.0  0.6034989 16.8222160  0.7414632
 2924.0 2932.6  0.6103631 16.7736874  0.7419403
 2932.6 2941.2  0.6173081 16.7245865  0.7424230
 2941.2 2949.9  0.6242473 16.6753273  0.7428928
 2949.9 2958.6  0.6310264 16.6187172  0.7428203
 2958.6 2967.4  0.6378057 16.5621071  0.7427478
 2967.4 2976.2  0.6446626 16.5048485  0.7426745
 2976.2 2985.1  0.6515197 16.4475880  0.7426011
 2985.1 2994.0  0.6584525 16.3895950  0.7425211
 2994.0 3003.0  0.6651768 16.3245354  0.7419288
 3003.0 3012.0  0.6719769 16.2587433  0.7413298
 3012.0 3021.1  0.6787769 16.1929531  0.7407308
 3021.1 3030.3  0.6856525 16.1264286  0.7401252
 3030.3 3039.5  0.6925882 16.0590439  0.7394999
 3039.5 3048.8  0.6990657 15.9877605  0.7384903
 3048.8 3058.1  0.7056138 15.9157009  0.7374697
 3058.1 3067.5  0.7121618 15.8436413  0.7364491
 3067.5 3076.9  0.7187802 15.7708073  0.7354175
 3076.9 3086.4  0.7253985 15.6979742  0.7343860
 3086.4 3096.0  0.7316185 15.6206923  0.7330467
 3096.0 3105.6  0.7378989 15.5425549  0.7316901
 3105.6 3115.3  0.7441794 15.4644184  0.7303335
 3115.3 3125.0  0.7505252 15.3854694  0.7289628
 3125.0 3134.8  0.7568709 15.3065205  0.7275921
 3134.8 3144.7  0.7624778 15.2276726  0.7260950
 3144.7 3154.6  0.7681418 15.1480217  0.7245827
 3154.6 3164.6  0.7738059 15.0683680  0.7230703
 3164.6 3174.6  0.7795272 14.9879122  0.7215427
 3174.6 3184.7  0.7852484 14.9074554  0.7200151
 3184.7 3194.9  0.7902182 14.8278408  0.7184874
 3194.9 3205.1  0.7952036 14.7475052  0.7169453
 3205.1 3215.4  0.8001891 14.6671677  0.7154031
 3215.4 3225.8  0.8052232 14.5860462  0.7138458
 3225.8 3236.2  0.8102324 14.5044212  0.7122854
 3236.2 3246.8  0.8143526 14.4262466  0.7108682
 3246.8 3257.3  0.8185521 14.3465662  0.7094237
 3257.3 3268.0  0.8227120 14.2676392  0.7079927
 3268.0 3278.7  0.8269511 14.1872082  0.7065346
 3278.7 3289.5  0.8308644 14.1081629  0.7051470
 3289.5 3300.3  0.8341920 14.0310221  0.7038811
 3300.3 3311.3  0.8375197 13.9538822  0.7026153
 3311.3 3322.3  0.8409089 13.8753138  0.7013260
 3322.3 3333.3  0.8442982 13.7967443  0.7000366
 3333.3 3344.5  0.8470778 13.7203379  0.6988835
 3344.5 3355.7  0.8497061 13.6432571  0.6977546
 3355.7 3367.0  0.8523343 13.5661764  0.6966256
 3367.0 3378.4  0.8549861 13.4884071  0.6954865
 3378.4 3389.8  0.8573440 13.4161110  0.6944495
 3389.8 3401.4  0.8589557 13.3583078  0.6936765
 3401.4 3413.0  0.8605956 13.2994919  0.6928899
 3413.0 3424.7  0.8622356 13.2406740  0.6921032
 3424.7 3436.4  0.8638896 13.1813507  0.6913098
 3436.4 3448.3  0.8675120 12.9869757  0.6891245
 3448.3 3460.2  0.8712492 12.7856588  0.6868645
 3460.2 3472.2  0.8727713 12.6860752  0.6858403
 3472.2 3484.3  0.8739339 12.6027498  0.6850151
 3484.3 3496.5  0.8751062 12.5187302  0.6841831
 3496.5 3508.8  0.8762882 12.4340172  0.6833441
 3508.8 3521.1  0.8774800 12.3486080  0.6824983
 3521.1 3533.6  0.8786716 12.2631998  0.6816525
 3533.6 3546.1  0.8798828 12.1764030  0.6807929
 3546.1 3558.7  0.8810939 12.0896063  0.6799334
 3558.7 3571.4  0.8820464 11.9998398  0.6791484
 3571.4 3584.2  0.8828853 11.9083300  0.6783941
 3584.2 3597.1  0.8837309 11.8161001  0.6776339
 3597.1 3610.1  0.8845831 11.7231483  0.6768677
 3610.1 3623.2  0.8854418 11.6294765  0.6760955
 3623.2 3636.4  0.8863072 11.5350857  0.6753174
 3636.4 3649.6  0.8871792 11.4399738  0.6745334
 3649.6 3663.0  0.8880512 11.3448601  0.6737493
 3663.0 3676.5  0.8887140 11.2471952  0.6730655
 3676.5 3690.0  0.8893749 11.1487656  0.6723799
 3690.0 3703.7  0.8900357 11.0503359  0.6716944
 3703.7 3717.5  0.8907064 10.9504490  0.6709987
 3717.5 3731.3  0.8913819 10.8498316  0.6702979
 3731.3 3745.3  0.8920575 10.7492151  0.6695971
 3745.3 3759.4  0.8927428 10.6471395  0.6688862
 3759.4 3773.6  0.8933655 10.5455608  0.6682531
 3773.6 3787.9  0.8939587 10.4438753  0.6676571
 3787.9 3802.3  0.8945560 10.3414774  0.6670569
 3802.3 3816.8  0.8951575 10.2383604  0.6664525
 3816.8 3831.4  0.8957632 10.1345282  0.6658440
 3831.4 3846.2  0.8963730 10.0299807  0.6652312
 3846.2 3861.0  0.8969913  9.9239998  0.6646101
 3861.0 3876.0  0.8975993  9.8213005  0.6640816
 3876.0 3891.1  0.8982121  9.7183619  0.6635783
 3891.1 3906.2  0.8988290  9.6147366  0.6630717
 3906.2 3921.6  0.8994459  9.5111122  0.6625651
 3921.6 3937.0  0.9000750  9.4054279  0.6620485
 3937.0 3952.6  0.9007041  9.2997446  0.6615318
 3952.6 3968.3  0.9013433  9.1937437  0.6610271
 3968.3 3984.1  0.9019958  9.0923738  0.6606126
 3984.1 4000.0  0.9026526  8.9903584  0.6601955
 4000.0 4016.1  0.9033135  8.8876982  0.6597759
 4016.1 4032.3  0.9039826  8.7837458  0.6593509
 4032.3 4048.6  0.9046560  8.6791477  0.6589233
 4048.6 4065.0  0.9053335  8.5739040  0.6584930
 4065.0 4081.6  0.9060245  8.4752207  0.6581460
 4081.6 4098.4  0.9067249  8.3760128  0.6578028
 4098.4 4115.2  0.9074336  8.2756119  0.6574555
 4115.2 4132.2  0.9081424  8.1752081  0.6571082
 4132.2 4149.4  0.9088597  8.0736113  0.6567568
 4149.4 4166.7  0.9095853  7.9708200  0.6564013
 4166.7 4184.1  0.9103134  7.8756528  0.6561189
 4184.1 4201.7  0.9110455  7.7802348  0.6558377
 4201.7 4219.4  0.9117861  7.6837192  0.6555532
 4219.4 4237.3  0.9125309  7.5866570  0.6552671
 4237.3 4255.3  0.9132841  7.4884973  0.6549777
 4255.3 4273.5  0.9140341  7.3922124  0.6547050
 4273.5 4291.8  0.9147748  7.3007288  0.6544737
 4291.8 4310.3  0.9155195  7.2087445  0.6542410
 4310.3 4329.0  0.9162723  7.1157537  0.6540059
 4329.0 4347.8  0.9170333  7.0217571  0.6537682
 4347.8 4366.8  0.9177984  6.9272594  0.6535292
 4366.8 4386.0  0.9185300  6.8388290  0.6533310
 4386.0 4405.3  0.9192638  6.7504034  0.6531365
 4405.3 4424.8  0.9200014  6.6615186  0.6529410
 4424.8 4444.4  0.9207466  6.5717120  0.6527435
 4444.4 4464.3  0.9214957  6.4814444  0.6525449
 4464.3 4484.3  0.9222171  6.3951678  0.6523720
 4484.3 4504.5  0.9229267  6.3105717  0.6522095
 4504.5 4524.9  0.9236434  6.2251282  0.6520453
 4524.9 4545.5  0.9243672  6.1388407  0.6518795
 4545.5 4566.2  0.9250981  6.0517063  0.6517121
 4566.2 4587.2  0.9257939  5.9694123  0.6515707
 4587.2 4608.3  0.9264889  5.8874102  0.6514349
 4608.3 4629.6  0.9271871  5.8050194  0.6512983
 4629.6 4651.2  0.9278920  5.7218447  0.6511605
 4651.2 4672.9  0.9286044  5.6378379  0.6510224
 4672.9 4694.8  0.9292783  5.5592332  0.6509119
 4694.8 4717.0  0.9299584  5.4799032  0.6508003
 4717.0 4739.3  0.9306479  5.3994851  0.6506872
 4739.3 4761.9  0.9313404  5.3187065  0.6505736
 4761.9 4784.7  0.9320214  5.2398009  0.6504719
 4784.7 4807.7  0.9326897  5.1628819  0.6503817
 4807.7 4830.9  0.9333638  5.0852895  0.6502906
 4830.9 4854.4  0.9340438  5.0070229  0.6501988
 4854.4 4878.0  0.9347259  4.9287243  0.6501099
 4878.0 4902.0  0.9353818  4.8543673  0.6500387
 4902.0 4926.1  0.9360489  4.7787509  0.6499662
 4926.1 4950.5  0.9367188  4.7028184  0.6498934
 4950.5 4975.1  0.9373963  4.6260438  0.6498201
 4975.1 5000.0  0.9380475  4.5535536  0.6497646
 5000.0 5025.1  0.9387065  4.4801798  0.6497084
 5025.1 5050.5  0.9393709  4.4062157  0.6496518
 5050.5 5076.1  0.9400426  4.3314643  0.6495948
 5076.1 5102.0  0.9406899  4.2609258  0.6495529
 5102.0 5128.2  0.9413448  4.1895614  0.6495106
 5128.2 5154.6  0.9420073  4.1173697  0.6494677
 5154.6 5181.3  0.9426699  4.0454774  0.6494267
 5181.3 5208.3  0.9433165  3.9768419  0.6493961
 5208.3 5235.6  0.9439703  3.9074345  0.6493650
 5235.6 5263.2  0.9446313  3.8372552  0.6493337
 5263.2 5291.0  0.9452865  3.7687325  0.6493069
 5291.0 5319.1  0.9459319  3.7023814  0.6492854
 5319.1 5347.6  0.9465842  3.6353135  0.6492636
 5347.6 5376.3  0.9472459  3.5672910  0.6492416
 5376.3 5405.4  0.9478872  3.5037570  0.6492265
 5405.4 5434.8  0.9485350  3.4397960  0.6492119
 5434.8 5464.5  0.9491895  3.3751760  0.6491972
 5464.5 5494.5  0.9498371  3.3127892  0.6491849
 5494.5 5524.9  0.9504768  3.2528367  0.6491753
 5524.9 5555.6  0.9511251  3.1920848  0.6491656
 5555.6 5586.6  0.9517745  3.1319003  0.6491563
 5586.6 5618.0  0.9524068  3.0764103  0.6491495
 5618.0 5649.7  0.9530472  3.0202045  0.6491425
 5649.7 5681.8  0.9536937  2.9634612  0.6491355
 5681.8 5714.3  0.9543216  2.9121993  0.6491303
 5714.3 5747.1  0.9549569  2.8603573  0.6491250
 5747.1 5780.3  0.9555981  2.8080363  0.6491197
 5780.3 5814.0  0.9562255  2.7600248  0.6491155
 5814.0 5848.0  0.9568601  2.7117703  0.6491114
 5848.0 5882.4  0.9575005  2.6630864  0.6491073
 5882.4 5917.2  0.9581292  2.6181538  0.6491041
 5917.2 5952.4  0.9587640  2.5729682  0.6491010
 5952.4 5988.0  0.9594049  2.5275230  0.6490978
 5988.0 6024.1  0.9600369  2.4851375  0.6490954
 6024.1 6060.6  0.9606777  2.4421566  0.6490930
 6060.6 6097.6  0.9613214  2.3996065  0.6490906
 6097.6 6135.0  0.9619633  2.3587189  0.6490886
 6135.0 6172.8  0.9626123  2.3173897  0.6490865
 6172.8 6211.2  0.9632607  2.2771218  0.6490845
 6211.2 6250.0  0.9639145  2.2372189  0.6490825
 6250.0 6289.3  0.9645751  2.1969011  0.6490805
 6289.3 6329.1  0.9652340  2.1579652  0.6490783
 6329.1 6369.4  0.9659013  2.1185334  0.6490761
 6369.4 6410.3  0.9665731  2.0792341  0.6490737
 6410.3 6451.6  0.9672506  2.0400357  0.6490709
 6451.6 6493.5  0.9679346  2.0004814  0.6490681
 6493.5 6535.9  0.9686223  1.9610502  0.6490642
 6535.9 6578.9  0.9693183  1.9211484  0.6490604
 6578.9 6622.5  0.9700211  1.8807636  0.6490557
 6622.5 6666.7  0.9707322  1.8398556  0.6490504
 6666.7 6711.4  0.9714521  1.7981912  0.6490444
 6711.4 6756.8  0.9721784  1.7557340  0.6490372
 6756.8 6802.7  0.9729159  1.7124366  0.6490294
 6802.7 6849.3  0.9736608  1.6676573  0.6490195
 6849.3 6896.6  0.9744170  1.6221957  0.6490095
 6896.6 6944.4  0.9751835  1.5745655  0.6489962
 6944.4 6993.0  0.9759582  1.5264097  0.6489828
 6993.0 7042.3  0.9767419  1.4763851  0.6489660
 7042.3 7092.2  0.9775363  1.4254998  0.6489486
 7092.2 7142.9  0.9783328  1.3734812  0.6489273
 7142.9 7194.2  0.9791407  1.3205340  0.6489049
 7194.2 7246.4  0.9799455  1.2669655  0.6488781
 7246.4 7299.3  0.9807623  1.2124588  0.6488500
 7299.3 7352.9  0.9815707  1.1578345  0.6488159
 7352.9 7407.4  0.9823869  1.1026055  0.6487804
 7407.4 7462.7  0.9831901  1.0477448  0.6487375
 7462.7 7518.8  0.9839967  0.9925689  0.6486920
 7518.8 7575.8  0.9847867  0.9382642  0.6486388
 7575.8 7633.6  0.9855685  0.8844631  0.6485800
 7633.6 7692.3  0.9863354  0.8315929  0.6485144
 7692.3 7751.9  0.9870719  0.7808459  0.6484384
 7751.9 7812.5  0.9878008  0.7306479  0.6483570
 7812.5 7874.0  0.9884707  0.6847801  0.6482587
 7874.0 7936.5  0.9891154  0.6408576  0.6481513
 7936.5 8000.0  0.9897146  0.6003916  0.6480303
 8000.0 8064.5  0.9902350  0.5659842  0.6478884
 8064.5 8130.1  0.9907085  0.5352376  0.6477327
 8130.1 8196.7  0.9910823  0.5122552  0.6475517
 8196.7 8264.5  0.9913430  0.4981202  0.6473430
 8264.5 8333.3  0.9915129  0.4911578  0.6471104
 8333.3 8403.4  0.9915207  0.4969140  0.6468402
 8403.4 8474.6  0.9913344  0.5179742  0.6465245
 8474.6 8547.0  0.9910836  0.5441910  0.6461910
 8547.0 8620.7  0.9908284  0.5708501  0.6458519
 8620.7 8695.7  0.9905687  0.5979879  0.6455067
 8695.7 8771.9  0.9903044  0.6256043  0.6451554
 8771.9 8849.6  0.9900359  0.6536626  0.6447985
 8849.6 8928.6  0.9897621  0.6822729  0.6444346
 8928.6 9009.0  0.9894837  0.7113621  0.6440646
 9009.0 9090.9  0.9892004  0.7409669  0.6436880
 9090.9 9174.3  0.9889118  0.7711241  0.6433044
 9174.3 9259.3  0.9886179  0.8018333  0.6429138
 9259.3 9345.8  0.9883184  0.8331318  0.6425157
 9345.8 9434.0  0.9880136  0.8649827  0.6421105
 9434.0 9523.8  0.9877028  0.8974596  0.6416974
 9523.8 9615.4  0.9873863  0.9305255  0.6412768
 9615.4 9708.7  0.9870636  0.9642546  0.6408478
 9708.7 9803.9  0.9867348  0.9986092  0.6404108
 9803.9 9901.0  0.9863993  1.0336636  0.6399649
 9901.0 9911.0  0.9860572  1.0694175  0.6395101
