 1176.5 1177.9  0.4992262  6.2994113  0.7605939
 1177.9 1179.2  0.4989912  6.3034601  0.7605718
 1179.2 1180.6  0.4987731  6.3072195  0.7605513
 1180.6 1182.0  0.4985382  6.3112688  0.7605293
 1182.0 1183.4  0.4983032  6.3153176  0.7605072
 1183.4 1184.8  0.4980683  6.3193669  0.7604852
 1184.8 1186.2  0.4978334  6.3234158  0.7604631
 1186.2 1187.6  0.4975985  6.3274646  0.7604410
 1187.6 1189.1  0.4973636  6.3315134  0.7604190
 1189.1 1190.5  0.4971119  6.3358517  0.7603953
 1190.5 1191.9  0.4968770  6.3399010  0.7603732
 1191.9 1193.3  0.4966420  6.3439498  0.7603512
 1193.3 1194.7  0.4964071  6.3479991  0.7603291
 1194.7 1196.2  0.4961722  6.3520474  0.7603071
 1196.2 1197.6  0.4959205  6.3563857  0.7602834
 1197.6 1199.0  0.4956856  6.3604350  0.7602614
 1199.0 1200.5  0.4954507  6.3644838  0.7602392
 1200.5 1201.9  0.4951990  6.3688221  0.7602156
 1201.9 1203.4  0.4949640  6.3728709  0.7601936
 1203.4 1204.8  0.4947124  6.3772092  0.7601699
 1204.8 1206.3  0.4944774  6.3812585  0.7601479
 1206.3 1207.7  0.4942257  6.3855968  0.7601242
 1207.7 1209.2  0.4939908  6.3896451  0.7601022
 1209.2 1210.7  0.4937391  6.3939834  0.7600785
 1210.7 1212.1  0.4934874  6.3983216  0.7600549
 1212.1 1213.6  0.4932525  6.4023705  0.7600328
 1213.6 1215.1  0.4930008  6.4067087  0.7600092
 1215.1 1216.5  0.4927491  6.4110470  0.7599855
 1216.5 1218.0  0.4925142  6.4150963  0.7599635
 1218.0 1219.5  0.4922625  6.4194341  0.7599398
 1219.5 1221.0  0.4920108  6.4237723  0.7599161
 1221.0 1222.5  0.4917591  6.4281106  0.7598925
 1222.5 1224.0  0.4915074  6.4324489  0.7598689
 1224.0 1225.5  0.4912557  6.4367871  0.7598452
 1225.5 1227.0  0.4910040  6.4411254  0.7598216
 1227.0 1228.5  0.4907523  6.4454632  0.7597979
 1228.5 1230.0  0.4905006  6.4498014  0.7597743
 1230.0 1231.5  0.4902489  6.4541397  0.7597507
 1231.5 1233.0  0.4899972  6.4584780  0.7597270
 1233.0 1234.6  0.4897455  6.4628162  0.7597034
 1234.6 1236.1  0.4894770  6.4674435  0.7596781
 1236.1 1237.6  0.4892253  6.4717817  0.7596545
 1237.6 1239.2  0.4889736  6.4761200  0.7596309
 1239.2 1240.7  0.4887052  6.4807472  0.7596056
 1240.7 1242.2  0.4884535  6.4850855  0.7595820
 1242.2 1243.8  0.4882018  6.4894238  0.7595584
 1243.8 1245.3  0.4879333  6.4940515  0.7595332
 1245.3 1246.9  0.4876816  6.4983892  0.7595095
 1246.9 1248.4  0.4874131  6.5030169  0.7594843
 1248.4 1250.0  0.4871614  6.5073547  0.7594606
 1250.0 1251.6  0.4868929  6.5119824  0.7594354
 1251.6 1253.1  0.4866244  6.5166097  0.7594102
 1253.1 1254.7  0.4863728  6.5209479  0.7593865
 1254.7 1256.3  0.4861043  6.5255752  0.7593613
 1256.3 1257.9  0.4858358  6.5302029  0.7593361
 1257.9 1259.4  0.4855673  6.5348301  0.7593109
 1259.4 1261.0  0.4853156  6.5391684  0.7592872
 1261.0 1262.6  0.4850471  6.5437956  0.7592620
 1262.6 1264.2  0.4847787  6.5484228  0.7592368
 1264.2 1265.8  0.4845102  6.5530505  0.7592116
 1265.8 1267.4  0.4842417  6.5576782  0.7591864
 1267.4 1269.0  0.4839732  6.5623055  0.7591612
 1269.0 1270.6  0.4837047  6.5669327  0.7591360
 1270.6 1272.3  0.4834363  6.5715599  0.7591107
 1272.3 1273.9  0.4831510  6.5764771  0.7590839
 1273.9 1275.5  0.4828825  6.5811043  0.7590587
 1275.5 1277.1  0.4826141  6.5857315  0.7590335
 1277.1 1278.8  0.4823456  6.5903587  0.7590083
 1278.8 1280.4  0.4820603  6.5952759  0.7589815
 1280.4 1282.1  0.4817919  6.5999031  0.7589563
 1282.1 1283.7  0.4815066  6.6048193  0.7589294
 1283.7 1285.3  0.4812381  6.6094470  0.7589042
 1285.3 1287.0  0.4809696  6.6140742  0.7588790
 1287.0 1288.7  0.4806844  6.6189909  0.7588522
 1288.7 1290.3  0.4803991  6.6239076  0.7588254
 1290.3 1292.0  0.4801306  6.6285353  0.7588002
 1292.0 1293.7  0.4798454  6.6334515  0.7587734
 1293.7 1295.3  0.4795601  6.6383681  0.7587466
 1295.3 1297.0  0.4792916  6.6429958  0.7587214
 1297.0 1298.7  0.4790064  6.6479120  0.7586946
 1298.7 1300.4  0.4787211  6.6528287  0.7586678
 1300.4 1302.1  0.4784584  6.6573963  0.7586330
 1302.1 1303.8  0.4782688  6.6608276  0.7585718
 1303.8 1305.5  0.4780791  6.6642599  0.7585106
 1305.5 1307.2  0.4778895  6.6676917  0.7584495
 1307.2 1308.9  0.4776999  6.6711230  0.7583884
 1308.9 1310.6  0.4775103  6.6745553  0.7583272
 1310.6 1312.3  0.4773207  6.6779871  0.7582661
 1312.3 1314.1  0.4771311  6.6814189  0.7582049
 1314.1 1315.8  0.4769303  6.6850524  0.7581402
 1315.8 1317.5  0.4767407  6.6884842  0.7580791
 1317.5 1319.3  0.4765511  6.6919160  0.7580180
 1319.3 1321.0  0.4763503  6.6955500  0.7579532
 1321.0 1322.8  0.4761607  6.6989818  0.7578921
 1322.8 1324.5  0.4759599  6.7026153  0.7578273
 1324.5 1326.3  0.4757703  6.7060471  0.7577662
 1326.3 1328.0  0.4755695  6.7096810  0.7577015
 1328.0 1329.8  0.4753799  6.7131128  0.7576403
 1329.8 1331.6  0.4751792  6.7167463  0.7575756
 1331.6 1333.3  0.4749784  6.7203798  0.7575108
 1333.3 1335.1  0.4747888  6.7238121  0.7574497
 1335.1 1336.9  0.4745880  6.7274456  0.7573850
 1336.9 1338.7  0.4743873  6.7310791  0.7573202
 1338.7 1340.5  0.4741865  6.7347131  0.7572555
 1340.5 1342.3  0.4739857  6.7383466  0.7571908
 1342.3 1344.1  0.4737850  6.7419806  0.7571260
 1344.1 1345.9  0.4735842  6.7456141  0.7570613
 1345.9 1347.7  0.4733834  6.7492476  0.7569966
 1347.7 1349.5  0.4731826  6.7528815  0.7569318
 1349.5 1351.4  0.4729819  6.7565150  0.7568671
 1351.4 1353.2  0.4727843  6.7601562  0.7567788
 1353.2 1355.0  0.4726021  6.7635398  0.7566885
 1355.0 1356.9  0.4724198  6.7669234  0.7565982
 1356.9 1358.7  0.4722274  6.7704949  0.7565028
 1358.7 1360.5  0.4720451  6.7738781  0.7564125
 1360.5 1362.4  0.4718629  6.7772617  0.7563221
 1362.4 1364.3  0.4716704  6.7808332  0.7562268
 1364.3 1366.1  0.4714780  6.7844052  0.7561315
 1366.1 1368.0  0.4712958  6.7877884  0.7560411
 1368.0 1369.9  0.4711034  6.7913599  0.7559457
 1369.9 1371.7  0.4709110  6.7949314  0.7558504
 1371.7 1373.6  0.4707287  6.7983150  0.7557601
 1373.6 1375.5  0.4705363  6.8018866  0.7556647
 1375.5 1377.4  0.4703439  6.8054581  0.7555694
 1377.4 1379.3  0.4701515  6.8090296  0.7554740
 1379.3 1381.2  0.4699591  6.8126011  0.7553787
 1381.2 1383.1  0.4697667  6.8161726  0.7552833
 1383.1 1385.0  0.4695743  6.8197441  0.7551879
 1385.0 1387.0  0.4693819  6.8233156  0.7550926
 1387.0 1388.9  0.4691794  6.8270750  0.7549922
 1388.9 1390.8  0.4689870  6.8306470  0.7548969
 1390.8 1392.8  0.4687946  6.8342185  0.7548015
 1392.8 1394.7  0.4685921  6.8379779  0.7547011
 1394.7 1396.6  0.4683997  6.8415494  0.7546058
 1396.6 1398.6  0.4682073  6.8451209  0.7545105
 1398.6 1400.6  0.4680048  6.8488803  0.7544101
 1400.6 1402.5  0.4678079  6.8525548  0.7543017
 1402.5 1404.5  0.4676333  6.8558569  0.7541809
 1404.5 1406.5  0.4674495  6.8593330  0.7540538
 1406.5 1408.5  0.4672657  6.8628087  0.7539267
 1408.5 1410.4  0.4670820  6.8662848  0.7537996
 1410.4 1412.4  0.4669074  6.8695869  0.7536788
 1412.4 1414.4  0.4667236  6.8730631  0.7535517
 1414.4 1416.4  0.4665398  6.8765392  0.7534246
 1416.4 1418.4  0.4663561  6.8800149  0.7532974
 1418.4 1420.5  0.4661723  6.8834910  0.7531703
 1420.5 1422.5  0.4659793  6.8871408  0.7530369
 1422.5 1424.5  0.4657955  6.8906169  0.7529097
 1424.5 1426.5  0.4656118  6.8940930  0.7527826
 1426.5 1428.6  0.4654280  6.8975687  0.7526555
 1428.6 1430.6  0.4652351  6.9012184  0.7525221
 1430.6 1432.7  0.4650513  6.9046946  0.7523949
 1432.7 1434.7  0.4648583  6.9083443  0.7522615
 1434.7 1436.8  0.4646746  6.9118204  0.7521343
 1436.8 1438.8  0.4644816  6.9154701  0.7520009
 1438.8 1440.9  0.4642978  6.9189463  0.7518737
 1440.9 1443.0  0.4641049  6.9225960  0.7517403
 1443.0 1445.1  0.4639119  6.9262457  0.7516068
 1445.1 1447.2  0.4637190  6.9298954  0.7514733
 1447.2 1449.3  0.4635260  6.9335451  0.7513399
 1449.3 1451.4  0.4633330  6.9371953  0.7512063
 1451.4 1453.5  0.4631521  6.9406409  0.7510552
 1453.5 1455.6  0.4629771  6.9439850  0.7508953
 1455.6 1457.7  0.4628021  6.9473290  0.7507353
 1457.7 1459.9  0.4626271  6.9506731  0.7505754
 1459.9 1462.0  0.4624437  6.9541769  0.7504078
 1462.0 1464.1  0.4622688  6.9575210  0.7502478
 1464.1 1466.3  0.4620938  6.9608650  0.7500879
 1466.3 1468.4  0.4619105  6.9643683  0.7499202
 1468.4 1470.6  0.4617355  6.9677124  0.7497603
 1470.6 1472.8  0.4615521  6.9712157  0.7495927
 1472.8 1474.9  0.4613688  6.9747190  0.7494251
 1474.9 1477.1  0.4611938  6.9780631  0.7492651
 1477.1 1479.3  0.4610105  6.9815664  0.7490976
 1479.3 1481.5  0.4608272  6.9850698  0.7489300
 1481.5 1483.7  0.4606439  6.9885731  0.7487624
 1483.7 1485.9  0.4604605  6.9920764  0.7485948
 1485.9 1488.1  0.4602772  6.9955797  0.7484272
 1488.1 1490.3  0.4600939  6.9990830  0.7482597
 1490.3 1492.5  0.4599106  7.0025864  0.7480921
 1492.5 1494.8  0.4597273  7.0060897  0.7479245
 1494.8 1497.0  0.4595356  7.0097523  0.7477493
 1497.0 1499.3  0.4593523  7.0132556  0.7475817
 1499.3 1501.5  0.4591606  7.0169182  0.7474065
 1501.5 1503.8  0.4589890  7.0201960  0.7472210
 1503.8 1506.0  0.4588153  7.0235119  0.7470182
 1506.0 1508.3  0.4586491  7.0266838  0.7468243
 1508.3 1510.6  0.4584754  7.0300002  0.7466216
 1510.6 1512.9  0.4583017  7.0333161  0.7464189
 1512.9 1515.2  0.4581280  7.0366325  0.7462161
 1515.2 1517.5  0.4579543  7.0399485  0.7460134
 1517.5 1519.8  0.4577805  7.0432644  0.7458107
 1519.8 1522.1  0.4576068  7.0465808  0.7456080
 1522.1 1524.4  0.4574331  7.0498967  0.7454053
 1524.4 1526.7  0.4572594  7.0532131  0.7452025
 1526.7 1529.1  0.4570857  7.0565290  0.7449998
 1529.1 1531.4  0.4569044  7.0599895  0.7447882
 1531.4 1533.7  0.4567307  7.0633059  0.7445855
 1533.7 1536.1  0.4565569  7.0666218  0.7443828
 1536.1 1538.5  0.4563757  7.0700822  0.7441712
 1538.5 1540.8  0.4561944  7.0735426  0.7439597
 1540.8 1543.2  0.4560207  7.0768585  0.7437569
 1543.2 1545.6  0.4558394  7.0803189  0.7435454
 1545.6 1548.0  0.4556581  7.0837793  0.7433339
 1548.0 1550.4  0.4554769  7.0872397  0.7431223
 1550.4 1552.8  0.4552985  7.0906372  0.7429062
 1552.8 1555.2  0.4551342  7.0937219  0.7426673
 1555.2 1557.6  0.4549701  7.0968060  0.7424283
 1557.6 1560.1  0.4548059  7.0998902  0.7421894
 1560.1 1562.5  0.4546348  7.1031032  0.7419405
 1562.5 1564.9  0.4544706  7.1061873  0.7417015
 1564.9 1567.4  0.4543065  7.1092720  0.7414626
 1567.4 1569.9  0.4541354  7.1124849  0.7412137
 1569.9 1572.3  0.4539644  7.1156974  0.7409648
 1572.3 1574.8  0.4538002  7.1187820  0.7407259
 1574.8 1577.3  0.4536291  7.1219950  0.7404770
 1577.3 1579.8  0.4534581  7.1252074  0.7402281
 1579.8 1582.3  0.4532871  7.1284204  0.7399791
 1582.3 1584.8  0.4531160  7.1316333  0.7397303
 1584.8 1587.3  0.4529450  7.1348462  0.7394814
 1587.3 1589.8  0.4527740  7.1380591  0.7392325
 1589.8 1592.4  0.4526029  7.1412721  0.7389836
 1592.4 1594.9  0.4524251  7.1446133  0.7387247
 1594.9 1597.4  0.4522540  7.1478262  0.7384759
 1597.4 1600.0  0.4520830  7.1510391  0.7382270
 1600.0 1602.6  0.4519051  7.1543803  0.7379681
 1602.6 1605.1  0.4517452  7.1573071  0.7376799
 1605.1 1607.7  0.4515915  7.1601219  0.7374028
 1607.7 1610.3  0.4514316  7.1630487  0.7371146
 1610.3 1612.9  0.4512717  7.1659760  0.7368264
 1612.9 1615.5  0.4511118  7.1689034  0.7365382
 1615.5 1618.1  0.4509519  7.1718302  0.7362500
 1618.1 1620.7  0.4507921  7.1747575  0.7359619
 1620.7 1623.4  0.4506322  7.1776843  0.7356737
 1623.4 1626.0  0.4504661  7.1807241  0.7353743
 1626.0 1628.7  0.4503063  7.1836510  0.7350861
 1628.7 1631.3  0.4501402  7.1866908  0.7347869
 1631.3 1634.0  0.4499803  7.1896181  0.7344987
 1634.0 1636.7  0.4498143  7.1926575  0.7341994
 1636.7 1639.3  0.4496483  7.1956973  0.7339001
 1639.3 1642.0  0.4494884  7.1986246  0.7336119
 1642.0 1644.7  0.4493223  7.2016640  0.7333127
 1644.7 1647.4  0.4491563  7.2047038  0.7330134
 1647.4 1650.2  0.4489903  7.2077436  0.7327141
 1650.2 1652.9  0.4488197  7.2108650  0.7324014
 1652.9 1655.6  0.4486747  7.2134924  0.7320696
 1655.6 1658.4  0.4485297  7.2161202  0.7317379
 1658.4 1661.1  0.4483794  7.2188449  0.7313939
 1661.1 1663.9  0.4482344  7.2214723  0.7310621
 1663.9 1666.7  0.4480841  7.2241974  0.7307181
 1666.7 1669.4  0.4479337  7.2269220  0.7303740
 1669.4 1672.2  0.4477887  7.2295494  0.7300423
 1672.2 1675.0  0.4476384  7.2322745  0.7296983
 1675.0 1677.9  0.4474881  7.2349992  0.7293543
 1677.9 1680.7  0.4473324  7.2378211  0.7289979
 1680.7 1683.5  0.4471820  7.2405462  0.7286539
 1683.5 1686.3  0.4470316  7.2432709  0.7283099
 1686.3 1689.2  0.4468813  7.2459960  0.7279659
 1689.2 1692.0  0.4467256  7.2488179  0.7276096
 1692.0 1694.9  0.4465753  7.2515426  0.7272655
 1694.9 1697.8  0.4464195  7.2543650  0.7269092
 1697.8 1700.7  0.4462638  7.2571869  0.7265529
 1700.7 1703.6  0.4461230  7.2597451  0.7262192
 1703.6 1706.5  0.4460291  7.2614741  0.7259566
 1706.5 1709.4  0.4459352  7.2632027  0.7256939
 1709.4 1712.3  0.4458412  7.2649312  0.7254313
 1712.3 1715.3  0.4457473  7.2666602  0.7251686
 1715.3 1718.2  0.4456501  7.2684484  0.7248969
 1718.2 1721.2  0.4455562  7.2701774  0.7246343
 1721.2 1724.1  0.4454590  7.2719655  0.7243626
 1724.1 1727.1  0.4453651  7.2736945  0.7240999
 1727.1 1730.1  0.4452679  7.2754827  0.7238283
 1730.1 1733.1  0.4451707  7.2772708  0.7235565
 1733.1 1736.1  0.4450736  7.2790594  0.7232848
 1736.1 1739.1  0.4449764  7.2808475  0.7230131
 1739.1 1742.2  0.4448792  7.2826362  0.7227414
 1742.2 1745.2  0.4447788  7.2844839  0.7224607
 1745.2 1748.3  0.4446816  7.2862725  0.7221889
 1748.3 1751.3  0.4445812  7.2881203  0.7219082
 1751.3 1754.4  0.4444840  7.2899089  0.7216365
 1754.4 1757.5  0.4443804  7.2918296  0.7213353
 1757.5 1760.6  0.4442553  7.2942414  0.7208960
 1760.6 1763.7  0.4441302  7.2966533  0.7204568
 1763.7 1766.8  0.4440050  7.2990651  0.7200175
 1766.8 1769.9  0.4438799  7.3014774  0.7195782
 1769.9 1773.0  0.4437547  7.3038893  0.7191390
 1773.0 1776.2  0.4436403  7.3061781  0.7186854
 1776.2 1779.4  0.4435225  7.3085365  0.7182168
 1779.4 1782.5  0.4434048  7.3108950  0.7177482
 1782.5 1785.7  0.4432907  7.3131800  0.7172942
 1785.7 1788.9  0.4431730  7.3155384  0.7168255
 1788.9 1792.1  0.4430660  7.3177810  0.7163427
 1792.1 1795.3  0.4429603  7.3200116  0.7158584
 1795.3 1798.6  0.4428545  7.3222427  0.7153741
 1798.6 1801.8  0.4427454  7.3245430  0.7148746
 1801.8 1805.1  0.4426396  7.3267736  0.7143903
 1805.1 1808.3  0.4425403  7.3290133  0.7138594
 1808.3 1811.6  0.4424446  7.3311815  0.7133427
 1811.6 1814.9  0.4423459  7.3334179  0.7128099
 1814.9 1818.2  0.4422471  7.3356538  0.7122771
 1818.2 1821.5  0.4421495  7.3378778  0.7117441
 1821.5 1824.8  0.4420677  7.3399177  0.7112095
 1824.8 1828.2  0.4419861  7.3419576  0.7106750
 1828.2 1831.5  0.4419019  7.3440595  0.7101243
 1831.5 1834.9  0.4418202  7.3460994  0.7095898
 1834.9 1838.2  0.4417360  7.3482008  0.7090390
 1838.2 1841.6  0.4416690  7.3501158  0.7084861
 1841.6 1845.0  0.4416004  7.3520851  0.7079158
 1845.0 1848.4  0.4415318  7.3540540  0.7073454
 1848.4 1851.9  0.4414632  7.3560233  0.7067751
 1851.9 1855.3  0.4413926  7.3580503  0.7061880
 1855.3 1858.7  0.4413389  7.3599429  0.7055807
 1858.7 1862.2  0.4412856  7.3618331  0.7049722
 1862.2 1865.7  0.4412308  7.3637791  0.7043458
 1865.7 1869.2  0.4411759  7.3657250  0.7037194
 1869.2 1872.7  0.4411222  7.3676605  0.7030928
 1872.7 1876.2  0.4410871  7.3694181  0.7024621
 1876.2 1879.7  0.4410519  7.3711762  0.7018315
 1879.7 1883.2  0.4410168  7.3729339  0.7012008
 1883.2 1886.8  0.4409817  7.3746915  0.7005702
 1886.8 1890.4  0.4409455  7.3764997  0.6999214
 1890.4 1893.9  0.4409283  7.3781791  0.6992498
 1893.9 1897.5  0.4409127  7.3798046  0.6985955
 1897.5 1901.1  0.4408966  7.3814764  0.6979225
 1901.1 1904.8  0.4408805  7.3831482  0.6972495
 1904.8 1908.4  0.4408640  7.3848662  0.6965578
 1908.4 1912.0  0.4408685  7.3864503  0.6958420
 1912.0 1915.7  0.4408742  7.3880291  0.6951238
 1915.7 1919.4  0.4408800  7.3896513  0.6943856
 1919.4 1923.1  0.4408859  7.3912740  0.6936474
 1923.1 1926.8  0.4408924  7.3928919  0.6929091
 1926.8 1930.5  0.4409213  7.3943353  0.6921633
 1930.5 1934.2  0.4409502  7.3957782  0.6914175
 1934.2 1938.0  0.4409792  7.3972216  0.6906717
 1938.0 1941.7  0.4410089  7.3987041  0.6899058
 1941.7 1945.5  0.4410378  7.4001474  0.6891601
 1945.5 1949.3  0.4410911  7.4015021  0.6883665
 1949.3 1953.1  0.4411463  7.4028463  0.6875705
 1953.1 1956.9  0.4412016  7.4041905  0.6867746
 1956.9 1960.8  0.4412569  7.4055347  0.6859786
 1960.8 1964.6  0.4413136  7.4069147  0.6851617
 1964.6 1968.5  0.4413950  7.4081640  0.6843162
 1968.5 1972.4  0.4414800  7.4094410  0.6834455
 1972.4 1976.3  0.4415649  7.4107180  0.6825749
 1976.3 1980.2  0.4416499  7.4119945  0.6817042
 1980.2 1984.1  0.4417360  7.4132638  0.6808332
 1984.1 1988.1  0.4418413  7.4143901  0.6799557
 1988.1 1992.0  0.4419494  7.4155455  0.6790556
 1992.0 1996.0  0.4420547  7.4166718  0.6781780
 1996.0 2000.0  0.4421628  7.4178267  0.6772779
 2000.0 2004.0  0.4422708  7.4189820  0.6763778
 2004.0 2008.0  0.4424010  7.4200597  0.6754262
 2008.0 2012.1  0.4425311  7.4211373  0.6744745
 2012.1 2016.1  0.4426645  7.4222417  0.6734992
 2016.1 2020.2  0.4427947  7.4233193  0.6725475
 2020.2 2024.3  0.4429286  7.4244184  0.6715720
 2024.3 2028.4  0.4430726  7.4254136  0.6705947
 2028.4 2032.5  0.4432167  7.4264088  0.6696174
 2032.5 2036.7  0.4433607  7.4274039  0.6686401
 2036.7 2040.8  0.4435081  7.4284234  0.6676389
 2040.8 2045.0  0.4436522  7.4294186  0.6666616
 2045.0 2049.2  0.4438080  7.4303799  0.6656381
 2049.2 2053.4  0.4439642  7.4313383  0.6646136
 2053.4 2057.6  0.4441204  7.4322968  0.6635891
 2057.6 2061.9  0.4442767  7.4332552  0.6625645
 2061.9 2066.1  0.4444366  7.4342360  0.6615157
 2066.1 2070.4  0.4445991  7.4351811  0.6604469
 2070.4 2074.7  0.4447657  7.4361482  0.6593519
 2074.7 2079.0  0.4449322  7.4371152  0.6582567
 2079.0 2083.3  0.4450988  7.4380822  0.6571615
 2083.3 2087.7  0.4452650  7.4390483  0.6560652
 2087.7 2092.1  0.4454312  7.4400277  0.6549277
 2092.1 2096.4  0.4455974  7.4410071  0.6537902
 2096.4 2100.8  0.4457599  7.4419641  0.6526787
 2100.8 2105.3  0.4459261  7.4429436  0.6515412
 2105.3 2109.7  0.4460950  7.4439449  0.6503786
 2109.7 2114.2  0.4462465  7.4449239  0.6492525
 2114.2 2118.6  0.4464013  7.4459248  0.6481007
 2118.6 2123.1  0.4465528  7.4469037  0.6469745
 2123.1 2127.7  0.4467076  7.4479046  0.6458228
 2127.7 2132.2  0.4468659  7.4489279  0.6446454
 2132.2 2136.8  0.4470030  7.4499798  0.6434842
 2136.8 2141.3  0.4471418  7.4510589  0.6422964
 2141.3 2145.9  0.4472775  7.4521141  0.6411345
 2145.9 2150.5  0.4474163  7.4531932  0.6399468
 2150.5 2155.2  0.4475551  7.4542723  0.6387590
 2155.2 2159.8  0.4476763  7.4555335  0.6374690
 2159.8 2164.5  0.4477926  7.4567871  0.6361974
 2164.5 2169.2  0.4479114  7.4580674  0.6348984
 2169.2 2173.9  0.4480301  7.4593477  0.6335992
 2173.9 2178.6  0.4481489  7.4606280  0.6323001
 2178.6 2183.4  0.4482199  7.4618540  0.6311696
 2183.4 2188.2  0.4482914  7.4631052  0.6300188
 2188.2 2193.0  0.4483628  7.4643564  0.6288681
 2193.0 2197.8  0.4484343  7.4656076  0.6277173
 2197.8 2202.6  0.4485058  7.4668584  0.6265665
 2202.6 2207.5  0.4485538  7.4683237  0.6253203
 2207.5 2212.4  0.4485826  7.4700046  0.6239656
 2212.4 2217.3  0.4486115  7.4716854  0.6226109
 2217.3 2222.2  0.4486403  7.4733663  0.6212562
 2222.2 2227.2  0.4486667  7.4750533  0.6199044
 2227.2 2232.1  0.4486334  7.4769216  0.6185946
 2232.1 2237.1  0.4486009  7.4787521  0.6173109
 2237.1 2242.2  0.4485676  7.4806204  0.6160011
 2242.2 2247.2  0.4485337  7.4825263  0.6146651
 2247.2 2252.3  0.4484975  7.4844041  0.6133569
 2252.3 2257.3  0.4483885  7.4865627  0.6120638
 2257.3 2262.4  0.4482817  7.4886789  0.6107960
 2262.4 2267.6  0.4481727  7.4908376  0.6095029
 2267.6 2272.7  0.4480616  7.4930387  0.6081844
 2272.7 2277.9  0.4479526  7.4951973  0.6068913
 2277.9 2283.1  0.4477507  7.4977832  0.6055725
 2283.1 2288.3  0.4475432  7.5003924  0.6042536
 2288.3 2293.6  0.4473357  7.5030022  0.6029348
 2293.6 2298.9  0.4471242  7.5056615  0.6015905
 2298.9 2304.1  0.4469128  7.5083213  0.6002464
 2304.1 2309.5  0.4466061  7.5112877  0.5989828
 2309.5 2314.8  0.4462856  7.5143752  0.5976717
 2314.8 2320.2  0.4459710  7.5174060  0.5963849
 2320.2 2325.6  0.4456505  7.5204935  0.5950739
 2325.6 2331.0  0.4453299  7.5235810  0.5937629
 2331.0 2336.4  0.4448839  7.5271983  0.5924686
 2336.4 2341.9  0.4444278  7.5308576  0.5911757
 2341.9 2347.4  0.4439632  7.5345845  0.5898589
 2347.4 2352.9  0.4434986  7.5383115  0.5885420
 2352.9 2358.5  0.4430341  7.5420389  0.5872251
 2358.5 2364.1  0.4424185  7.5464287  0.5859388
 2364.1 2369.7  0.4418004  7.5508289  0.5846533
 2369.7 2375.3  0.4411823  7.5552292  0.5833679
 2375.3 2381.0  0.4405642  7.5596299  0.5820825
 2381.0 2386.6  0.4399350  7.5641088  0.5807742
 2386.6 2392.3  0.4392190  7.5690875  0.5795826
 2392.3 2398.1  0.4384903  7.5741549  0.5783698
 2398.1 2403.8  0.4377488  7.5793114  0.5771357
 2403.8 2409.6  0.4370201  7.5843787  0.5759228
 2409.6 2415.5  0.4362786  7.5895348  0.5746887
 2415.5 2421.3  0.4354905  7.5955729  0.5735126
 2421.3 2427.2  0.4347134  7.6015654  0.5723621
 2427.2 2433.1  0.4339230  7.6076608  0.5711918
 2433.1 2439.0  0.4331325  7.6137567  0.5700215
 2439.0 2445.0  0.4323420  7.6198521  0.5688511
 2445.0 2451.0  0.4316331  7.6268644  0.5678039
 2451.0 2457.0  0.4309242  7.6338773  0.5667567
 2457.0 2463.1  0.4302153  7.6408896  0.5657095
 2463.1 2469.1  0.4294946  7.6480193  0.5646448
 2469.1 2475.2  0.4287894  7.6550465  0.5636006
 2475.2 2481.4  0.4282954  7.6630654  0.5627205
 2481.4 2487.6  0.4277933  7.6712160  0.5618259
 2487.6 2493.8  0.4272912  7.6793671  0.5609313
 2493.8 2500.0  0.4267890  7.6875176  0.5600367
 2500.0 2506.3  0.4262869  7.6956682  0.5591422
 2506.3 2512.6  0.4261530  7.7047825  0.5584747
 2512.6 2518.9  0.4260191  7.7138968  0.5578073
 2518.9 2525.3  0.4258852  7.7230105  0.5571398
 2525.3 2531.6  0.4257492  7.7322693  0.5564618
 2531.6 2538.1  0.4256153  7.7413836  0.5557943
 2538.1 2544.5  0.4259904  7.7519479  0.5553653
 2544.5 2551.0  0.4263928  7.7624245  0.5549597
 2551.0 2557.5  0.4268015  7.7730651  0.5545477
 2557.5 2564.1  0.4272103  7.7837057  0.5541357
 2564.1 2570.7  0.4276368  7.7945309  0.5537226
 2570.7 2577.3  0.4288096  7.8067060  0.5536509
 2577.3 2584.0  0.4299823  7.8188810  0.5535793
 2584.0 2590.7  0.4311729  7.8312407  0.5535065
 2590.7 2597.4  0.4323634  7.8436003  0.5534337
 2597.4 2604.2  0.4336060  7.8560123  0.5533846
 2604.2 2611.0  0.4357002  7.8694510  0.5537127
 2611.0 2617.8  0.4377944  7.8828893  0.5540408
 2617.8 2624.7  0.4398885  7.8963280  0.5543690
 2624.7 2631.6  0.4420135  7.9099636  0.5547019
 2631.6 2638.5  0.4441385  7.9236002  0.5550349
 2638.5 2645.5  0.4472606  7.9384794  0.5557609
 2645.5 2652.5  0.4504904  7.9536529  0.5565219
 2652.5 2659.6  0.4537201  7.9688258  0.5572830
 2659.6 2666.7  0.4569960  7.9842157  0.5580549
 2666.7 2673.8  0.4602718  7.9996052  0.5588268
 2673.8 2681.0  0.4644460  8.0155478  0.5599148
 2681.0 2688.2  0.4687192  8.0317392  0.5610324
 2688.2 2695.4  0.4729923  8.0479307  0.5621498
 2695.4 2702.7  0.4772654  8.0641222  0.5632674
 2702.7 2710.0  0.4815980  8.0805378  0.5644004
 2710.0 2717.4  0.4866942  8.0968313  0.5657417
 2717.4 2724.8  0.4918932  8.1133423  0.5671104
 2724.8 2732.2  0.4970924  8.1298532  0.5684792
 2732.2 2739.7  0.5022914  8.1463633  0.5698479
 2739.7 2747.3  0.5075608  8.1630974  0.5712352
 2747.3 2754.8  0.5135162  8.1791439  0.5727263
 2754.8 2762.4  0.5194181  8.1949415  0.5742012
 2762.4 2770.1  0.5253987  8.2109489  0.5756958
 2770.1 2777.8  0.5314581  8.2271690  0.5772101
 2777.8 2785.5  0.5375174  8.2433872  0.5787244
 2785.5 2793.3  0.5440104  8.2577982  0.5801800
 2793.3 2801.1  0.5505995  8.2723475  0.5816529
 2801.1 2809.0  0.5571886  8.2868967  0.5831259
 2809.0 2816.9  0.5638621  8.3016329  0.5846177
 2816.9 2824.9  0.5705355  8.3163681  0.5861095
 2824.9 2832.9  0.5776114  8.3284893  0.5874030
 2832.9 2840.9  0.5846913  8.3405743  0.5886937
 2840.9 2849.0  0.5917712  8.3526602  0.5899845
 2849.0 2857.1  0.5989398  8.3648968  0.5912914
 2857.1 2865.3  0.6061060  8.3770790  0.5925927
 2865.3 2873.6  0.6131755  8.3850698  0.5934630
 2873.6 2881.8  0.6203313  8.3931589  0.5943438
 2881.8 2890.2  0.6274009  8.4011497  0.5952141
 2890.2 2898.6  0.6346428  8.4093351  0.5961056
 2898.6 2907.0  0.6418849  8.4175205  0.5969971
 2907.0 2915.5  0.6490152  8.4205132  0.5972849
 2915.5 2924.0  0.6562248  8.4232779  0.5975455
 2924.0 2932.6  0.6634344  8.4260435  0.5978062
 2932.6 2941.2  0.6707289  8.4288416  0.5980699
 2941.2 2949.9  0.6780098  8.4314899  0.5983164
 2949.9 2958.6  0.6848074  8.4278278  0.5978318
 2958.6 2967.4  0.6916051  8.4241667  0.5973474
 2967.4 2976.2  0.6984807  8.4204626  0.5968572
 2976.2 2985.1  0.7053564  8.4167595  0.5963672
 2985.1 2994.0  0.7123045  8.4129362  0.5958637
 2994.0 3003.0  0.7187368  8.4023619  0.5946693
 3003.0 3012.0  0.7252415  8.3916683  0.5934615
 3012.0 3021.1  0.7317461  8.3809748  0.5922537
 3021.1 3030.3  0.7383231  8.3701620  0.5910324
 3030.3 3039.5  0.7449488  8.3590193  0.5897808
 3039.5 3048.8  0.7508789  8.3416004  0.5880243
 3048.8 3058.1  0.7568736  8.3239927  0.5862486
 3058.1 3067.5  0.7628682  8.3063841  0.5844730
 3067.5 3076.9  0.7689273  8.2885876  0.5826783
 3076.9 3086.4  0.7749863  8.2707901  0.5808836
 3086.4 3096.0  0.7804503  8.2459927  0.5786807
 3096.0 3105.6  0.7859648  8.2208614  0.5764505
 3105.6 3115.3  0.7914793  8.1957293  0.5742203
 3115.3 3125.0  0.7970511  8.1703367  0.5719669
 3125.0 3134.8  0.8026230  8.1449432  0.5697135
 3134.8 3144.7  0.8073593  8.1134329  0.5673152
 3144.7 3154.6  0.8121439  8.0816021  0.5648925
 3154.6 3164.6  0.8169286  8.0497694  0.5624697
 3164.6 3174.6  0.8217615  8.0176163  0.5600225
 3174.6 3184.7  0.8265944  7.9854636  0.5575753
 3184.7 3194.9  0.8306486  7.9469738  0.5551519
 3194.9 3205.1  0.8347085  7.9078526  0.5527064
 3205.1 3215.4  0.8387685  7.8687301  0.5502608
 3215.4 3225.8  0.8428681  7.8292260  0.5477914
 3225.8 3236.2  0.8469381  7.7888813  0.5453166
 3236.2 3246.8  0.8501728  7.7430754  0.5430667
 3246.8 3257.3  0.8534697  7.6963878  0.5407735
 3257.3 3268.0  0.8567356  7.6501408  0.5385019
 3268.0 3278.7  0.8600636  7.6030135  0.5361871
 3278.7 3289.5  0.8630961  7.5540762  0.5339792
 3289.5 3300.3  0.8655927  7.5012250  0.5319549
 3300.3 3311.3  0.8680893  7.4483738  0.5299306
 3311.3 3322.3  0.8706321  7.3945441  0.5278688
 3322.3 3333.3  0.8731750  7.3407145  0.5258070
 3333.3 3344.5  0.8751681  7.2836614  0.5239511
 3344.5 3355.7  0.8770155  7.2245040  0.5221297
 3355.7 3367.0  0.8788628  7.1653466  0.5203082
 3367.0 3378.4  0.8807267  7.1056604  0.5184705
 3378.4 3389.8  0.8823609  7.0493441  0.5167947
 3389.8 3401.4  0.8834162  7.0021954  0.5155385
 3401.4 3413.0  0.8844899  6.9542212  0.5142602
 3413.0 3424.7  0.8855636  6.9062462  0.5129819
 3424.7 3436.4  0.8866466  6.8578577  0.5116926
 3436.4 3448.3  0.8885927  6.6918054  0.5080940
 3448.3 3460.2  0.8905951  6.5197611  0.5043720
 3460.2 3472.2  0.8913114  6.4356351  0.5026746
 3472.2 3484.3  0.8918177  6.3655763  0.5013031
 3484.3 3496.5  0.8923281  6.2949333  0.4999203
 3496.5 3508.8  0.8928428  6.2237077  0.4985260
 3508.8 3521.1  0.8933617  6.1518974  0.4971202
 3521.1 3533.6  0.8938807  6.0800867  0.4957145
 3533.6 3546.1  0.8944080  6.0071092  0.4942859
 3546.1 3558.7  0.8949354  5.9341316  0.4928573
 3558.7 3571.4  0.8952370  5.8610697  0.4915379
 3571.4 3584.2  0.8954371  5.7876530  0.4902625
 3584.2 3597.1  0.8956388  5.7136574  0.4889770
 3597.1 3610.1  0.8958420  5.6390829  0.4876815
 3610.1 3623.2  0.8960469  5.5639315  0.4863759
 3623.2 3636.4  0.8962533  5.4882030  0.4850603
 3636.4 3649.6  0.8964613  5.4118953  0.4837347
 3649.6 3663.0  0.8966693  5.3355865  0.4824091
 3663.0 3676.5  0.8966982  5.2612457  0.4812239
 3676.5 3690.0  0.8967217  5.1864467  0.4800349
 3690.0 3703.7  0.8967451  5.1116476  0.4788458
 3703.7 3717.5  0.8967689  5.0357404  0.4776392
 3717.5 3731.3  0.8967929  4.9592786  0.4764238
 3731.3 3745.3  0.8968169  4.8828168  0.4752083
 3745.3 3759.4  0.8968412  4.8052473  0.4739752
 3759.4 3773.6  0.8968188  4.7309632  0.4728485
 3773.6 3787.9  0.8967725  4.6580834  0.4717717
 3787.9 3802.3  0.8967260  4.5846925  0.4706873
 3802.3 3816.8  0.8966790  4.5107865  0.4695953
 3816.8 3831.4  0.8966318  4.4363680  0.4684958
 3831.4 3846.2  0.8965843  4.3614373  0.4673887
 3846.2 3861.0  0.8965361  4.2854791  0.4662664
 3861.0 3876.0  0.8965017  4.2151685  0.4652702
 3876.0 3891.1  0.8964716  4.1458855  0.4643048
 3891.1 3906.2  0.8964413  4.0761404  0.4633329
 3906.2 3921.6  0.8964111  4.0063963  0.4623611
 3921.6 3937.0  0.8963802  3.9352651  0.4613699
 3937.0 3952.6  0.8963494  3.8641353  0.4603787
 3952.6 3968.3  0.8963286  3.7934659  0.4593997
 3968.3 3984.1  0.8963603  3.7293143  0.4585405
 3984.1 4000.0  0.8963923  3.6647537  0.4576758
 4000.0 4016.1  0.8964245  3.5997851  0.4568056
 4016.1 4032.3  0.8964571  3.5339985  0.4559245
 4032.3 4048.6  0.8964899  3.4678040  0.4550380
 4048.6 4065.0  0.8965228  3.4012003  0.4541459
 4065.0 4081.6  0.8966343  3.3419876  0.4533635
 4081.6 4098.4  0.8967544  3.2827890  0.4525824
 4098.4 4115.2  0.8968760  3.2228782  0.4517919
 4115.2 4132.2  0.8969976  3.1629655  0.4510013
 4132.2 4149.4  0.8971207  3.1023407  0.4502015
 4149.4 4166.7  0.8972452  3.0410037  0.4493921
 4166.7 4184.1  0.8974494  2.9872117  0.4486800
 4184.1 4201.7  0.8976578  2.9333956  0.4479674
 4201.7 4219.4  0.8978684  2.8789604  0.4472466
 4219.4 4237.3  0.8980803  2.8242168  0.4465217
 4237.3 4255.3  0.8982946  2.7688544  0.4457886
 4255.3 4273.5  0.8985255  2.7153065  0.4450772
 4273.5 4291.8  0.8987966  2.6663108  0.4444200
 4291.8 4310.3  0.8990691  2.6170468  0.4437592
 4310.3 4329.0  0.8993446  2.5672441  0.4430913
 4329.0 4347.8  0.8996230  2.5169022  0.4424161
 4347.8 4366.8  0.8999029  2.4662921  0.4417373
 4366.8 4386.0  0.9002073  2.4207890  0.4411154
 4386.0 4405.3  0.9005177  2.3755534  0.4404954
 4405.3 4424.8  0.9008297  2.3300834  0.4398723
 4424.8 4444.4  0.9011449  2.2841415  0.4392427
 4444.4 4464.3  0.9014618  2.2379639  0.4386098
 4464.3 4484.3  0.9017907  2.1951251  0.4380114
 4484.3 4504.5  0.9021241  2.1536629  0.4374273
 4504.5 4524.9  0.9024608  2.1117857  0.4368374
 4524.9 4545.5  0.9028009  2.0694945  0.4362416
 4545.5 4566.2  0.9031442  2.0267885  0.4356400
 4566.2 4587.2  0.9034957  1.9877532  0.4350774
 4587.2 4608.3  0.9038540  1.9492456  0.4345184
 4608.3 4629.6  0.9042140  1.9105552  0.4339567
 4629.6 4651.2  0.9045774  1.8714969  0.4333897
 4651.2 4672.9  0.9049463  1.8321332  0.4328174
 4672.9 4694.8  0.9053243  1.7967583  0.4322870
 4694.8 4717.0  0.9057059  1.7610570  0.4317518
 4717.0 4739.3  0.9060926  1.7248663  0.4312093
 4739.3 4761.9  0.9064811  1.6885130  0.4306643
 4761.9 4784.7  0.9068789  1.6537402  0.4301339
 4784.7 4807.7  0.9072840  1.6205368  0.4296187
 4807.7 4830.9  0.9076925  1.5870427  0.4290991
 4830.9 4854.4  0.9081045  1.5532577  0.4285749
 4854.4 4878.0  0.9085234  1.5196944  0.4280508
 4878.0 4902.0  0.9089504  1.4888617  0.4275544
 4902.0 4926.1  0.9093847  1.4575064  0.4270496
 4926.1 4950.5  0.9098207  1.4260204  0.4265428
 4950.5 4975.1  0.9102623  1.3942078  0.4260303
 4975.1 5000.0  0.9107156  1.3652749  0.4255457
 5000.0 5025.1  0.9111744  1.3359894  0.4250552
 5025.1 5050.5  0.9116369  1.3064684  0.4245608
 5050.5 5076.1  0.9121051  1.2766522  0.4240610
 5076.1 5102.0  0.9125856  1.2494859  0.4235861
 5102.0 5128.2  0.9130718  1.2220012  0.4231055
 5128.2 5154.6  0.9135635  1.1941980  0.4226195
 5154.6 5181.3  0.9140607  1.1666572  0.4221342
 5181.3 5208.3  0.9145717  1.1410776  0.4216653
 5208.3 5235.6  0.9150884  1.1152104  0.4211912
 5235.6 5263.2  0.9156109  1.0890554  0.4207117
 5263.2 5291.0  0.9161444  1.0638614  0.4202385
 5291.0 5319.1  0.9166876  1.0398563  0.4197744
 5319.1 5347.6  0.9172367  1.0155920  0.4193054
 5347.6 5376.3  0.9177935  0.9909823  0.4188296
 5376.3 5405.4  0.9183661  0.9685385  0.4183710
 5405.4 5434.8  0.9189477  0.9459980  0.4179078
 5434.8 5464.5  0.9195353  0.9232251  0.4174398
 5464.5 5494.5  0.9201363  0.9014673  0.4169773
 5494.5 5524.9  0.9207511  0.8808110  0.4165209
 5524.9 5555.6  0.9213741  0.8598794  0.4160584
 5555.6 5586.6  0.9220065  0.8392088  0.4155949
 5586.6 5618.0  0.9226591  0.8204542  0.4151432
 5618.0 5649.7  0.9233202  0.8014578  0.4146857
 5649.7 5681.8  0.9239875  0.7822796  0.4142238
 5681.8 5714.3  0.9246801  0.7652602  0.4137740
 5714.3 5747.1  0.9253814  0.7480516  0.4133188
 5747.1 5780.3  0.9260892  0.7306839  0.4128593
 5780.3 5814.0  0.9268187  0.7150118  0.4124084
 5814.0 5848.0  0.9275604  0.6992887  0.4119520
 5848.0 5882.4  0.9283087  0.6834258  0.4114916
 5882.4 5917.2  0.9290768  0.6690423  0.4110380
 5917.2 5952.4  0.9298545  0.6545955  0.4105799
 5952.4 5988.0  0.9306417  0.6400825  0.4101174
 5988.0 6024.1  0.9314464  0.6267813  0.4096596
 6024.1 6060.6  0.9322625  0.6132933  0.4091954
 6060.6 6097.6  0.9330894  0.6000046  0.4087286
 6097.6 6135.0  0.9339325  0.5873972  0.4082617
 6135.0 6172.8  0.9347847  0.5746536  0.4077897
 6172.8 6211.2  0.9356486  0.5623505  0.4073168
 6211.2 6250.0  0.9365278  0.5502374  0.4068391
 6250.0 6289.3  0.9374163  0.5379983  0.4063565
 6289.3 6329.1  0.9383181  0.5263283  0.4058726
 6329.1 6369.4  0.9392313  0.5145096  0.4053826
 6369.4 6410.3  0.9401557  0.5027806  0.4048880
 6410.3 6451.6  0.9410935  0.4911371  0.4043877
 6451.6 6493.5  0.9420403  0.4793900  0.4038826
 6493.5 6535.9  0.9429977  0.4677310  0.4033715
 6535.9 6578.9  0.9439665  0.4559329  0.4028542
 6578.9 6622.5  0.9449447  0.4439903  0.4023293
 6622.5 6666.7  0.9459345  0.4318923  0.4017970
 6666.7 6711.4  0.9469342  0.4195470  0.4012563
 6711.4 6756.8  0.9479391  0.4069276  0.4007080
 6756.8 6802.7  0.9489577  0.3940399  0.4001503
 6802.7 6849.3  0.9499761  0.3806052  0.3995825
 6849.3 6896.6  0.9510100  0.3669657  0.3990062
 6896.6 6944.4  0.9520428  0.3525232  0.3984152
 6944.4 6993.0  0.9530861  0.3379192  0.3978179
 6993.0 7042.3  0.9541299  0.3226325  0.3972057
 7042.3 7092.2  0.9551864  0.3070679  0.3965842
 7092.2 7142.9  0.9562377  0.2910821  0.3959514
 7142.9 7194.2  0.9573023  0.2747974  0.3953079
 7194.2 7246.4  0.9583584  0.2582798  0.3946541
 7246.4 7299.3  0.9594296  0.2414662  0.3939883
 7299.3 7352.9  0.9604884  0.2246071  0.3933118
 7352.9 7407.4  0.9615576  0.2075623  0.3926262
 7407.4 7462.7  0.9626126  0.1906603  0.3919282
 7462.7 7518.8  0.9636739  0.1736784  0.3912201
 7518.8 7575.8  0.9647195  0.1570237  0.3905020
 7575.8 7633.6  0.9657602  0.1405813  0.3897731
 7633.6 7692.3  0.9667889  0.1244964  0.3890348
 7692.3 7751.9  0.9677918  0.1091982  0.3882872
 7751.9 7812.5  0.9687914  0.0941327  0.3875291
 7812.5 7874.0  0.9697393  0.0806452  0.3867626
 7874.0 7936.5  0.9706681  0.0678900  0.3859871
 7936.5 8000.0  0.9715594  0.0564086  0.3852029
 8000.0 8064.5  0.9723830  0.0471302  0.3844126
 8064.5 8130.1  0.9731687  0.0392028  0.3836140
 8130.1 8196.7  0.9738688  0.0340948  0.3828101
 8196.7 8264.5  0.9744713  0.0321908  0.3820034
 8264.5 8333.3  0.9749976  0.0329036  0.3811898
 8333.3 8403.4  0.9753824  0.0382050  0.3803777
 8403.4 8474.6  0.9755988  0.0490350  0.3795661
 8474.6 8547.0  0.9757629  0.0617590  0.3787470
 8547.0 8620.7  0.9759297  0.0746977  0.3779140
 8620.7 8695.7  0.9760996  0.0878686  0.3770660
 8695.7 8771.9  0.9762724  0.1012719  0.3762031
 8771.9 8849.6  0.9764480  0.1148896  0.3753265
 8849.6 8928.6  0.9766271  0.1287752  0.3744325
 8928.6 9009.0  0.9768091  0.1428933  0.3735236
 9009.0 9090.9  0.9769943  0.1572617  0.3725986
 9090.9 9174.3  0.9771830  0.1718981  0.3716563
 9174.3 9259.3  0.9773752  0.1868024  0.3706968
 9259.3 9345.8  0.9775711  0.2019928  0.3697188
 9345.8 9434.0  0.9777704  0.2174512  0.3687236
 9434.0 9523.8  0.9779736  0.2332134  0.3677089
 9523.8 9615.4  0.9781806  0.2492616  0.3666757
 9615.4 9708.7  0.9783916  0.2656315  0.3656218
 9708.7 9803.9  0.9786066  0.2823051  0.3645484
 9803.9 9901.0  0.9788260  0.2993183  0.3634531
 9901.0 9911.0  0.9790498  0.3166710  0.3623360
