 1176.5 1177.9  0.3240764 34.0641899  0.9372590
 1177.9 1179.2  0.3238642 34.0919800  0.9372871
 1179.2 1180.6  0.3236671 34.1177826  0.9373131
 1180.6 1182.0  0.3234548 34.1455765  0.9373413
 1182.0 1183.4  0.3232425 34.1733665  0.9373693
 1183.4 1184.8  0.3230303 34.2011566  0.9373974
 1184.8 1186.2  0.3228180 34.2289505  0.9374256
 1186.2 1187.6  0.3226057 34.2567368  0.9374536
 1187.6 1189.1  0.3223934 34.2845306  0.9374817
 1189.1 1190.5  0.3221660 34.3143044  0.9375118
 1190.5 1191.9  0.3219537 34.3420982  0.9375399
 1191.9 1193.3  0.3217415 34.3698883  0.9375679
 1193.3 1194.7  0.3215292 34.3976784  0.9375961
 1194.7 1196.2  0.3213170 34.4254684  0.9376242
 1196.2 1197.6  0.3210895 34.4552422  0.9376543
 1197.6 1199.0  0.3208772 34.4830360  0.9376823
 1199.0 1200.5  0.3206650 34.5108261  0.9377104
 1200.5 1201.9  0.3204375 34.5406036  0.9377405
 1201.9 1203.4  0.3202253 34.5683937  0.9377686
 1203.4 1204.8  0.3199978 34.5981674  0.9377987
 1204.8 1206.3  0.3197856 34.6259613  0.9378268
 1206.3 1207.7  0.3195581 34.6557350  0.9378569
 1207.7 1209.2  0.3193459 34.6835251  0.9378850
 1209.2 1210.7  0.3191184 34.7133026  0.9379151
 1210.7 1212.1  0.3188910 34.7430763  0.9379452
 1212.1 1213.6  0.3186787 34.7708664  0.9379733
 1213.6 1215.1  0.3184513 34.8006439  0.9380034
 1215.1 1216.5  0.3182239 34.8304214  0.9380335
 1216.5 1218.0  0.3180116 34.8582115  0.9380615
 1218.0 1219.5  0.3177842 34.8879852  0.9380916
 1219.5 1221.0  0.3175567 34.9177628  0.9381217
 1221.0 1222.5  0.3173293 34.9475403  0.9381518
 1222.5 1224.0  0.3171019 34.9773140  0.9381819
 1224.0 1225.5  0.3168744 35.0070915  0.9382120
 1225.5 1227.0  0.3166470 35.0368652  0.9382421
 1227.0 1228.5  0.3164196 35.0666428  0.9382722
 1228.5 1230.0  0.3161921 35.0964165  0.9383023
 1230.0 1231.5  0.3159647 35.1261940  0.9383324
 1231.5 1233.0  0.3157373 35.1559677  0.9383625
 1233.0 1234.6  0.3155098 35.1857452  0.9383926
 1234.6 1236.1  0.3152672 35.2175064  0.9384247
 1236.1 1237.6  0.3150398 35.2472801  0.9384548
 1237.6 1239.2  0.3148124 35.2770576  0.9384849
 1239.2 1240.7  0.3145698 35.3088188  0.9385170
 1240.7 1242.2  0.3143423 35.3385925  0.9385471
 1242.2 1243.8  0.3141149 35.3683701  0.9385772
 1243.8 1245.3  0.3138723 35.4001312  0.9386093
 1245.3 1246.9  0.3136449 35.4299088  0.9386394
 1246.9 1248.4  0.3134023 35.4616699  0.9386715
 1248.4 1250.0  0.3131749 35.4914436  0.9387016
 1250.0 1251.6  0.3129323 35.5232048  0.9387337
 1251.6 1253.1  0.3126897 35.5549660  0.9387658
 1253.1 1254.7  0.3124622 35.5847397  0.9387959
 1254.7 1256.3  0.3122196 35.6165009  0.9388280
 1256.3 1257.9  0.3119771 35.6482620  0.9388601
 1257.9 1259.4  0.3117345 35.6800232  0.9388922
 1259.4 1261.0  0.3115070 35.7098007  0.9389223
 1261.0 1262.6  0.3112644 35.7415619  0.9389544
 1262.6 1264.2  0.3110218 35.7733192  0.9389865
 1264.2 1265.8  0.3107792 35.8050804  0.9390186
 1265.8 1267.4  0.3105367 35.8368454  0.9390507
 1267.4 1269.0  0.3102941 35.8686028  0.9390828
 1269.0 1270.6  0.3100515 35.9003639  0.9391149
 1270.6 1272.3  0.3098089 35.9321251  0.9391470
 1272.3 1273.9  0.3095511 35.9658737  0.9391811
 1273.9 1275.5  0.3093085 35.9976349  0.9392132
 1275.5 1277.1  0.3090659 36.0293922  0.9392453
 1277.1 1278.8  0.3088233 36.0611534  0.9392774
 1278.8 1280.4  0.3085656 36.0949020  0.9393116
 1280.4 1282.1  0.3083230 36.1266632  0.9393436
 1282.1 1283.7  0.3080652 36.1604080  0.9393778
 1283.7 1285.3  0.3078226 36.1921654  0.9394099
 1285.3 1287.0  0.3075800 36.2239304  0.9394420
 1287.0 1288.7  0.3073223 36.2576752  0.9394761
 1288.7 1290.3  0.3070645 36.2914200  0.9395102
 1290.3 1292.0  0.3068219 36.3231812  0.9395423
 1292.0 1293.7  0.3065642 36.3569260  0.9395764
 1293.7 1295.3  0.3063064 36.3906708  0.9396105
 1295.3 1297.0  0.3060638 36.4224358  0.9396426
 1297.0 1298.7  0.3058061 36.4561806  0.9396767
 1298.7 1300.4  0.3055483 36.4899254  0.9397108
 1300.4 1302.1  0.3053100 36.5211601  0.9397407
 1302.1 1303.8  0.3051350 36.5442200  0.9397569
 1303.8 1305.5  0.3049599 36.5672798  0.9397730
 1305.5 1307.2  0.3047848 36.5903397  0.9397892
 1307.2 1308.9  0.3046097 36.6134033  0.9398053
 1308.9 1310.6  0.3044347 36.6364632  0.9398215
 1310.6 1312.3  0.3042596 36.6595230  0.9398376
 1312.3 1314.1  0.3040845 36.6825867  0.9398538
 1314.1 1315.8  0.3038992 36.7070045  0.9398709
 1315.8 1317.5  0.3037241 36.7300644  0.9398870
 1317.5 1319.3  0.3035491 36.7531242  0.9399032
 1319.3 1321.0  0.3033637 36.7775459  0.9399203
 1321.0 1322.8  0.3031886 36.8006058  0.9399365
 1322.8 1324.5  0.3030033 36.8250237  0.9399536
 1324.5 1326.3  0.3028282 36.8480835  0.9399697
 1326.3 1328.0  0.3026428 36.8725014  0.9399868
 1328.0 1329.8  0.3024678 36.8955612  0.9400030
 1329.8 1331.6  0.3022824 36.9199791  0.9400201
 1331.6 1333.3  0.3020970 36.9443970  0.9400372
 1333.3 1335.1  0.3019220 36.9674606  0.9400533
 1335.1 1336.9  0.3017366 36.9918747  0.9400705
 1336.9 1338.7  0.3015512 37.0162926  0.9400876
 1338.7 1340.5  0.3013659 37.0407104  0.9401047
 1340.5 1342.3  0.3011805 37.0651283  0.9401218
 1342.3 1344.1  0.3009951 37.0895462  0.9401389
 1344.1 1345.9  0.3008098 37.1139641  0.9401560
 1345.9 1347.7  0.3006244 37.1383820  0.9401731
 1347.7 1349.5  0.3004391 37.1627998  0.9401902
 1349.5 1351.4  0.3002537 37.1872177  0.9402073
 1351.4 1353.2  0.3000700 37.2115135  0.9402204
 1353.2 1355.0  0.2999000 37.2340317  0.9402312
 1355.0 1356.9  0.2997300 37.2565460  0.9402420
 1356.9 1358.7  0.2995506 37.2803154  0.9402533
 1358.7 1360.5  0.2993806 37.3028336  0.9402641
 1360.5 1362.4  0.2992106 37.3253479  0.9402749
 1362.4 1364.3  0.2990311 37.3491173  0.9402862
 1364.3 1366.1  0.2988517 37.3728867  0.9402976
 1366.1 1368.0  0.2986817 37.3954010  0.9403083
 1368.0 1369.9  0.2985023 37.4191704  0.9403197
 1369.9 1371.7  0.2983228 37.4429398  0.9403311
 1371.7 1373.6  0.2981528 37.4654541  0.9403418
 1373.6 1375.5  0.2979734 37.4892235  0.9403532
 1375.5 1377.4  0.2977940 37.5129929  0.9403646
 1377.4 1379.3  0.2976145 37.5367584  0.9403759
 1379.3 1381.2  0.2974351 37.5605278  0.9403873
 1381.2 1383.1  0.2972557 37.5842934  0.9403987
 1383.1 1385.0  0.2970762 37.6080627  0.9404100
 1385.0 1387.0  0.2968968 37.6318321  0.9404214
 1387.0 1388.9  0.2967079 37.6568489  0.9404334
 1388.9 1390.8  0.2965285 37.6806183  0.9404447
 1390.8 1392.8  0.2963490 37.7043877  0.9404561
 1392.8 1394.7  0.2961602 37.7294044  0.9404681
 1394.7 1396.6  0.2959807 37.7531738  0.9404794
 1396.6 1398.6  0.2958013 37.7769394  0.9404908
 1398.6 1400.6  0.2956124 37.8019600  0.9405028
 1400.6 1402.5  0.2954285 37.8263741  0.9405127
 1402.5 1404.5  0.2952647 37.8482208  0.9405178
 1404.5 1406.5  0.2950923 37.8712196  0.9405232
 1406.5 1408.5  0.2949199 37.8942184  0.9405286
 1408.5 1410.4  0.2947475 37.9172173  0.9405340
 1410.4 1412.4  0.2945837 37.9390640  0.9405391
 1412.4 1414.4  0.2944113 37.9620628  0.9405445
 1414.4 1416.4  0.2942389 37.9850616  0.9405499
 1416.4 1418.4  0.2940665 38.0080605  0.9405553
 1418.4 1420.5  0.2938941 38.0310555  0.9405606
 1420.5 1422.5  0.2937131 38.0552063  0.9405663
 1422.5 1424.5  0.2935407 38.0782013  0.9405717
 1424.5 1426.5  0.2933683 38.1012001  0.9405770
 1426.5 1428.6  0.2931959 38.1241989  0.9405825
 1428.6 1430.6  0.2930149 38.1483459  0.9405881
 1430.6 1432.7  0.2928425 38.1713448  0.9405935
 1432.7 1434.7  0.2926615 38.1954918  0.9405991
 1434.7 1436.8  0.2924891 38.2184906  0.9406045
 1436.8 1438.8  0.2923080 38.2426414  0.9406102
 1438.8 1440.9  0.2921357 38.2656403  0.9406155
 1440.9 1443.0  0.2919546 38.2897873  0.9406212
 1443.0 1445.1  0.2917736 38.3139343  0.9406269
 1445.1 1447.2  0.2915926 38.3380814  0.9406325
 1447.2 1449.3  0.2914116 38.3622284  0.9406382
 1449.3 1451.4  0.2912306 38.3863792  0.9406438
 1451.4 1453.5  0.2910607 38.4091644  0.9406452
 1453.5 1455.6  0.2908965 38.4312706  0.9406444
 1455.6 1457.7  0.2907323 38.4533768  0.9406435
 1457.7 1459.9  0.2905681 38.4754829  0.9406428
 1459.9 1462.0  0.2903961 38.4986420  0.9406419
 1462.0 1464.1  0.2902319 38.5207481  0.9406411
 1464.1 1466.3  0.2900677 38.5428505  0.9406403
 1466.3 1468.4  0.2898957 38.5660095  0.9406395
 1468.4 1470.6  0.2897314 38.5881157  0.9406387
 1470.6 1472.8  0.2895594 38.6112747  0.9406378
 1472.8 1474.9  0.2893874 38.6344337  0.9406370
 1474.9 1477.1  0.2892232 38.6565399  0.9406362
 1477.1 1479.3  0.2890511 38.6796951  0.9406354
 1479.3 1481.5  0.2888791 38.7028542  0.9406345
 1481.5 1483.7  0.2887071 38.7260132  0.9406337
 1483.7 1485.9  0.2885351 38.7491722  0.9406328
 1485.9 1488.1  0.2883630 38.7723312  0.9406320
 1488.1 1490.3  0.2881910 38.7954865  0.9406312
 1490.3 1492.5  0.2880190 38.8186455  0.9406303
 1492.5 1494.8  0.2878470 38.8418045  0.9406295
 1494.8 1497.0  0.2876671 38.8660164  0.9406286
 1497.0 1499.3  0.2874951 38.8891754  0.9406278
 1499.3 1501.5  0.2873152 38.9133873  0.9406269
 1501.5 1503.8  0.2871549 38.9351311  0.9406217
 1503.8 1506.0  0.2869931 38.9571762  0.9406142
 1506.0 1508.3  0.2868383 38.9782600  0.9406070
 1508.3 1510.6  0.2866765 39.0003052  0.9405995
 1510.6 1512.9  0.2865146 39.0223465  0.9405920
 1512.9 1515.2  0.2863528 39.0443916  0.9405845
 1515.2 1517.5  0.2861910 39.0664368  0.9405769
 1517.5 1519.8  0.2860291 39.0884781  0.9405694
 1519.8 1522.1  0.2858673 39.1105232  0.9405619
 1522.1 1524.4  0.2857055 39.1325684  0.9405544
 1524.4 1526.7  0.2855436 39.1546135  0.9405469
 1526.7 1529.1  0.2853818 39.1766548  0.9405394
 1529.1 1531.4  0.2852129 39.1996574  0.9405315
 1531.4 1533.7  0.2850511 39.2217026  0.9405240
 1533.7 1536.1  0.2848893 39.2437439  0.9405165
 1536.1 1538.5  0.2847204 39.2667465  0.9405086
 1538.5 1540.8  0.2845515 39.2897491  0.9405008
 1540.8 1543.2  0.2843896 39.3117943  0.9404933
 1543.2 1545.6  0.2842208 39.3347969  0.9404854
 1545.6 1548.0  0.2840519 39.3577995  0.9404776
 1548.0 1550.4  0.2838830 39.3808022  0.9404697
 1550.4 1552.8  0.2837172 39.4034386  0.9404608
 1552.8 1555.2  0.2835669 39.4242325  0.9404464
 1555.2 1557.6  0.2834166 39.4450264  0.9404320
 1557.6 1560.1  0.2832662 39.4658241  0.9404176
 1560.1 1562.5  0.2831096 39.4874840  0.9404027
 1562.5 1564.9  0.2829593 39.5082817  0.9403883
 1564.9 1567.4  0.2828089 39.5290756  0.9403740
 1567.4 1569.9  0.2826523 39.5507393  0.9403589
 1569.9 1572.3  0.2824957 39.5723991  0.9403440
 1572.3 1574.8  0.2823454 39.5931969  0.9403296
 1574.8 1577.3  0.2821887 39.6148567  0.9403147
 1577.3 1579.8  0.2820321 39.6365204  0.9402996
 1579.8 1582.3  0.2818755 39.6581802  0.9402847
 1582.3 1584.8  0.2817189 39.6798439  0.9402697
 1584.8 1587.3  0.2815623 39.7015076  0.9402547
 1587.3 1589.8  0.2814057 39.7231674  0.9402397
 1589.8 1592.4  0.2812491 39.7448311  0.9402248
 1592.4 1594.9  0.2810862 39.7673569  0.9402092
 1594.9 1597.4  0.2809296 39.7890205  0.9401942
 1597.4 1600.0  0.2807730 39.8106804  0.9401792
 1600.0 1602.6  0.2806101 39.8332100  0.9401637
 1602.6 1605.1  0.2804673 39.8533554  0.9401411
 1605.1 1607.7  0.2803300 39.8727264  0.9401194
 1607.7 1610.3  0.2801872 39.8928719  0.9400969
 1610.3 1612.9  0.2800444 39.9130173  0.9400743
 1612.9 1615.5  0.2799016 39.9331627  0.9400518
 1615.5 1618.1  0.2797588 39.9533081  0.9400292
 1618.1 1620.7  0.2796160 39.9734535  0.9400067
 1620.7 1623.4  0.2794732 39.9935989  0.9399841
 1623.4 1626.0  0.2793249 40.0145226  0.9399607
 1626.0 1628.7  0.2791821 40.0346680  0.9399381
 1628.7 1631.3  0.2790338 40.0555878  0.9399148
 1631.3 1634.0  0.2788910 40.0757332  0.9398922
 1634.0 1636.7  0.2787427 40.0966530  0.9398687
 1636.7 1639.3  0.2785944 40.1175728  0.9398453
 1639.3 1642.0  0.2784516 40.1377182  0.9398228
 1642.0 1644.7  0.2783033 40.1586418  0.9397994
 1644.7 1647.4  0.2781550 40.1795616  0.9397759
 1647.4 1650.2  0.2780067 40.2004814  0.9397525
 1650.2 1652.9  0.2778545 40.2219849  0.9397277
 1652.9 1655.6  0.2777275 40.2403450  0.9396964
 1655.6 1658.4  0.2776005 40.2587051  0.9396652
 1658.4 1661.1  0.2774688 40.2777443  0.9396328
 1661.1 1663.9  0.2773418 40.2961006  0.9396016
 1663.9 1666.7  0.2772101 40.3151436  0.9395692
 1666.7 1669.4  0.2770784 40.3341789  0.9395368
 1669.4 1672.2  0.2769515 40.3525391  0.9395056
 1672.2 1675.0  0.2768198 40.3715782  0.9394732
 1675.0 1677.9  0.2766881 40.3906174  0.9394408
 1677.9 1680.7  0.2765517 40.4103355  0.9394072
 1680.7 1683.5  0.2764200 40.4293747  0.9393749
 1683.5 1686.3  0.2762883 40.4484138  0.9393424
 1686.3 1689.2  0.2761566 40.4674530  0.9393101
 1689.2 1692.0  0.2760203 40.4871712  0.9392765
 1692.0 1694.9  0.2758886 40.5062103  0.9392442
 1694.9 1697.8  0.2757522 40.5259285  0.9392106
 1697.8 1700.7  0.2756158 40.5456505  0.9391770
 1700.7 1703.6  0.2754925 40.5635300  0.9391450
 1703.6 1706.5  0.2754107 40.5756264  0.9391174
 1706.5 1709.4  0.2753288 40.5877266  0.9390899
 1709.4 1712.3  0.2752469 40.5998268  0.9390624
 1712.3 1715.3  0.2751650 40.6119270  0.9390349
 1715.3 1718.2  0.2750803 40.6244431  0.9390064
 1718.2 1721.2  0.2749984 40.6365395  0.9389789
 1721.2 1724.1  0.2749137 40.6490555  0.9389505
 1724.1 1727.1  0.2748318 40.6611557  0.9389229
 1727.1 1730.1  0.2747471 40.6736717  0.9388945
 1730.1 1733.1  0.2746624 40.6861877  0.9388660
 1733.1 1736.1  0.2745777 40.6987076  0.9388376
 1736.1 1739.1  0.2744930 40.7112236  0.9388091
 1739.1 1742.2  0.2744083 40.7237396  0.9387807
 1742.2 1745.2  0.2743208 40.7366714  0.9387512
 1745.2 1748.3  0.2742361 40.7491875  0.9387228
 1748.3 1751.3  0.2741485 40.7621231  0.9386933
 1751.3 1754.4  0.2740638 40.7746391  0.9386649
 1754.4 1757.5  0.2739734 40.7880592  0.9386328
 1757.5 1760.6  0.2738633 40.8047447  0.9385825
 1760.6 1763.7  0.2737532 40.8214340  0.9385324
 1763.7 1766.8  0.2736431 40.8381233  0.9384821
 1766.8 1769.9  0.2735330 40.8548126  0.9384319
 1769.9 1773.0  0.2734230 40.8715019  0.9383816
 1773.0 1776.2  0.2733211 40.8871574  0.9383278
 1776.2 1779.4  0.2732163 40.9032860  0.9382721
 1779.4 1782.5  0.2731114 40.9194145  0.9382164
 1782.5 1785.7  0.2730099 40.9350357  0.9381625
 1785.7 1788.9  0.2729050 40.9511642  0.9381068
 1788.9 1792.1  0.2728083 40.9662704  0.9380475
 1792.1 1795.3  0.2727123 40.9812737  0.9379879
 1795.3 1798.6  0.2726164 40.9962769  0.9379283
 1798.6 1801.8  0.2725175 41.0117455  0.9378667
 1801.8 1805.1  0.2724216 41.0267487  0.9378071
 1805.1 1808.3  0.2723292 41.0414925  0.9377396
 1808.3 1811.6  0.2722399 41.0557404  0.9376737
 1811.6 1814.9  0.2721479 41.0704346  0.9376058
 1814.9 1818.2  0.2720559 41.0851288  0.9375378
 1818.2 1821.5  0.2719646 41.0997200  0.9374698
 1821.5 1824.8  0.2718852 41.1127205  0.9373994
 1824.8 1828.2  0.2718057 41.1257210  0.9373291
 1828.2 1831.5  0.2717239 41.1391144  0.9372565
 1831.5 1834.9  0.2716444 41.1521149  0.9371861
 1834.9 1838.2  0.2715626 41.1655083  0.9371136
 1838.2 1841.6  0.2714932 41.1772270  0.9370386
 1841.6 1845.0  0.2714219 41.1892624  0.9369611
 1845.0 1848.4  0.2713507 41.2012978  0.9368836
 1848.4 1851.9  0.2712795 41.2133331  0.9368061
 1851.9 1855.3  0.2712062 41.2257195  0.9367264
 1855.3 1858.7  0.2711441 41.2366676  0.9366413
 1858.7 1862.2  0.2710823 41.2475777  0.9365561
 1862.2 1865.7  0.2710186 41.2588120  0.9364683
 1865.7 1869.2  0.2709549 41.2700424  0.9363806
 1869.2 1872.7  0.2708921 41.2811737  0.9362926
 1872.7 1876.2  0.2708419 41.2905731  0.9362016
 1876.2 1879.7  0.2707918 41.2999725  0.9361107
 1879.7 1883.2  0.2707416 41.3093719  0.9360197
 1883.2 1886.8  0.2706915 41.3187752  0.9359288
 1886.8 1890.4  0.2706400 41.3284416  0.9358352
 1890.4 1893.9  0.2706003 41.3365631  0.9357357
 1893.9 1897.5  0.2705625 41.3443680  0.9356387
 1897.5 1901.1  0.2705236 41.3523979  0.9355389
 1901.1 1904.8  0.2704847 41.3604279  0.9354391
 1904.8 1908.4  0.2704447 41.3686790  0.9353365
 1908.4 1912.0  0.2704176 41.3752327  0.9352275
 1912.0 1915.7  0.2703912 41.3817024  0.9351180
 1915.7 1919.4  0.2703641 41.3883514  0.9350055
 1919.4 1923.1  0.2703370 41.3949966  0.9348930
 1923.1 1926.8  0.2703104 41.4015923  0.9347804
 1926.8 1930.5  0.2702980 41.4062309  0.9346638
 1930.5 1934.2  0.2702856 41.4108696  0.9345472
 1934.2 1938.0  0.2702732 41.4155083  0.9344306
 1938.0 1941.7  0.2702605 41.4202690  0.9343109
 1941.7 1945.5  0.2702481 41.4249077  0.9341943
 1945.5 1949.3  0.2702492 41.4278526  0.9340673
 1949.3 1953.1  0.2702515 41.4306412  0.9339398
 1953.1 1956.9  0.2702538 41.4334297  0.9338122
 1956.9 1960.8  0.2702561 41.4362183  0.9336846
 1960.8 1964.6  0.2702585 41.4390793  0.9335538
 1964.6 1968.5  0.2702752 41.4400330  0.9334152
 1968.5 1972.4  0.2702933 41.4409103  0.9332725
 1972.4 1976.3  0.2703113 41.4417877  0.9331297
 1976.3 1980.2  0.2703293 41.4426651  0.9329869
 1980.2 1984.1  0.2703480 41.4434509  0.9328440
 1984.1 1988.1  0.2703786 41.4425774  0.9326972
 1988.1 1992.0  0.2704101 41.4416847  0.9325468
 1992.0 1996.0  0.2704408 41.4408112  0.9324000
 1996.0 2000.0  0.2704722 41.4399147  0.9322496
 2000.0 2004.0  0.2705037 41.4390182  0.9320991
 2004.0 2008.0  0.2705474 41.4365921  0.9319373
 2008.0 2012.1  0.2705911 41.4341698  0.9317756
 2012.1 2016.1  0.2706359 41.4316826  0.9316098
 2016.1 2020.2  0.2706796 41.4292603  0.9314480
 2020.2 2024.3  0.2707247 41.4267235  0.9312821
 2024.3 2028.4  0.2707767 41.4232101  0.9311137
 2028.4 2032.5  0.2708288 41.4196930  0.9309453
 2032.5 2036.7  0.2708808 41.4161797  0.9307768
 2036.7 2040.8  0.2709341 41.4125786  0.9306043
 2040.8 2045.0  0.2709861 41.4090652  0.9304359
 2045.0 2049.2  0.2710446 41.4047890  0.9302576
 2049.2 2053.4  0.2711033 41.4004784  0.9300791
 2053.4 2057.6  0.2711621 41.3961678  0.9299006
 2057.6 2061.9  0.2712209 41.3918610  0.9297220
 2061.9 2066.1  0.2712810 41.3874474  0.9295392
 2066.1 2070.4  0.2713433 41.3827744  0.9293513
 2070.4 2074.7  0.2714071 41.3779831  0.9291588
 2074.7 2079.0  0.2714710 41.3731880  0.9289662
 2079.0 2083.3  0.2715348 41.3683968  0.9287736
 2083.3 2087.7  0.2715985 41.3636208  0.9285808
 2087.7 2092.1  0.2716623 41.3589516  0.9283794
 2092.1 2096.4  0.2717260 41.3542824  0.9281779
 2096.4 2100.8  0.2717883 41.3497238  0.9279810
 2100.8 2105.3  0.2718520 41.3450546  0.9277796
 2105.3 2109.7  0.2719167 41.3403397  0.9275736
 2109.7 2114.2  0.2719735 41.3365288  0.9273732
 2114.2 2118.6  0.2720317 41.3326302  0.9271681
 2118.6 2123.1  0.2720885 41.3288193  0.9269677
 2123.1 2127.7  0.2721466 41.3249207  0.9267627
 2127.7 2132.2  0.2722060 41.3209343  0.9265531
 2132.2 2136.8  0.2722549 41.3182945  0.9263459
 2136.8 2141.3  0.2723041 41.3156891  0.9261338
 2141.3 2145.9  0.2723523 41.3131409  0.9259263
 2145.9 2150.5  0.2724016 41.3105354  0.9257143
 2150.5 2155.2  0.2724508 41.3079300  0.9255022
 2155.2 2159.8  0.2724888 41.3071785  0.9252716
 2159.8 2164.5  0.2725245 41.3066673  0.9250443
 2164.5 2169.2  0.2725610 41.3061447  0.9248120
 2169.2 2173.9  0.2725975 41.3056183  0.9245798
 2173.9 2178.6  0.2726340 41.3050957  0.9243475
 2178.6 2183.4  0.2726485 41.3069725  0.9241456
 2183.4 2188.2  0.2726627 41.3089409  0.9239400
 2188.2 2193.0  0.2726770 41.3109093  0.9237344
 2193.0 2197.8  0.2726912 41.3128777  0.9235289
 2197.8 2202.6  0.2727055 41.3148460  0.9233233
 2202.6 2207.5  0.2727050 41.3191261  0.9231011
 2207.5 2212.4  0.2726918 41.3254929  0.9228598
 2212.4 2217.3  0.2726785 41.3318558  0.9226185
 2217.3 2222.2  0.2726653 41.3382225  0.9223772
 2222.2 2227.2  0.2726507 41.3447533  0.9221365
 2227.2 2232.1  0.2726046 41.3554306  0.9219044
 2232.1 2237.1  0.2725593 41.3658905  0.9216769
 2237.1 2242.2  0.2725131 41.3765678  0.9214448
 2242.2 2247.2  0.2724659 41.3874550  0.9212081
 2247.2 2252.3  0.2724182 41.3983421  0.9209763
 2252.3 2257.3  0.2723307 41.4145546  0.9207490
 2257.3 2262.4  0.2722449 41.4304543  0.9205261
 2262.4 2267.6  0.2721574 41.4466667  0.9202988
 2267.6 2272.7  0.2720681 41.4631996  0.9200670
 2272.7 2277.9  0.2719806 41.4794159  0.9198397
 2277.9 2283.1  0.2718412 41.5027542  0.9196103
 2283.1 2288.3  0.2716987 41.5265121  0.9193810
 2288.3 2293.6  0.2715563 41.5502663  0.9191518
 2293.6 2298.9  0.2714111 41.5744781  0.9189181
 2298.9 2304.1  0.2712658 41.5986900  0.9186844
 2304.1 2309.5  0.2710696 41.6295700  0.9184679
 2309.5 2314.8  0.2708646 41.6617813  0.9182433
 2314.8 2320.2  0.2706635 41.6933975  0.9180229
 2320.2 2325.6  0.2704586 41.7256088  0.9177984
 2325.6 2331.0  0.2702537 41.7578239  0.9175738
 2331.0 2336.4  0.2699793 41.7994118  0.9173563
 2336.4 2341.9  0.2696994 41.8417473  0.9171393
 2341.9 2347.4  0.2694144 41.8848724  0.9169183
 2347.4 2352.9  0.2691293 41.9279938  0.9166973
 2352.9 2358.5  0.2688442 41.9711151  0.9164762
 2358.5 2364.1  0.2684751 42.0256157  0.9162659
 2364.1 2369.7  0.2681045 42.0803070  0.9160559
 2369.7 2375.3  0.2677340 42.1349945  0.9158459
 2375.3 2381.0  0.2673635 42.1896858  0.9156358
 2381.0 2386.6  0.2669863 42.2453537  0.9154221
 2386.6 2392.3  0.2665581 42.3080330  0.9152349
 2392.3 2398.1  0.2661223 42.3718262  0.9150443
 2398.1 2403.8  0.2656789 42.4367447  0.9148504
 2403.8 2409.6  0.2652430 42.5005379  0.9146599
 2409.6 2415.5  0.2647996 42.5654564  0.9144660
 2415.5 2421.3  0.2643171 42.6368103  0.9142918
 2421.3 2427.2  0.2638405 42.7073402  0.9141222
 2427.2 2433.1  0.2633557 42.7790871  0.9139497
 2433.1 2439.0  0.2628709 42.8508339  0.9137772
 2439.0 2445.0  0.2623861 42.9225769  0.9136047
 2445.0 2451.0  0.2619217 42.9936829  0.9134663
 2451.0 2457.0  0.2614574 43.0647888  0.9133280
 2457.0 2463.1  0.2609930 43.1358948  0.9131897
 2463.1 2469.1  0.2605208 43.2081871  0.9130490
 2469.1 2475.2  0.2600579 43.2791443  0.9129115
 2475.2 2481.4  0.2596750 43.3424873  0.9128184
 2481.4 2487.6  0.2592857 43.4068642  0.9127237
 2487.6 2493.8  0.2588964 43.4712486  0.9126290
 2493.8 2500.0  0.2585072 43.5356255  0.9125344
 2500.0 2506.3  0.2581179 43.6000061  0.9124397
 2506.3 2512.6  0.2578829 43.6477814  0.9124032
 2512.6 2518.9  0.2576479 43.6955528  0.9123668
 2518.9 2525.3  0.2574129 43.7433243  0.9123303
 2525.3 2531.6  0.2571742 43.7918587  0.9122933
 2531.6 2538.1  0.2569392 43.8396301  0.9122568
 2538.1 2544.5  0.2569156 43.8650055  0.9122875
 2544.5 2551.0  0.2569064 43.8884468  0.9123222
 2551.0 2557.5  0.2568971 43.9122543  0.9123573
 2557.5 2564.1  0.2568878 43.9360619  0.9123926
 2564.1 2570.7  0.2568834 43.9596786  0.9124296
 2570.7 2577.3  0.2572036 43.9470558  0.9125555
 2577.3 2584.0  0.2575240 43.9344368  0.9126814
 2584.0 2590.7  0.2578491 43.9216270  0.9128093
 2590.7 2597.4  0.2581743 43.9088135  0.9129370
 2597.4 2604.2  0.2585230 43.8932915  0.9130706
 2604.2 2611.0  0.2592544 43.8341942  0.9132980
 2611.0 2617.8  0.2599858 43.7751007  0.9135253
 2617.8 2624.7  0.2607172 43.7160072  0.9137527
 2624.7 2631.6  0.2614593 43.6560440  0.9139835
 2631.6 2638.5  0.2622015 43.5960770  0.9142143
 2638.5 2645.5  0.2634115 43.4854393  0.9145467
 2645.5 2652.5  0.2646682 43.3700294  0.9148903
 2652.5 2659.6  0.2659249 43.2546234  0.9152340
 2659.6 2666.7  0.2671996 43.1375656  0.9155826
 2666.7 2673.8  0.2684742 43.0205116  0.9159312
 2673.8 2681.0  0.2702308 42.8557053  0.9163603
 2681.0 2688.2  0.2720337 42.6864471  0.9167991
 2688.2 2695.4  0.2738365 42.5171890  0.9172380
 2695.4 2702.7  0.2756394 42.3479309  0.9176768
 2702.7 2710.0  0.2774673 42.1763191  0.9181217
 2710.0 2717.4  0.2797877 41.9620857  0.9186204
 2717.4 2724.8  0.2821613 41.7430687  0.9191282
 2724.8 2732.2  0.2845349 41.5240479  0.9196361
 2732.2 2739.7  0.2869085 41.3050308  0.9201440
 2739.7 2747.3  0.2893142 41.0830536  0.9206587
 2747.3 2754.8  0.2922627 40.8209534  0.9212036
 2754.8 2762.4  0.2951931 40.5607986  0.9217423
 2762.4 2770.1  0.2981625 40.2971840  0.9222881
 2770.1 2777.8  0.3011712 40.0300827  0.9228411
 2777.8 2785.5  0.3041797 39.7629929  0.9233941
 2785.5 2793.3  0.3077111 39.4657249  0.9239346
 2793.3 2801.1  0.3113025 39.1637764  0.9244817
 2801.1 2809.0  0.3148939 38.8618279  0.9250289
 2809.0 2816.9  0.3185313 38.5560150  0.9255829
 2816.9 2824.9  0.3221687 38.2502022  0.9261371
 2824.9 2832.9  0.3264610 37.9134750  0.9266486
 2832.9 2840.9  0.3307611 37.5764046  0.9271594
 2840.9 2849.0  0.3350611 37.2393341  0.9276703
 2849.0 2857.1  0.3394150 36.8980446  0.9281875
 2857.1 2865.3  0.3437744 36.5566940  0.9287034
 2865.3 2873.6  0.3486412 36.2061348  0.9291118
 2873.6 2881.8  0.3535675 35.8512955  0.9295252
 2881.8 2890.2  0.3584343 35.5007362  0.9299335
 2890.2 2898.6  0.3634198 35.1416283  0.9303519
 2898.6 2907.0  0.3684055 34.7825089  0.9307703
 2907.0 2915.5  0.3740810 34.4121208  0.9310450
 2915.5 2924.0  0.3798591 34.0367508  0.9313158
 2924.0 2932.6  0.3856372 33.6613808  0.9315865
 2932.6 2941.2  0.3914833 33.2815895  0.9318604
 2941.2 2949.9  0.3973402 32.9020615  0.9321300
 2949.9 2958.6  0.4037271 32.5287361  0.9322191
 2958.6 2967.4  0.4101142 32.1553993  0.9323083
 2967.4 2976.2  0.4165744 31.7777882  0.9323984
 2976.2 2985.1  0.4230348 31.4001656  0.9324885
 2985.1 2994.0  0.4295740 31.0183563  0.9325777
 2994.0 3003.0  0.4365845 30.6458931  0.9324970
 3003.0 3012.0  0.4436738 30.2692413  0.9324152
 3012.0 3021.1  0.4507630 29.8925896  0.9323336
 3021.1 3030.3  0.4579312 29.5117493  0.9322510
 3030.3 3039.5  0.4651817 29.1275330  0.9321631
 3039.5 3048.8  0.4725438 28.7671700  0.9319444
 3048.8 3058.1  0.4799861 28.4028835  0.9317234
 3058.1 3067.5  0.4874283 28.0385990  0.9315024
 3067.5 3076.9  0.4949504 27.6704025  0.9312791
 3076.9 3086.4  0.5024726 27.3022079  0.9310557
 3086.4 3096.0  0.5101120 26.9551926  0.9307297
 3096.0 3105.6  0.5178325 26.6047935  0.9303994
 3105.6 3115.3  0.5255528 26.2543926  0.9300689
 3115.3 3125.0  0.5333535 25.9003487  0.9297351
 3125.0 3134.8  0.5411542 25.5463028  0.9294012
 3134.8 3144.7  0.5485690 25.2332134  0.9290203
 3144.7 3154.6  0.5560594 24.9169331  0.9286355
 3154.6 3164.6  0.5635499 24.6006470  0.9282507
 3164.6 3174.6  0.5711160 24.2811699  0.9278619
 3174.6 3184.7  0.5786821 23.9616909  0.9274732
 3184.7 3194.9  0.5857419 23.6847076  0.9270809
 3194.9 3205.1  0.5928475 23.4068832  0.9266847
 3205.1 3215.4  0.5999532 23.1290493  0.9262884
 3215.4 3225.8  0.6071284 22.8485050  0.9258884
 3225.8 3236.2  0.6143073 22.5694485  0.9254878
 3236.2 3246.8  0.6206936 22.3410835  0.9251293
 3246.8 3257.3  0.6272027 22.1083221  0.9247638
 3257.3 3268.0  0.6336503 21.8777599  0.9244018
 3268.0 3278.7  0.6402208 21.6428070  0.9240329
 3278.7 3289.5  0.6464717 21.4262829  0.9236852
 3289.5 3300.3  0.6521710 21.2429314  0.9233746
 3300.3 3311.3  0.6578704 21.0595779  0.9230640
 3311.3 3322.3  0.6636752 20.8728294  0.9227476
 3322.3 3333.3  0.6694800 20.6860828  0.9224313
 3333.3 3344.5  0.6746515 20.5329037  0.9221551
 3344.5 3355.7  0.6797072 20.3880596  0.9218873
 3355.7 3367.0  0.6847629 20.2432137  0.9216195
 3367.0 3378.4  0.6898638 20.0970745  0.9213493
 3378.4 3389.8  0.6944966 19.9669113  0.9211047
 3389.8 3401.4  0.6979222 19.8773708  0.9209259
 3401.4 3413.0  0.7014077 19.7862625  0.9207439
 3413.0 3424.7  0.7048933 19.6951523  0.9205619
 3424.7 3436.4  0.7084089 19.6032581  0.9203784
 3436.4 3448.3  0.7176203 19.3883553  0.9198891
 3448.3 3460.2  0.7271417 19.1664848  0.9193832
 3460.2 3472.2  0.7312672 19.0692329  0.9191547
 3472.2 3484.3  0.7345204 18.9921074  0.9189708
 3484.3 3496.5  0.7378008 18.9143372  0.9187854
 3496.5 3508.8  0.7411083 18.8359261  0.9185985
 3508.8 3521.1  0.7444429 18.7568703  0.9184100
 3521.1 3533.6  0.7477775 18.6778164  0.9182215
 3533.6 3546.1  0.7511663 18.5974770  0.9180300
 3546.1 3558.7  0.7545551 18.5171356  0.9178385
 3558.7 3571.4  0.7574483 18.4442692  0.9176636
 3571.4 3584.2  0.7601284 18.3744869  0.9174957
 3584.2 3597.1  0.7628295 18.3041553  0.9173264
 3597.1 3610.1  0.7655519 18.2332745  0.9171558
 3610.1 3623.2  0.7682952 18.1618462  0.9169839
 3623.2 3636.4  0.7710597 18.0898666  0.9168106
 3636.4 3649.6  0.7738453 18.0173378  0.9166360
 3649.6 3663.0  0.7766309 17.9448090  0.9164615
 3663.0 3676.5  0.7789933 17.8784294  0.9163114
 3676.5 3690.0  0.7813589 17.8117790  0.9161610
 3690.0 3703.7  0.7837245 17.7451286  0.9160106
 3703.7 3717.5  0.7861252 17.6774921  0.9158580
 3717.5 3731.3  0.7885434 17.6093597  0.9157043
 3731.3 3745.3  0.7909616 17.5412292  0.9155505
 3745.3 3759.4  0.7934148 17.4721107  0.9153945
 3759.4 3773.6  0.7957495 17.4065628  0.9152598
 3773.6 3787.9  0.7980323 17.3425941  0.9151353
 3787.9 3802.3  0.8003311 17.2781792  0.9150100
 3802.3 3816.8  0.8026461 17.2133102  0.9148837
 3816.8 3831.4  0.8049771 17.1479912  0.9147567
 3831.4 3846.2  0.8073242 17.0822239  0.9146287
 3846.2 3861.0  0.8097034 17.0155544  0.9144989
 3861.0 3876.0  0.8120509 16.9527378  0.9143955
 3876.0 3891.1  0.8144191 16.8904209  0.9143000
 3891.1 3906.2  0.8168030 16.8276901  0.9142038
 3906.2 3921.6  0.8191869 16.7649593  0.9141076
 3921.6 3937.0  0.8216183 16.7009811  0.9140095
 3937.0 3952.6  0.8240495 16.6370029  0.9139113
 3952.6 3968.3  0.8265024 16.5730247  0.9138172
 3968.3 3984.1  0.8289209 16.5128098  0.9137490
 3984.1 4000.0  0.8313548 16.4522095  0.9136803
 4000.0 4016.1  0.8338040 16.3912277  0.9136112
 4016.1 4032.3  0.8362842 16.3294773  0.9135413
 4032.3 4048.6  0.8387796 16.2673454  0.9134709
 4048.6 4065.0  0.8412905 16.2048283  0.9134000
 4065.0 4081.6  0.8436906 16.1464996  0.9133522
 4081.6 4098.4  0.8461081 16.0878906  0.9133061
 4098.4 4115.2  0.8485547 16.0285759  0.9132594
 4115.2 4132.2  0.8510013 15.9692612  0.9132127
 4132.2 4149.4  0.8534770 15.9092398  0.9131654
 4149.4 4166.7  0.8559818 15.8485146  0.9131176
 4166.7 4184.1  0.8583182 15.7920837  0.9130888
 4184.1 4201.7  0.8606614 15.7354965  0.9130605
 4201.7 4219.4  0.8630316 15.6782579  0.9130320
 4219.4 4237.3  0.8654152 15.6206961  0.9130033
 4237.3 4255.3  0.8678257 15.5624819  0.9129742
 4255.3 4273.5  0.8701863 15.5052328  0.9129492
 4273.5 4291.8  0.8724197 15.4504700  0.9129341
 4291.8 4310.3  0.8746653 15.3954077  0.9129189
 4310.3 4329.0  0.8769355 15.3397427  0.9129035
 4329.0 4347.8  0.8792303 15.2834749  0.9128881
 4347.8 4366.8  0.8815372 15.2269087  0.9128724
 4366.8 4386.0  0.8836582 15.1732969  0.9128649
 4386.0 4405.3  0.8857735 15.1195908  0.9128584
 4405.3 4424.8  0.8878999 15.0656061  0.9128518
 4424.8 4444.4  0.8900484 15.0110617  0.9128452
 4444.4 4464.3  0.8922079 14.9562368  0.9128385
 4464.3 4484.3  0.8942314 14.9031763  0.9128363
 4484.3 4504.5  0.8961986 14.8508720  0.9128358
 4504.5 4524.9  0.8981856 14.7980452  0.9128353
 4524.9 4545.5  0.9001921 14.7446957  0.9128348
 4545.5 4566.2  0.9022184 14.6908226  0.9128343
 4566.2 4587.2  0.9040898 14.6391830  0.9128378
 4587.2 4608.3  0.9059419 14.5874987  0.9128425
 4608.3 4629.6  0.9078028 14.5355701  0.9128471
 4629.6 4651.2  0.9096813 14.4831467  0.9128518
 4651.2 4672.9  0.9115759 14.4301424  0.9128568
 4672.9 4694.8  0.9133011 14.3795691  0.9128658
 4694.8 4717.0  0.9150422 14.3285284  0.9128749
 4717.0 4739.3  0.9168071 14.2767887  0.9128842
 4739.3 4761.9  0.9185800 14.2248163  0.9128934
 4761.9 4784.7  0.9202876 14.1734667  0.9129046
 4784.7 4807.7  0.9219295 14.1228600  0.9129174
 4807.7 4830.9  0.9235858 14.0718107  0.9129303
 4830.9 4854.4  0.9252565 14.0203190  0.9129434
 4854.4 4878.0  0.9269201 13.9685783  0.9129570
 4878.0 4902.0  0.9284657 13.9184408  0.9129726
 4902.0 4926.1  0.9300376 13.8674545  0.9129885
 4926.1 4950.5  0.9316159 13.8162546  0.9130045
 4950.5 4975.1  0.9332111 13.7644596  0.9130207
 4975.1 5000.0  0.9346806 13.7142172  0.9130387
 5000.0 5025.1  0.9361681 13.6633625  0.9130568
 5025.1 5050.5  0.9376675 13.6120987  0.9130751
 5050.5 5076.1  0.9391823 13.5602589  0.9130936
 5076.1 5102.0  0.9405793 13.5098066  0.9131128
 5102.0 5128.2  0.9419926 13.4587650  0.9131323
 5128.2 5154.6  0.9434224 13.4071302  0.9131520
 5154.6 5181.3  0.9448412 13.3553944  0.9131718
 5181.3 5208.3  0.9461716 13.3044672  0.9131916
 5208.3 5235.6  0.9475169 13.2529678  0.9132116
 5235.6 5263.2  0.9488772 13.2008953  0.9132319
 5263.2 5291.0  0.9501935 13.1490059  0.9132518
 5291.0 5319.1  0.9514545 13.0975704  0.9132711
 5319.1 5347.6  0.9527292 13.0455790  0.9132906
 5347.6 5376.3  0.9540220 12.9928474  0.9133103
 5376.3 5405.4  0.9552101 12.9411316  0.9133279
 5405.4 5434.8  0.9564043 12.8888226  0.9133456
 5434.8 5464.5  0.9576107 12.8359747  0.9133634
 5464.5 5494.5  0.9587667 12.7833099  0.9133795
 5494.5 5524.9  0.9598680 12.7308788  0.9133938
 5524.9 5555.6  0.9609840 12.6777496  0.9134083
 5555.6 5586.6  0.9620868 12.6243610  0.9134221
 5586.6 5618.0  0.9630910 12.5716534  0.9134319
 5618.0 5649.7  0.9641080 12.5182657  0.9134418
 5649.7 5681.8  0.9651348 12.4643669  0.9134518
 5681.8 5714.3  0.9660488 12.4111385  0.9134566
 5714.3 5747.1  0.9669729 12.3572578  0.9134615
 5747.1 5780.3  0.9679056 12.3028793  0.9134664
 5780.3 5814.0  0.9687495 12.2489071  0.9134670
 5814.0 5848.0  0.9695964 12.1942244  0.9134673
 5848.0 5882.4  0.9704509 12.1390553  0.9134676
 5882.4 5917.2  0.9712278 12.0841675  0.9134641
 5917.2 5952.4  0.9720083 12.0286989  0.9134603
 5952.4 5988.0  0.9727925 11.9726496  0.9134563
 5988.0 6024.1  0.9735131 11.9167280  0.9134490
 6024.1 6060.6  0.9742438 11.8600216  0.9134417
 6060.6 6097.6  0.9749641 11.8028793  0.9134335
 6097.6 6135.0  0.9756488 11.7454319  0.9134231
 6135.0 6172.8  0.9763409 11.6873636  0.9134126
 6172.8 6211.2  0.9770100 11.6289902  0.9134005
 6211.2 6250.0  0.9776691 11.5698996  0.9133874
 6250.0 6289.3  0.9783352 11.5101948  0.9133740
 6289.3 6329.1  0.9789711 11.4501114  0.9133585
 6329.1 6369.4  0.9796151 11.3892622  0.9133428
 6369.4 6410.3  0.9802544 11.3277731  0.9133263
 6410.3 6451.6  0.9808891 11.2655029  0.9133087
 6451.6 6493.5  0.9815295 11.2026272  0.9132909
 6493.5 6535.9  0.9821646 11.1389580  0.9132717
 6535.9 6578.9  0.9828073 11.0745287  0.9132524
 6578.9 6622.5  0.9834571 11.0091763  0.9132322
 6622.5 6666.7  0.9841150 10.9429073  0.9132115
 6666.7 6711.4  0.9847857 10.8756638  0.9131904
 6711.4 6756.8  0.9854701 10.8075590  0.9131689
 6756.8 6802.7  0.9861686 10.7383394  0.9131470
 6802.7 6849.3  0.9868945 10.6680832  0.9131250
 6849.3 6896.6  0.9876314 10.5967579  0.9131027
 6896.6 6944.4  0.9884087 10.5239582  0.9130800
 6944.4 6993.0  0.9891945 10.4503841  0.9130572
 6993.0 7042.3  0.9900140 10.3752594  0.9130335
 7042.3 7092.2  0.9908479 10.2990112  0.9130095
 7092.2 7142.9  0.9917012 10.2216167  0.9129840
 7142.9 7194.2  0.9925699 10.1429415  0.9129578
 7194.2 7246.4  0.9934472 10.0632029  0.9129295
 7246.4 7299.3  0.9943396  9.9820452  0.9129002
 7299.3 7352.9  0.9952295  9.8997526  0.9128674
 7352.9 7407.4  0.9961285  9.8163710  0.9128338
 7407.4 7462.7  0.9970137  9.7316456  0.9127951
 7462.7 7518.8  0.9979011  9.6457167  0.9127545
 7518.8 7575.8  0.9987651  9.5586824  0.9127086
 7575.8 7633.6  0.9994402  9.4703884  0.9126585
 7633.6 7692.3  0.9998763  9.3810234  0.9126031
 7692.3 7751.9  1.0000000  9.2905912  0.9125398
 7751.9 7812.5  1.0000000  9.1989193  0.9124724
 7812.5 7874.0  1.0000000  9.1063089  0.9123917
 7874.0 7936.5  1.0000000  9.0126371  0.9123037
 7936.5 8000.0  1.0000000  8.9179420  0.9122049
 8000.0 8064.5  1.0000000  8.8225517  0.9120894
 8064.5 8130.1  1.0000000  8.7261772  0.9119627
 8130.1 8196.7  1.0000000  8.6291866  0.9118155
 8196.7 8264.5  1.0000000  8.5318689  0.9116458
 8264.5 8333.3  1.0000000  8.4337301  0.9114566
 8333.3 8403.4  1.0000000  8.3357573  0.9112366
 8403.4 8474.6  1.0000000  8.2378540  0.9109793
 8474.6 8547.0  1.0000000  8.1390285  0.9107074
 8547.0 8620.7  1.0000000  8.0385342  0.9104308
 8620.7 8695.7  1.0000000  7.9362369  0.9101494
 8695.7 8771.9  1.0000000  7.8321347  0.9098630
 8771.9 8849.6  1.0000000  7.7263670  0.9095720
 8849.6 8928.6  1.0000000  7.6185188  0.9092753
 8928.6 9009.0  1.0000000  7.5088644  0.9089736
 9009.0 9090.9  1.0000000  7.3972669  0.9086666
 9090.9 9174.3  1.0000000  7.2835870  0.9083538
 9174.3 9259.3  1.0000000  7.1678267  0.9080353
 9259.3 9345.8  1.0000000  7.0498443  0.9077107
 9345.8 9434.0  1.0000000  6.9297800  0.9073803
 9434.0 9523.8  1.0000000  6.8073559  0.9070435
 9523.8 9615.4  1.0000000  6.6827116  0.9067006
 9615.4 9708.7  1.0000000  6.5555677  0.9063508
 9708.7 9803.9  1.0000000  6.4260654  0.9059945
 9803.9 9901.0  1.0000000  6.2939253  0.9056309
 9901.0 9911.0  1.0000000  6.1591482  0.9052601
