 1176.5 1177.9  0.4910771 10.9650040  0.7986047
 1177.9 1179.2  0.4908431 10.9721746  0.7985916
 1179.2 1180.6  0.4906259 10.9788332  0.7985795
 1180.6 1182.0  0.4903919 10.9860039  0.7985663
 1182.0 1183.4  0.4901579 10.9931746  0.7985533
 1183.4 1184.8  0.4899239 11.0003452  0.7985402
 1184.8 1186.2  0.4896899 11.0075150  0.7985271
 1186.2 1187.6  0.4894559 11.0146856  0.7985139
 1187.6 1189.1  0.4892220 11.0218563  0.7985008
 1189.1 1190.5  0.4889713 11.0295391  0.7984868
 1190.5 1191.9  0.4887373 11.0367088  0.7984737
 1191.9 1193.3  0.4885033 11.0438795  0.7984606
 1193.3 1194.7  0.4882693 11.0510502  0.7984475
 1194.7 1196.2  0.4880353 11.0582209  0.7984344
 1196.2 1197.6  0.4877846 11.0659027  0.7984204
 1197.6 1199.0  0.4875506 11.0730734  0.7984073
 1199.0 1200.5  0.4873166 11.0802441  0.7983942
 1200.5 1201.9  0.4870659 11.0879269  0.7983801
 1201.9 1203.4  0.4868320 11.0950975  0.7983671
 1203.4 1204.8  0.4865813 11.1027803  0.7983530
 1204.8 1206.3  0.4863473 11.1099510  0.7983399
 1206.3 1207.7  0.4860966 11.1176338  0.7983259
 1207.7 1209.2  0.4858626 11.1248035  0.7983128
 1209.2 1210.7  0.4856119 11.1324863  0.7982988
 1210.7 1212.1  0.4853612 11.1401691  0.7982847
 1212.1 1213.6  0.4851272 11.1473398  0.7982716
 1213.6 1215.1  0.4848765 11.1550217  0.7982576
 1215.1 1216.5  0.4846258 11.1627045  0.7982435
 1216.5 1218.0  0.4843918 11.1698751  0.7982305
 1218.0 1219.5  0.4841411 11.1775579  0.7982164
 1219.5 1221.0  0.4838904 11.1852407  0.7982024
 1221.0 1222.5  0.4836397 11.1929235  0.7981883
 1222.5 1224.0  0.4833890 11.2006063  0.7981743
 1224.0 1225.5  0.4831384 11.2082891  0.7981603
 1225.5 1227.0  0.4828877 11.2159710  0.7981462
 1227.0 1228.5  0.4826370 11.2236538  0.7981322
 1228.5 1230.0  0.4823863 11.2313366  0.7981182
 1230.0 1231.5  0.4821356 11.2390194  0.7981041
 1231.5 1233.0  0.4818849 11.2467022  0.7980901
 1233.0 1234.6  0.4816342 11.2543850  0.7980760
 1234.6 1236.1  0.4813668 11.2625790  0.7980611
 1236.1 1237.6  0.4811161 11.2702618  0.7980471
 1237.6 1239.2  0.4808654 11.2779446  0.7980330
 1239.2 1240.7  0.4805979 11.2861395  0.7980180
 1240.7 1242.2  0.4803472 11.2938223  0.7980040
 1242.2 1243.8  0.4800965 11.3015051  0.7979900
 1243.8 1245.3  0.4798291 11.3097000  0.7979750
 1245.3 1246.9  0.4795784 11.3173828  0.7979609
 1246.9 1248.4  0.4793110 11.3255777  0.7979460
 1248.4 1250.0  0.4790603 11.3332605  0.7979320
 1250.0 1251.6  0.4787929 11.3414545  0.7979169
 1251.6 1253.1  0.4785255 11.3496494  0.7979020
 1253.1 1254.7  0.4782748 11.3573322  0.7978880
 1254.7 1256.3  0.4780074 11.3655272  0.7978730
 1256.3 1257.9  0.4777400 11.3737221  0.7978580
 1257.9 1259.4  0.4774726 11.3819170  0.7978430
 1259.4 1261.0  0.4772219 11.3895998  0.7978290
 1261.0 1262.6  0.4769545 11.3977947  0.7978141
 1262.6 1264.2  0.4766870 11.4059887  0.7977991
 1264.2 1265.8  0.4764197 11.4141836  0.7977841
 1265.8 1267.4  0.4761522 11.4223795  0.7977691
 1267.4 1269.0  0.4758848 11.4305744  0.7977542
 1269.0 1270.6  0.4756174 11.4387684  0.7977392
 1270.6 1272.3  0.4753500 11.4469633  0.7977242
 1272.3 1273.9  0.4750659 11.4556704  0.7977083
 1273.9 1275.5  0.4747984 11.4638653  0.7976933
 1275.5 1277.1  0.4745311 11.4720602  0.7976784
 1277.1 1278.8  0.4742636 11.4802551  0.7976634
 1278.8 1280.4  0.4739795 11.4889622  0.7976475
 1280.4 1282.1  0.4737121 11.4971571  0.7976325
 1282.1 1283.7  0.4734280 11.5058641  0.7976166
 1283.7 1285.3  0.4731606 11.5140581  0.7976016
 1285.3 1287.0  0.4728931 11.5222540  0.7975867
 1287.0 1288.7  0.4726090 11.5309610  0.7975708
 1288.7 1290.3  0.4723249 11.5396671  0.7975549
 1290.3 1292.0  0.4720575 11.5478630  0.7975399
 1292.0 1293.7  0.4717734 11.5565691  0.7975240
 1293.7 1295.3  0.4714893 11.5652761  0.7975081
 1295.3 1297.0  0.4712218 11.5734720  0.7974931
 1297.0 1298.7  0.4709377 11.5821781  0.7974772
 1298.7 1300.4  0.4706536 11.5908852  0.7974613
 1300.4 1302.1  0.4703917 11.5989666  0.7974385
 1302.1 1303.8  0.4702022 11.6050158  0.7973935
 1303.8 1305.5  0.4700127 11.6110649  0.7973484
 1305.5 1307.2  0.4698232 11.6171131  0.7973034
 1307.2 1308.9  0.4696336 11.6231623  0.7972584
 1308.9 1310.6  0.4694441 11.6292114  0.7972133
 1310.6 1312.3  0.4692546 11.6352596  0.7971683
 1312.3 1314.1  0.4690650 11.6413088  0.7971233
 1314.1 1315.8  0.4688644 11.6477127  0.7970756
 1315.8 1317.5  0.4686748 11.6537619  0.7970306
 1317.5 1319.3  0.4684853 11.6598110  0.7969855
 1319.3 1321.0  0.4682847 11.6662159  0.7969378
 1321.0 1322.8  0.4680952 11.6722641  0.7968928
 1322.8 1324.5  0.4678945 11.6786690  0.7968451
 1324.5 1326.3  0.4677050 11.6847181  0.7968001
 1326.3 1328.0  0.4675043 11.6911221  0.7967524
 1328.0 1329.8  0.4673147 11.6971712  0.7967074
 1329.8 1331.6  0.4671141 11.7035761  0.7966597
 1331.6 1333.3  0.4669134 11.7099800  0.7966120
 1333.3 1335.1  0.4667239 11.7160292  0.7965670
 1335.1 1336.9  0.4665232 11.7224340  0.7965193
 1336.9 1338.7  0.4663225 11.7288389  0.7964716
 1338.7 1340.5  0.4661219 11.7352428  0.7964239
 1340.5 1342.3  0.4659212 11.7416477  0.7963762
 1342.3 1344.1  0.4657205 11.7480526  0.7963285
 1344.1 1345.9  0.4655199 11.7544565  0.7962809
 1345.9 1347.7  0.4653192 11.7608614  0.7962332
 1347.7 1349.5  0.4651185 11.7672663  0.7961855
 1349.5 1351.4  0.4649178 11.7736712  0.7961378
 1351.4 1353.2  0.4647201 11.7800770  0.7960717
 1353.2 1355.0  0.4645375 11.7860260  0.7960038
 1355.0 1356.9  0.4643549 11.7919750  0.7959358
 1356.9 1358.7  0.4641622 11.7982540  0.7958640
 1358.7 1360.5  0.4639796 11.8042030  0.7957961
 1360.5 1362.4  0.4637970 11.8101521  0.7957281
 1362.4 1364.3  0.4636042 11.8164320  0.7956564
 1364.3 1366.1  0.4634115 11.8227110  0.7955846
 1366.1 1368.0  0.4632289 11.8286600  0.7955167
 1368.0 1369.9  0.4630362 11.8349400  0.7954450
 1369.9 1371.7  0.4628434 11.8412189  0.7953732
 1371.7 1373.6  0.4626609 11.8471680  0.7953053
 1373.6 1375.5  0.4624681 11.8534479  0.7952335
 1375.5 1377.4  0.4622754 11.8597269  0.7951618
 1377.4 1379.3  0.4620827 11.8660069  0.7950900
 1379.3 1381.2  0.4618899 11.8722858  0.7950183
 1381.2 1383.1  0.4616972 11.8785658  0.7949466
 1383.1 1385.0  0.4615045 11.8848448  0.7948748
 1385.0 1387.0  0.4613117 11.8911247  0.7948031
 1387.0 1388.9  0.4611088 11.8977346  0.7947276
 1388.9 1390.8  0.4609161 11.9040146  0.7946558
 1390.8 1392.8  0.4607233 11.9102936  0.7945841
 1392.8 1394.7  0.4605205 11.9169035  0.7945086
 1394.7 1396.6  0.4603277 11.9231825  0.7944368
 1396.6 1398.6  0.4601350 11.9294624  0.7943651
 1398.6 1400.6  0.4599321 11.9360723  0.7942896
 1400.6 1402.5  0.4597348 11.9425297  0.7942078
 1402.5 1404.5  0.4595595 11.9483242  0.7941163
 1404.5 1406.5  0.4593750 11.9544239  0.7940201
 1406.5 1408.5  0.4591905 11.9605246  0.7939237
 1408.5 1410.4  0.4590060 11.9666243  0.7938274
 1410.4 1412.4  0.4588307 11.9724188  0.7937359
 1412.4 1414.4  0.4586463 11.9785194  0.7936397
 1414.4 1416.4  0.4584618 11.9846191  0.7935433
 1416.4 1418.4  0.4582773 11.9907188  0.7934470
 1418.4 1420.5  0.4580928 11.9968185  0.7933507
 1420.5 1422.5  0.4578991 12.0032234  0.7932496
 1422.5 1424.5  0.4577146 12.0093231  0.7931533
 1424.5 1426.5  0.4575301 12.0154228  0.7930570
 1426.5 1428.6  0.4573456 12.0215235  0.7929607
 1428.6 1430.6  0.4571519 12.0279284  0.7928596
 1430.6 1432.7  0.4569674 12.0340281  0.7927633
 1432.7 1434.7  0.4567737 12.0404329  0.7926621
 1434.7 1436.8  0.4565892 12.0465326  0.7925658
 1436.8 1438.8  0.4563954 12.0529375  0.7924647
 1438.8 1440.9  0.4562110 12.0590372  0.7923684
 1440.9 1443.0  0.4560173 12.0654421  0.7922673
 1443.0 1445.1  0.4558235 12.0718470  0.7921662
 1445.1 1447.2  0.4556298 12.0782518  0.7920651
 1447.2 1449.3  0.4554361 12.0846567  0.7919639
 1449.3 1451.4  0.4552424 12.0910616  0.7918628
 1451.4 1453.5  0.4550605 12.0971041  0.7917483
 1453.5 1455.6  0.4548844 12.1029654  0.7916270
 1455.6 1457.7  0.4547084 12.1088257  0.7915057
 1457.7 1459.9  0.4545324 12.1146870  0.7913845
 1459.9 1462.0  0.4543480 12.1208277  0.7912574
 1462.0 1464.1  0.4541720 12.1266880  0.7911361
 1464.1 1466.3  0.4539959 12.1325493  0.7910149
 1466.3 1468.4  0.4538115 12.1386890  0.7908878
 1468.4 1470.6  0.4536355 12.1445503  0.7907665
 1470.6 1472.8  0.4534511 12.1506901  0.7906395
 1472.8 1474.9  0.4532667 12.1568308  0.7905124
 1474.9 1477.1  0.4530906 12.1626911  0.7903911
 1477.1 1479.3  0.4529063 12.1688318  0.7902641
 1479.3 1481.5  0.4527218 12.1749716  0.7901371
 1481.5 1483.7  0.4525374 12.1811113  0.7900100
 1483.7 1485.9  0.4523530 12.1872520  0.7898830
 1485.9 1488.1  0.4521686 12.1933918  0.7897559
 1488.1 1490.3  0.4519842 12.1995316  0.7896289
 1490.3 1492.5  0.4517998 12.2056723  0.7895018
 1492.5 1494.8  0.4516154 12.2118120  0.7893748
 1494.8 1497.0  0.4514226 12.2182312  0.7892420
 1497.0 1499.3  0.4512382 12.2243710  0.7891150
 1499.3 1501.5  0.4510454 12.2307911  0.7889821
 1501.5 1503.8  0.4508725 12.2365332  0.7888417
 1503.8 1506.0  0.4506975 12.2423429  0.7886885
 1506.0 1508.3  0.4505301 12.2479000  0.7885420
 1508.3 1510.6  0.4503550 12.2537098  0.7883887
 1510.6 1512.9  0.4501799 12.2595196  0.7882355
 1512.9 1515.2  0.4500049 12.2653294  0.7880822
 1515.2 1517.5  0.4498298 12.2711391  0.7879291
 1517.5 1519.8  0.4496548 12.2769489  0.7877758
 1519.8 1522.1  0.4494797 12.2827587  0.7876226
 1522.1 1524.4  0.4493047 12.2885685  0.7874693
 1524.4 1526.7  0.4491296 12.2943783  0.7873161
 1526.7 1529.1  0.4489546 12.3001881  0.7871629
 1529.1 1531.4  0.4487719 12.3062506  0.7870030
 1531.4 1533.7  0.4485968 12.3120604  0.7868498
 1533.7 1536.1  0.4484218 12.3178692  0.7866966
 1536.1 1538.5  0.4482391 12.3239317  0.7865366
 1538.5 1540.8  0.4480565 12.3299942  0.7863768
 1540.8 1543.2  0.4478814 12.3358040  0.7862235
 1543.2 1545.6  0.4476987 12.3418665  0.7860637
 1545.6 1548.0  0.4475161 12.3479290  0.7859038
 1548.0 1550.4  0.4473334 12.3539915  0.7857438
 1550.4 1552.8  0.4471536 12.3599443  0.7855807
 1552.8 1555.2  0.4469879 12.3653526  0.7854010
 1555.2 1557.6  0.4468222 12.3707600  0.7852213
 1557.6 1560.1  0.4466565 12.3761673  0.7850417
 1560.1 1562.5  0.4464839 12.3818007  0.7848545
 1562.5 1564.9  0.4463182 12.3872080  0.7846749
 1564.9 1567.4  0.4461525 12.3926153  0.7844952
 1567.4 1569.9  0.4459799 12.3982487  0.7843081
 1569.9 1572.3  0.4458073 12.4038820  0.7841209
 1572.3 1574.8  0.4456416 12.4092894  0.7839412
 1574.8 1577.3  0.4454691 12.4149227  0.7837541
 1577.3 1579.8  0.4452965 12.4205551  0.7835670
 1579.8 1582.3  0.4451239 12.4261885  0.7833798
 1582.3 1584.8  0.4449513 12.4318209  0.7831926
 1584.8 1587.3  0.4447787 12.4374542  0.7830055
 1587.3 1589.8  0.4446061 12.4430876  0.7828183
 1589.8 1592.4  0.4444335 12.4487200  0.7826312
 1592.4 1594.9  0.4442540 12.4545784  0.7824365
 1594.9 1597.4  0.4440814 12.4602118  0.7822494
 1597.4 1600.0  0.4439088 12.4658442  0.7820622
 1600.0 1602.6  0.4437293 12.4717026  0.7818676
 1602.6 1605.1  0.4435677 12.4768419  0.7816520
 1605.1 1607.7  0.4434124 12.4817829  0.7814447
 1607.7 1610.3  0.4432508 12.4869223  0.7812292
 1610.3 1612.9  0.4430892 12.4920616  0.7810136
 1612.9 1615.5  0.4429276 12.4972010  0.7807980
 1615.5 1618.1  0.4427660 12.5023394  0.7805824
 1618.1 1620.7  0.4426045 12.5074787  0.7803668
 1620.7 1623.4  0.4424429 12.5126181  0.7801512
 1623.4 1626.0  0.4422751 12.5179548  0.7799274
 1626.0 1628.7  0.4421135 12.5230942  0.7797118
 1628.7 1631.3  0.4419457 12.5284309  0.7794879
 1631.3 1634.0  0.4417841 12.5335693  0.7792723
 1634.0 1636.7  0.4416163 12.5389061  0.7790485
 1636.7 1639.3  0.4414485 12.5442429  0.7788246
 1639.3 1642.0  0.4412870 12.5493822  0.7786090
 1642.0 1644.7  0.4411192 12.5547190  0.7783852
 1644.7 1647.4  0.4409514 12.5600557  0.7781613
 1647.4 1650.2  0.4407836 12.5653925  0.7779374
 1650.2 1652.9  0.4406111 12.5708733  0.7777035
 1652.9 1655.6  0.4404642 12.5754862  0.7774556
 1655.6 1658.4  0.4403172 12.5800991  0.7772077
 1658.4 1661.1  0.4401648 12.5848818  0.7769506
 1661.1 1663.9  0.4400178 12.5894947  0.7767027
 1663.9 1666.7  0.4398654 12.5942783  0.7764457
 1666.7 1669.4  0.4397131 12.5990620  0.7761886
 1669.4 1672.2  0.4395661 12.6036739  0.7759407
 1672.2 1675.0  0.4394137 12.6084576  0.7756836
 1675.0 1677.9  0.4392613 12.6132412  0.7754266
 1677.9 1680.7  0.4391035 12.6181955  0.7751603
 1680.7 1683.5  0.4389511 12.6229792  0.7749032
 1683.5 1686.3  0.4387987 12.6277628  0.7746462
 1686.3 1689.2  0.4386463 12.6325455  0.7743891
 1689.2 1692.0  0.4384884 12.6374998  0.7741229
 1692.0 1694.9  0.4383360 12.6422834  0.7738658
 1694.9 1697.8  0.4381782 12.6472378  0.7735996
 1697.8 1700.7  0.4380203 12.6521921  0.7733333
 1700.7 1703.6  0.4378775 12.6566811  0.7730839
 1703.6 1706.5  0.4377819 12.6597090  0.7728872
 1706.5 1709.4  0.4376863 12.6627369  0.7726905
 1709.4 1712.3  0.4375907 12.6657648  0.7724938
 1712.3 1715.3  0.4374950 12.6687927  0.7722972
 1715.3 1718.2  0.4373961 12.6719255  0.7720938
 1718.2 1721.2  0.4373005 12.6749535  0.7718971
 1721.2 1724.1  0.4372016 12.6780853  0.7716936
 1724.1 1727.1  0.4371059 12.6811132  0.7714970
 1727.1 1730.1  0.4370070 12.6842451  0.7712936
 1730.1 1733.1  0.4369081 12.6873779  0.7710901
 1733.1 1736.1  0.4368092 12.6905098  0.7708867
 1736.1 1739.1  0.4367102 12.6936426  0.7706832
 1739.1 1742.2  0.4366113 12.6967745  0.7704798
 1742.2 1745.2  0.4365091 12.7000113  0.7702696
 1745.2 1748.3  0.4364102 12.7031441  0.7700661
 1748.3 1751.3  0.4363080 12.7063808  0.7698559
 1751.3 1754.4  0.4362090 12.7095127  0.7696525
 1754.4 1757.5  0.4361035 12.7128744  0.7694268
 1757.5 1760.6  0.4359752 12.7170782  0.7690966
 1760.6 1763.7  0.4358470 12.7212820  0.7687663
 1763.7 1766.8  0.4357187 12.7254858  0.7684361
 1766.8 1769.9  0.4355905 12.7296906  0.7681058
 1769.9 1773.0  0.4354622 12.7338943  0.7677756
 1773.0 1776.2  0.4353444 12.7378693  0.7674338
 1776.2 1779.4  0.4352231 12.7419643  0.7670805
 1779.4 1782.5  0.4351018 12.7460604  0.7667272
 1782.5 1785.7  0.4349844 12.7500277  0.7663850
 1785.7 1788.9  0.4348631 12.7541227  0.7660317
 1788.9 1792.1  0.4347523 12.7580013  0.7656668
 1792.1 1795.3  0.4346427 12.7618570  0.7653006
 1795.3 1798.6  0.4345331 12.7657137  0.7649344
 1798.6 1801.8  0.4344200 12.7696896  0.7645568
 1801.8 1805.1  0.4343103 12.7735453  0.7641907
 1805.1 1808.3  0.4342065 12.7773952  0.7637882
 1808.3 1811.6  0.4341065 12.7811213  0.7633962
 1811.6 1814.9  0.4340033 12.7849627  0.7629921
 1814.9 1818.2  0.4339001 12.7888050  0.7625879
 1818.2 1821.5  0.4337979 12.7926245  0.7621836
 1821.5 1824.8  0.4337113 12.7961035  0.7617768
 1824.8 1828.2  0.4336248 12.7995825  0.7613699
 1828.2 1831.5  0.4335357 12.8031664  0.7609507
 1831.5 1834.9  0.4334491 12.8066454  0.7605439
 1834.9 1838.2  0.4333600 12.8102293  0.7601247
 1838.2 1841.6  0.4332877 12.8134661  0.7597023
 1841.6 1845.0  0.4332137 12.8167925  0.7592666
 1845.0 1848.4  0.4331397 12.8201189  0.7588308
 1848.4 1851.9  0.4330657 12.8234453  0.7583951
 1851.9 1855.3  0.4329895 12.8268690  0.7579465
 1855.3 1858.7  0.4329296 12.8300295  0.7574806
 1858.7 1862.2  0.4328701 12.8331842  0.7570137
 1862.2 1865.7  0.4328089 12.8364325  0.7565332
 1865.7 1869.2  0.4327476 12.8396807  0.7560526
 1869.2 1872.7  0.4326875 12.8429079  0.7555717
 1872.7 1876.2  0.4326455 12.8457985  0.7550858
 1876.2 1879.7  0.4326035 12.8486891  0.7545999
 1879.7 1883.2  0.4325615 12.8515797  0.7541140
 1883.2 1886.8  0.4325196 12.8544693  0.7536281
 1886.8 1890.4  0.4324764 12.8574429  0.7531283
 1890.4 1893.9  0.4324515 12.8601551  0.7526085
 1893.9 1897.5  0.4324284 12.8627768  0.7521021
 1897.5 1901.1  0.4324046 12.8654737  0.7515813
 1901.1 1904.8  0.4323808 12.8681707  0.7510604
 1904.8 1908.4  0.4323563 12.8709421  0.7505250
 1908.4 1912.0  0.4323521 12.8734379  0.7499686
 1912.0 1915.7  0.4323490 12.8759212  0.7494100
 1915.7 1919.4  0.4323459 12.8784742  0.7488359
 1919.4 1923.1  0.4323428 12.8810272  0.7482619
 1923.1 1926.8  0.4323402 12.8835707  0.7476876
 1926.8 1930.5  0.4323595 12.8857718  0.7471048
 1930.5 1934.2  0.4323789 12.8879719  0.7465220
 1934.2 1938.0  0.4323982 12.8901720  0.7459393
 1938.0 1941.7  0.4324180 12.8924322  0.7453407
 1941.7 1945.5  0.4324373 12.8946323  0.7447580
 1945.5 1949.3  0.4324798 12.8966208  0.7441350
 1949.3 1953.1  0.4325241 12.8985863  0.7435099
 1953.1 1956.9  0.4325685 12.9005518  0.7428848
 1956.9 1960.8  0.4326129 12.9025173  0.7422597
 1960.8 1964.6  0.4326585 12.9045343  0.7416182
 1964.6 1968.5  0.4327278 12.9062719  0.7409511
 1968.5 1972.4  0.4328003 12.9080429  0.7402640
 1972.4 1976.3  0.4328728 12.9098139  0.7395769
 1976.3 1980.2  0.4329454 12.9115849  0.7388898
 1980.2 1984.1  0.4330190 12.9133406  0.7382023
 1984.1 1988.1  0.4331113 12.9148149  0.7375066
 1988.1 1992.0  0.4332060 12.9163265  0.7367932
 1992.0 1996.0  0.4332984 12.9178009  0.7360976
 1996.0 2000.0  0.4333931 12.9193134  0.7353842
 2000.0 2004.0  0.4334878 12.9208250  0.7346707
 2004.0 2008.0  0.4336037 12.9221516  0.7339135
 2008.0 2012.1  0.4337196 12.9234791  0.7331563
 2012.1 2016.1  0.4338384 12.9248390  0.7323802
 2016.1 2020.2  0.4339543 12.9261656  0.7316229
 2020.2 2024.3  0.4340736 12.9275160  0.7308466
 2024.3 2028.4  0.4342030 12.9286766  0.7300664
 2028.4 2032.5  0.4343324 12.9298372  0.7292863
 2032.5 2036.7  0.4344618 12.9309978  0.7285061
 2036.7 2040.8  0.4345944 12.9321861  0.7277070
 2040.8 2045.0  0.4347238 12.9333467  0.7269267
 2045.0 2049.2  0.4348645 12.9344254  0.7261075
 2049.2 2053.4  0.4350057 12.9354982  0.7252873
 2053.4 2057.6  0.4351468 12.9365711  0.7244670
 2057.6 2061.9  0.4352880 12.9376440  0.7236467
 2061.9 2066.1  0.4354324 12.9387426  0.7228069
 2066.1 2070.4  0.4355798 12.9397850  0.7219493
 2070.4 2074.7  0.4357308 12.9408522  0.7210705
 2074.7 2079.0  0.4358818 12.9419184  0.7201915
 2079.0 2083.3  0.4360328 12.9429855  0.7193126
 2083.3 2087.7  0.4361836 12.9440527  0.7184326
 2087.7 2092.1  0.4363345 12.9451513  0.7175178
 2092.1 2096.4  0.4364854 12.9462509  0.7166029
 2096.4 2100.8  0.4366329 12.9473257  0.7157089
 2100.8 2105.3  0.4367839 12.9484253  0.7147940
 2105.3 2109.7  0.4369373 12.9495535  0.7138589
 2109.7 2114.2  0.4370747 12.9507084  0.7129516
 2114.2 2118.6  0.4372152 12.9518900  0.7120237
 2118.6 2123.1  0.4373527 12.9530449  0.7111164
 2123.1 2127.7  0.4374932 12.9542265  0.7101884
 2127.7 2132.2  0.4376369 12.9554338  0.7092400
 2132.2 2136.8  0.4377609 12.9567652  0.7083032
 2136.8 2141.3  0.4378864 12.9581366  0.7073449
 2141.3 2145.9  0.4380092 12.9594784  0.7064074
 2145.9 2150.5  0.4381348 12.9608498  0.7054492
 2150.5 2155.2  0.4382603 12.9622211  0.7044909
 2155.2 2159.8  0.4383692 12.9639587  0.7034491
 2159.8 2164.5  0.4384734 12.9657001  0.7024220
 2164.5 2169.2  0.4385799 12.9674788  0.7013727
 2169.2 2173.9  0.4386863 12.9692564  0.7003234
 2173.9 2178.6  0.4387928 12.9710350  0.6992741
 2178.6 2183.4  0.4388552 12.9728765  0.6983603
 2183.4 2188.2  0.4389179 12.9747581  0.6974302
 2188.2 2193.0  0.4389805 12.9766397  0.6965000
 2193.0 2197.8  0.4390433 12.9785213  0.6955699
 2197.8 2202.6  0.4391060 12.9804029  0.6946397
 2202.6 2207.5  0.4391463 12.9827185  0.6936321
 2207.5 2212.4  0.4391680 12.9854584  0.6925366
 2212.4 2217.3  0.4391898 12.9881983  0.6914411
 2217.3 2222.2  0.4392116 12.9909382  0.6903456
 2222.2 2227.2  0.4392310 12.9936962  0.6892524
 2227.2 2232.1  0.4391945 12.9969444  0.6881931
 2232.1 2237.1  0.4391587 13.0001278  0.6871550
 2237.1 2242.2  0.4391222 13.0033760  0.6860957
 2242.2 2247.2  0.4390849 13.0066891  0.6850152
 2247.2 2252.3  0.4390457 13.0099630  0.6839573
 2252.3 2257.3  0.4389378 13.0139322  0.6829118
 2257.3 2262.4  0.4388319 13.0178232  0.6818869
 2262.4 2267.6  0.4387240 13.0217924  0.6808414
 2267.6 2272.7  0.4386140 13.0258389  0.6797754
 2272.7 2277.9  0.4385060 13.0298080  0.6787300
 2277.9 2283.1  0.4383102 13.0347795  0.6776645
 2283.1 2288.3  0.4381091 13.0398073  0.6765991
 2288.3 2293.6  0.4379081 13.0448351  0.6755336
 2293.6 2298.9  0.4377031 13.0499601  0.6744477
 2298.9 2304.1  0.4374982 13.0550852  0.6733618
 2304.1 2309.5  0.4372035 13.0610132  0.6723422
 2309.5 2314.8  0.4368956 13.0671873  0.6712843
 2314.8 2320.2  0.4365934 13.0732470  0.6702461
 2320.2 2325.6  0.4362855 13.0794210  0.6691883
 2325.6 2331.0  0.4359776 13.0855961  0.6681303
 2331.0 2336.4  0.4355510 13.0930376  0.6670879
 2336.4 2341.9  0.4351149 13.1005812  0.6660465
 2341.9 2347.4  0.4346707 13.1082649  0.6649859
 2347.4 2352.9  0.4342265 13.1159487  0.6639253
 2352.9 2358.5  0.4337824 13.1236315  0.6628647
 2358.5 2364.1  0.4331953 13.1328793  0.6618313
 2364.1 2369.7  0.4326057 13.1421518  0.6607988
 2369.7 2375.3  0.4320161 13.1514244  0.6597664
 2375.3 2381.0  0.4314266 13.1606970  0.6587339
 2381.0 2386.6  0.4308265 13.1701355  0.6576830
 2386.6 2392.3  0.4301431 13.1806498  0.6567301
 2392.3 2398.1  0.4294476 13.1913519  0.6557600
 2398.1 2403.8  0.4287399 13.2022419  0.6547731
 2403.8 2409.6  0.4280443 13.2129440  0.6538031
 2409.6 2415.5  0.4273366 13.2238340  0.6528161
 2415.5 2421.3  0.4265809 13.2362814  0.6518821
 2421.3 2427.2  0.4258355 13.2486172  0.6509689
 2427.2 2433.1  0.4250773 13.2611647  0.6500400
 2433.1 2439.0  0.4243190 13.2737131  0.6491111
 2439.0 2445.0  0.4235607 13.2862606  0.6481822
 2445.0 2451.0  0.4228721 13.2999830  0.6473617
 2451.0 2457.0  0.4221835 13.3137054  0.6465411
 2457.0 2463.1  0.4214949 13.3274288  0.6457206
 2463.1 2469.1  0.4207948 13.3413801  0.6448864
 2469.1 2475.2  0.4201096 13.3551130  0.6440685
 2475.2 2481.4  0.4196129 13.3697004  0.6433949
 2481.4 2487.6  0.4191080 13.3845263  0.6427103
 2487.6 2493.8  0.4186031 13.3993540  0.6420258
 2493.8 2500.0  0.4180982 13.4141798  0.6413411
 2500.0 2506.3  0.4175934 13.4290066  0.6406566
 2506.3 2512.6  0.4174218 13.4441051  0.6401700
 2512.6 2518.9  0.4172502 13.4592028  0.6396834
 2518.9 2525.3  0.4170787 13.4743004  0.6391968
 2525.3 2531.6  0.4169044 13.4896383  0.6387025
 2531.6 2538.1  0.4167328 13.5047369  0.6382159
 2538.1 2544.5  0.4170215 13.5204096  0.6379420
 2544.5 2551.0  0.4173358 13.5358477  0.6376871
 2551.0 2557.5  0.4176551 13.5515270  0.6374282
 2557.5 2564.1  0.4179744 13.5672054  0.6371692
 2564.1 2570.7  0.4183090 13.5831203  0.6369110
 2570.7 2577.3  0.4193228 13.5986366  0.6369523
 2577.3 2584.0  0.4203366 13.6141548  0.6369938
 2584.0 2590.7  0.4213658 13.6299067  0.6370358
 2590.7 2597.4  0.4223950 13.6456585  0.6370778
 2597.4 2604.2  0.4234719 13.6613169  0.6371403
 2604.2 2611.0  0.4253271 13.6757021  0.6375313
 2611.0 2617.8  0.4271822 13.6900873  0.6379223
 2617.8 2624.7  0.4290374 13.7044725  0.6383134
 2624.7 2631.6  0.4309198 13.7190695  0.6387101
 2631.6 2638.5  0.4328023 13.7336664  0.6391068
 2638.5 2645.5  0.4355995 13.7468538  0.6398492
 2645.5 2652.5  0.4384944 13.7601442  0.6406239
 2652.5 2659.6  0.4413892 13.7734356  0.6413985
 2659.6 2666.7  0.4443254 13.7869158  0.6421843
 2666.7 2673.8  0.4472616 13.8003969  0.6429701
 2673.8 2681.0  0.4510331 13.8117256  0.6440337
 2681.0 2688.2  0.4548950 13.8231182  0.6451248
 2688.2 2695.4  0.4587570 13.8345098  0.6462159
 2695.4 2702.7  0.4626189 13.8459024  0.6473069
 2702.7 2710.0  0.4665346 13.8574524  0.6484131
 2710.0 2717.4  0.4711753 13.8662643  0.6497043
 2717.4 2724.8  0.4759110 13.8750782  0.6510211
 2724.8 2732.2  0.4806469 13.8838911  0.6523380
 2732.2 2739.7  0.4853826 13.8927050  0.6536548
 2739.7 2747.3  0.4901824 13.9016371  0.6549894
 2747.3 2754.8  0.4956515 13.9072332  0.6564207
 2754.8 2762.4  0.5010732 13.9126158  0.6578363
 2762.4 2770.1  0.5065672 13.9180708  0.6592707
 2770.1 2777.8  0.5121336 13.9235964  0.6607241
 2777.8 2785.5  0.5176998 13.9291229  0.6621774
 2785.5 2793.3  0.5237222 13.9304247  0.6635854
 2793.3 2801.1  0.5298352 13.9316292  0.6650105
 2801.1 2809.0  0.5359481 13.9328337  0.6664355
 2809.0 2816.9  0.5421393 13.9340534  0.6678788
 2816.9 2824.9  0.5483305 13.9352741  0.6693221
 2824.9 2832.9  0.5549753 13.9311581  0.6706036
 2832.9 2840.9  0.5616247 13.9269733  0.6718828
 2840.9 2849.0  0.5682741 13.9227896  0.6731620
 2849.0 2857.1  0.5750068 13.9185534  0.6744572
 2857.1 2865.3  0.5817386 13.9142418  0.6757477
 2865.3 2873.6  0.5884826 13.9038057  0.6766694
 2873.6 2881.8  0.5953089 13.8932419  0.6776023
 2881.8 2890.2  0.6020529 13.8828058  0.6785240
 2890.2 2898.6  0.6089613 13.8721142  0.6794682
 2898.6 2907.0  0.6158699 13.8614235  0.6804124
 2907.0 2915.5  0.6228102 13.8431673  0.6808448
 2915.5 2924.0  0.6298350 13.8243103  0.6812565
 2924.0 2932.6  0.6368597 13.8054543  0.6816683
 2932.6 2941.2  0.6439672 13.7863760  0.6820849
 2941.2 2949.9  0.6510652 13.7671175  0.6824866
 2949.9 2958.6  0.6578560 13.7399626  0.6822618
 2958.6 2967.4  0.6646471 13.7128077  0.6820370
 2967.4 2976.2  0.6715159 13.6853418  0.6818097
 2976.2 2985.1  0.6783849 13.6578751  0.6815823
 2985.1 2994.0  0.6853281 13.6300039  0.6813456
 2994.0 3003.0  0.6919228 13.5940933  0.6805170
 3003.0 3012.0  0.6985918 13.5577784  0.6796790
 3012.0 3021.1  0.7052608 13.5214624  0.6788411
 3021.1 3030.3  0.7120038 13.4847441  0.6779938
 3030.3 3039.5  0.7188019 13.4474115  0.6771225
 3039.5 3048.8  0.7250332 13.4038429  0.6758121
 3048.8 3058.1  0.7313323 13.3598013  0.6744875
 3058.1 3067.5  0.7376314 13.3157587  0.6731629
 3067.5 3076.9  0.7439982 13.2712440  0.6718241
 3076.9 3086.4  0.7503650 13.2267284  0.6704853
 3086.4 3096.0  0.7562431 13.1753120  0.6687939
 3096.0 3105.6  0.7621771 13.1232853  0.6670809
 3105.6 3115.3  0.7681111 13.0712585  0.6653680
 3115.3 3125.0  0.7741069 13.0186911  0.6636373
 3125.0 3134.8  0.7801026 12.9661226  0.6619066
 3134.8 3144.7  0.7853142 12.9093761  0.6600399
 3144.7 3154.6  0.7905789 12.8520527  0.6581541
 3154.6 3164.6  0.7958437 12.7947264  0.6562684
 3164.6 3174.6  0.8011616 12.7368231  0.6543636
 3174.6 3184.7  0.8064795 12.6789188  0.6524588
 3184.7 3194.9  0.8110320 12.6171150  0.6505635
 3194.9 3205.1  0.8155955 12.5545597  0.6486508
 3205.1 3215.4  0.8201592 12.4920025  0.6467379
 3215.4 3225.8  0.8247674 12.4288349  0.6448063
 3225.8 3236.2  0.8293483 12.3648787  0.6428708
 3236.2 3246.8  0.8330629 12.2988396  0.6411135
 3246.8 3257.3  0.8368490 12.2315302  0.6393224
 3257.3 3268.0  0.8405993 12.1648550  0.6375482
 3268.0 3278.7  0.8444211 12.0969114  0.6357402
 3278.7 3289.5  0.8479303 12.0283670  0.6340185
 3289.5 3300.3  0.8508756 11.9580336  0.6324455
 3300.3 3311.3  0.8538209 11.8877010  0.6308725
 3311.3 3322.3  0.8568207 11.8160658  0.6292704
 3322.3 3333.3  0.8598205 11.7444315  0.6276683
 3333.3 3344.5  0.8622377 11.6714649  0.6262327
 3344.5 3355.7  0.8645059 11.5967312  0.6248264
 3355.7 3367.0  0.8667741 11.5219984  0.6234200
 3367.0 3378.4  0.8690625 11.4465961  0.6220011
 3378.4 3389.8  0.8710869 11.3758869  0.6207088
 3389.8 3401.4  0.8724421 11.3177843  0.6197441
 3401.4 3413.0  0.8738211 11.2586641  0.6187624
 3413.0 3424.7  0.8752001 11.1995420  0.6177808
 3424.7 3436.4  0.8765910 11.1399117  0.6167907
 3436.4 3448.3  0.8794476 10.9373569  0.6140569
 3448.3 3460.2  0.8823924 10.7275114  0.6112297
 3460.2 3472.2  0.8835503 10.6235476  0.6099478
 3472.2 3484.3  0.8844175 10.5365047  0.6089149
 3484.3 3496.5  0.8852920 10.4487352  0.6078733
 3496.5 3508.8  0.8861737 10.3602409  0.6068232
 3508.8 3521.1  0.8870627 10.2710209  0.6057644
 3521.1 3533.6  0.8879516 10.1818008  0.6047057
 3533.6 3546.1  0.8888550 10.0911303  0.6036298
 3546.1 3558.7  0.8897584 10.0004606  0.6025538
 3558.7 3571.4  0.8904228  9.9072857  0.6015703
 3571.4 3584.2  0.8909812  9.8125668  0.6006246
 3584.2 3597.1  0.8915440  9.7171011  0.5996715
 3597.1 3610.1  0.8921111  9.6208887  0.5987110
 3610.1 3623.2  0.8926827  9.5239315  0.5977430
 3623.2 3636.4  0.8932587  9.4262295  0.5967675
 3636.4 3649.6  0.8938391  9.3277817  0.5957847
 3649.6 3663.0  0.8944194  9.2293310  0.5948018
 3663.0 3676.5  0.8948078  9.1297760  0.5939407
 3676.5 3690.0  0.8951929  9.0294886  0.5930774
 3690.0 3703.7  0.8955780  8.9292011  0.5922142
 3703.7 3717.5  0.8959688  8.8274288  0.5913381
 3717.5 3731.3  0.8963624  8.7249126  0.5904557
 3731.3 3745.3  0.8967561  8.6223965  0.5895732
 3745.3 3759.4  0.8971555  8.5183945  0.5886779
 3759.4 3773.6  0.8974992  8.4162445  0.5878755
 3773.6 3787.9  0.8978160  8.3146734  0.5871172
 3787.9 3802.3  0.8981350  8.2123899  0.5863537
 3802.3 3816.8  0.8984563  8.1093893  0.5855847
 3816.8 3831.4  0.8987797  8.0056734  0.5848104
 3831.4 3846.2  0.8991054  7.9012442  0.5840308
 3846.2 3861.0  0.8994356  7.7953825  0.5832405
 3861.0 3876.0  0.8997646  7.6945305  0.5825597
 3876.0 3891.1  0.9000975  7.5940704  0.5819080
 3891.1 3906.2  0.9004327  7.4929395  0.5812519
 3906.2 3921.6  0.9007679  7.3918104  0.5805959
 3921.6 3937.0  0.9011098  7.2886705  0.5799267
 3937.0 3952.6  0.9014516  7.1855321  0.5792576
 3952.6 3968.3  0.9018033  7.0824776  0.5786016
 3968.3 3984.1  0.9021842  6.9859333  0.5780509
 3984.1 4000.0  0.9025676  6.8887734  0.5774966
 4000.0 4016.1  0.9029534  6.7909994  0.5769389
 4016.1 4032.3  0.9033440  6.6919947  0.5763741
 4032.3 4048.6  0.9037371  6.5923758  0.5758059
 4048.6 4065.0  0.9041325  6.4921412  0.5752341
 4065.0 4081.6  0.9045699  6.4002805  0.5747586
 4081.6 4098.4  0.9050162  6.3081474  0.5742867
 4098.4 4115.2  0.9054680  6.2149062  0.5738091
 4115.2 4132.2  0.9059197  6.1216621  0.5733315
 4132.2 4149.4  0.9063769  6.0273094  0.5728482
 4149.4 4166.7  0.9068394  5.9318485  0.5723593
 4166.7 4184.1  0.9073386  5.8455982  0.5719553
 4184.1 4201.7  0.9078420  5.7592044  0.5715520
 4201.7 4219.4  0.9083511  5.6718163  0.5711442
 4219.4 4237.3  0.9088632  5.5839338  0.5707341
 4237.3 4255.3  0.9093810  5.4950571  0.5703193
 4255.3 4273.5  0.9099045  5.4084435  0.5699241
 4273.5 4291.8  0.9104404  5.3275533  0.5695774
 4291.8 4310.3  0.9109794  5.2462201  0.5692288
 4310.3 4329.0  0.9115242  5.1639972  0.5688764
 4329.0 4347.8  0.9120749  5.0808849  0.5685201
 4347.8 4366.8  0.9126286  4.9973292  0.5681620
 4366.8 4386.0  0.9131743  4.9206057  0.5678537
 4386.0 4405.3  0.9137238  4.8440952  0.5675493
 4405.3 4424.8  0.9142763  4.7671881  0.5672433
 4424.8 4444.4  0.9148344  4.6894827  0.5669341
 4444.4 4464.3  0.9153955  4.6113787  0.5666233
 4464.3 4484.3  0.9159463  4.5377932  0.5663442
 4484.3 4504.5  0.9164925  4.4660854  0.5660779
 4504.5 4524.9  0.9170441  4.3936605  0.5658091
 4524.9 4545.5  0.9176012  4.3205190  0.5655375
 4545.5 4566.2  0.9181637  4.2466602  0.5652633
 4566.2 4587.2  0.9187100  4.1779776  0.5650221
 4587.2 4608.3  0.9192588  4.1098604  0.5647871
 4608.3 4629.6  0.9198102  4.0414205  0.5645509
 4629.6 4651.2  0.9203669  3.9723291  0.5643125
 4651.2 4672.9  0.9209301  3.9026175  0.5640728
 4672.9 4694.8  0.9214758  3.8385975  0.5638685
 4694.8 4717.0  0.9220264  3.7739871  0.5636623
 4717.0 4739.3  0.9225846  3.7084906  0.5634532
 4739.3 4761.9  0.9231452  3.6427002  0.5632432
 4761.9 4784.7  0.9237035  3.5790496  0.5630480
 4784.7 4807.7  0.9242576  3.5175803  0.5628670
 4807.7 4830.9  0.9248166  3.4555724  0.5626845
 4830.9 4854.4  0.9253804  3.3930261  0.5625004
 4854.4 4878.0  0.9259484  3.3306520  0.5623193
 4878.0 4902.0  0.9265050  3.2722909  0.5621613
 4902.0 4926.1  0.9270710  3.2129409  0.5620006
 4926.1 4950.5  0.9276394  3.1533434  0.5618392
 4950.5 4975.1  0.9282145  3.0931039  0.5616764
 4975.1 5000.0  0.9287795  3.0371614  0.5615371
 5000.0 5025.1  0.9293516  2.9805369  0.5613961
 5025.1 5050.5  0.9299281  2.9234574  0.5612540
 5050.5 5076.1  0.9305113  2.8657863  0.5611106
 5076.1 5102.0  0.9310858  2.8121982  0.5609878
 5102.0 5128.2  0.9316669  2.7579825  0.5608634
 5128.2 5154.6  0.9322549  2.7031384  0.5607377
 5154.6 5181.3  0.9328451  2.6486506  0.5606143
 5181.3 5208.3  0.9334318  2.5972571  0.5605053
 5208.3 5235.6  0.9340251  2.5452857  0.5603950
 5235.6 5263.2  0.9346250  2.4927363  0.5602835
 5263.2 5291.0  0.9352261  2.4417384  0.5601786
 5291.0 5319.1  0.9358255  2.3927109  0.5600816
 5319.1 5347.6  0.9364313  2.3431535  0.5599835
 5347.6 5376.3  0.9370458  2.2928910  0.5598840
 5376.3 5405.4  0.9376547  2.2464623  0.5597966
 5405.4 5434.8  0.9382713  2.1997733  0.5597093
 5434.8 5464.5  0.9388943  2.1526031  0.5596210
 5464.5 5494.5  0.9395185  2.1073005  0.5595375
 5494.5 5524.9  0.9401436  2.0640278  0.5594594
 5524.9 5555.6  0.9407772  2.0201786  0.5593802
 5555.6 5586.6  0.9414151  1.9768158  0.5593020
 5586.6 5618.0  0.9420511  1.9371932  0.5592313
 5618.0 5649.7  0.9426952  1.8970594  0.5591596
 5649.7 5681.8  0.9433455  1.8565419  0.5590873
 5681.8 5714.3  0.9439948  1.8203317  0.5590224
 5714.3 5747.1  0.9446520  1.7837158  0.5589567
 5747.1 5780.3  0.9453154  1.7467617  0.5588903
 5780.3 5814.0  0.9459791  1.7131959  0.5588297
 5814.0 5848.0  0.9466521  1.6794970  0.5587687
 5848.0 5882.4  0.9473311  1.6454984  0.5587072
 5882.4 5917.2  0.9480110  1.6144536  0.5586506
 5917.2 5952.4  0.9486985  1.5832570  0.5585935
 5952.4 5988.0  0.9493935  1.5519028  0.5585362
 5988.0 6024.1  0.9500900  1.5229644  0.5584827
 6024.1 6060.6  0.9507964  1.4936196  0.5584284
 6060.6 6097.6  0.9515088  1.4646517  0.5583746
 6097.6 6135.0  0.9522265  1.4370263  0.5583228
 6135.0 6172.8  0.9529521  1.4091021  0.5582705
 6172.8 6211.2  0.9536821  1.3820417  0.5582193
 6211.2 6250.0  0.9544214  1.3553282  0.5581684
 6250.0 6289.3  0.9551684  1.3283367  0.5581169
 6289.3 6329.1  0.9559197  1.3024634  0.5580667
 6329.1 6369.4  0.9566806  1.2762606  0.5580158
 6369.4 6410.3  0.9574485  1.2502099  0.5579647
 6410.3 6451.6  0.9582251  1.2242970  0.5579134
 6451.6 6493.5  0.9590092  1.1981515  0.5578614
 6493.5 6535.9  0.9597997  1.1721522  0.5578088
 6535.9 6578.9  0.9605996  1.1458426  0.5577555
 6578.9 6622.5  0.9614074  1.1192105  0.5577006
 6622.5 6666.7  0.9622247  1.0922314  0.5576446
 6666.7 6711.4  0.9630510  1.0647213  0.5575870
 6711.4 6756.8  0.9638832  1.0366349  0.5575274
 6756.8 6802.7  0.9647276  1.0079681  0.5574663
 6802.7 6849.3  0.9655761  0.9781787  0.5574015
 6849.3 6896.6  0.9664376  0.9479356  0.5573357
 6896.6 6944.4  0.9673045  0.9160468  0.5572645
 6944.4 6993.0  0.9681804  0.8838031  0.5571926
 6993.0 7042.3  0.9690618  0.8501520  0.5571153
 7042.3 7092.2  0.9699546  0.8159019  0.5570363
 7092.2 7142.9  0.9708464  0.7807853  0.5569525
 7142.9 7194.2  0.9717501  0.7450228  0.5568666
 7194.2 7246.4  0.9726485  0.7087774  0.5567757
 7246.4 7299.3  0.9735600  0.6718869  0.5566825
 7299.3 7352.9  0.9744613  0.6348920  0.5565835
 7352.9 7407.4  0.9753711  0.5974870  0.5564825
 7407.4 7462.7  0.9762673  0.5603525  0.5563747
 7462.7 7518.8  0.9771680  0.5230218  0.5562639
 7518.8 7575.8  0.9780521  0.4863392  0.5561469
 7575.8 7633.6  0.9789291  0.4500586  0.5560250
 7633.6 7692.3  0.9797921  0.4144833  0.5558976
 7692.3 7751.9  0.9806262  0.3804909  0.5557626
 7751.9 7812.5  0.9814542  0.3469400  0.5556231
 7812.5 7874.0  0.9822257  0.3165920  0.5554721
 7874.0 7936.5  0.9829741  0.2877105  0.5553147
 7936.5 8000.0  0.9836798  0.2614036  0.5551479
 8000.0 8064.5  0.9843106  0.2395788  0.5549681
 8064.5 8130.1  0.9848979  0.2204847  0.5547792
 8130.1 8196.7  0.9853903  0.2071317  0.5545747
 8196.7 8264.5  0.9857752  0.2003122  0.5543535
 8264.5 8333.3  0.9860744  0.1988115  0.5541177
 8333.3 8403.4  0.9862191  0.2066849  0.5538599
 8403.4 8474.6  0.9861790  0.2258470  0.5535759
 8474.6 8547.0  0.9860786  0.2488479  0.5532805
 8547.0 8620.7  0.9859766  0.2722368  0.5529801
 8620.7 8695.7  0.9858728  0.2960457  0.5526743
 8695.7 8771.9  0.9857671  0.3202744  0.5523631
 8771.9 8849.6  0.9856597  0.3448909  0.5520470
 8849.6 8928.6  0.9855502  0.3699916  0.5517246
 8928.6 9009.0  0.9854389  0.3955125  0.5513968
 9009.0 9090.9  0.9853256  0.4214859  0.5510632
 9090.9 9174.3  0.9852102  0.4479438  0.5507234
 9174.3 9259.3  0.9850928  0.4748859  0.5503773
 9259.3 9345.8  0.9849730  0.5023452  0.5500247
 9345.8 9434.0  0.9848511  0.5302890  0.5496657
 9434.0 9523.8  0.9847268  0.5587821  0.5492998
 9523.8 9615.4  0.9846002  0.5877919  0.5489272
 9615.4 9708.7  0.9844712  0.6173834  0.5485471
 9708.7 9803.9  0.9843397  0.6475239  0.5481601
 9803.9 9901.0  0.9842056  0.6782783  0.5477651
 9901.0 9911.0  0.9840688  0.7096463  0.5473622
