 1176.5 1177.9  0.4156434 19.5047951  0.8949406
 1177.9 1179.2  0.4154153 19.5190430  0.8949536
 1179.2 1180.6  0.4152035 19.5322704  0.8949656
 1180.6 1182.0  0.4149754 19.5465164  0.8949786
 1182.0 1183.4  0.4147473 19.5607643  0.8949916
 1183.4 1184.8  0.4145193 19.5750103  0.8950046
 1184.8 1186.2  0.4142912 19.5892563  0.8950176
 1186.2 1187.6  0.4140631 19.6035023  0.8950306
 1187.6 1189.1  0.4138350 19.6177483  0.8950436
 1189.1 1190.5  0.4135906 19.6330128  0.8950575
 1190.5 1191.9  0.4133626 19.6472607  0.8950705
 1191.9 1193.3  0.4131345 19.6615067  0.8950835
 1193.3 1194.7  0.4129064 19.6757526  0.8950965
 1194.7 1196.2  0.4126783 19.6899986  0.8951095
 1196.2 1197.6  0.4124340 19.7052631  0.8951234
 1197.6 1199.0  0.4122058 19.7195091  0.8951364
 1199.0 1200.5  0.4119778 19.7337551  0.8951494
 1200.5 1201.9  0.4117334 19.7490196  0.8951633
 1201.9 1203.4  0.4115053 19.7632656  0.8951763
 1203.4 1204.8  0.4112609 19.7785301  0.8951902
 1204.8 1206.3  0.4110329 19.7927780  0.8952032
 1206.3 1207.7  0.4107885 19.8080406  0.8952171
 1207.7 1209.2  0.4105604 19.8222866  0.8952301
 1209.2 1210.7  0.4103161 19.8375511  0.8952440
 1210.7 1212.1  0.4100717 19.8528137  0.8952579
 1212.1 1213.6  0.4098436 19.8670616  0.8952709
 1213.6 1215.1  0.4095992 19.8823242  0.8952848
 1215.1 1216.5  0.4093548 19.8975887  0.8952988
 1216.5 1218.0  0.4091268 19.9118366  0.8953118
 1218.0 1219.5  0.4088824 19.9270992  0.8953257
 1219.5 1221.0  0.4086380 19.9423637  0.8953396
 1221.0 1222.5  0.4083936 19.9576283  0.8953535
 1222.5 1224.0  0.4081493 19.9728928  0.8953674
 1224.0 1225.5  0.4079049 19.9881554  0.8953813
 1225.5 1227.0  0.4076605 20.0034199  0.8953953
 1227.0 1228.5  0.4074161 20.0186844  0.8954092
 1228.5 1230.0  0.4071718 20.0339470  0.8954231
 1230.0 1231.5  0.4069274 20.0492115  0.8954370
 1231.5 1233.0  0.4066830 20.0644760  0.8954509
 1233.0 1234.6  0.4064386 20.0797405  0.8954649
 1234.6 1236.1  0.4061780 20.0960217  0.8954797
 1236.1 1237.6  0.4059336 20.1112843  0.8954936
 1237.6 1239.2  0.4056892 20.1265488  0.8955076
 1239.2 1240.7  0.4054286 20.1428299  0.8955224
 1240.7 1242.2  0.4051842 20.1580944  0.8955363
 1242.2 1243.8  0.4049398 20.1733589  0.8955503
 1243.8 1245.3  0.4046791 20.1896420  0.8955651
 1245.3 1246.9  0.4044348 20.2049046  0.8955790
 1246.9 1248.4  0.4041741 20.2211857  0.8955938
 1248.4 1250.0  0.4039297 20.2364502  0.8956078
 1250.0 1251.6  0.4036691 20.2527313  0.8956226
 1251.6 1253.1  0.4034084 20.2690125  0.8956375
 1253.1 1254.7  0.4031641 20.2842770  0.8956514
 1254.7 1256.3  0.4029034 20.3005581  0.8956662
 1256.3 1257.9  0.4026427 20.3168411  0.8956811
 1257.9 1259.4  0.4023820 20.3331223  0.8956959
 1259.4 1261.0  0.4021377 20.3483868  0.8957098
 1261.0 1262.6  0.4018770 20.3646679  0.8957247
 1262.6 1264.2  0.4016164 20.3809490  0.8957396
 1264.2 1265.8  0.4013557 20.3972301  0.8957544
 1265.8 1267.4  0.4010950 20.4135132  0.8957692
 1267.4 1269.0  0.4008344 20.4297943  0.8957841
 1269.0 1270.6  0.4005737 20.4460754  0.8957989
 1270.6 1272.3  0.4003130 20.4623566  0.8958138
 1272.3 1273.9  0.4000361 20.4796562  0.8958296
 1273.9 1275.5  0.3997754 20.4959393  0.8958444
 1275.5 1277.1  0.3995147 20.5122204  0.8958592
 1277.1 1278.8  0.3992541 20.5285015  0.8958741
 1278.8 1280.4  0.3989771 20.5458012  0.8958899
 1280.4 1282.1  0.3987164 20.5620823  0.8959047
 1282.1 1283.7  0.3984395 20.5793819  0.8959205
 1283.7 1285.3  0.3981788 20.5956631  0.8959353
 1285.3 1287.0  0.3979182 20.6119442  0.8959502
 1287.0 1288.7  0.3976412 20.6292439  0.8959659
 1288.7 1290.3  0.3973643 20.6465416  0.8959817
 1290.3 1292.0  0.3971036 20.6628246  0.8959966
 1292.0 1293.7  0.3968266 20.6801243  0.8960124
 1293.7 1295.3  0.3965497 20.6974220  0.8960281
 1295.3 1297.0  0.3962890 20.7137051  0.8960429
 1297.0 1298.7  0.3960121 20.7310047  0.8960587
 1298.7 1300.4  0.3957351 20.7483025  0.8960745
 1300.4 1302.1  0.3954794 20.7643280  0.8960858
 1302.1 1303.8  0.3952927 20.7762070  0.8960824
 1303.8 1305.5  0.3951060 20.7880878  0.8960791
 1305.5 1307.2  0.3949192 20.7999687  0.8960757
 1307.2 1308.9  0.3947325 20.8118477  0.8960723
 1308.9 1310.6  0.3945458 20.8237305  0.8960689
 1310.6 1312.3  0.3943591 20.8356094  0.8960656
 1312.3 1314.1  0.3941724 20.8474903  0.8960622
 1314.1 1315.8  0.3939747 20.8600693  0.8960587
 1315.8 1317.5  0.3937880 20.8719501  0.8960553
 1317.5 1319.3  0.3936013 20.8838310  0.8960519
 1319.3 1321.0  0.3934036 20.8964100  0.8960484
 1321.0 1322.8  0.3932169 20.9082909  0.8960450
 1322.8 1324.5  0.3930192 20.9208698  0.8960415
 1324.5 1326.3  0.3928325 20.9327507  0.8960381
 1326.3 1328.0  0.3926348 20.9453297  0.8960345
 1328.0 1329.8  0.3924481 20.9572086  0.8960311
 1329.8 1331.6  0.3922504 20.9697895  0.8960276
 1331.6 1333.3  0.3920527 20.9823685  0.8960240
 1333.3 1335.1  0.3918660 20.9942493  0.8960207
 1335.1 1336.9  0.3916683 21.0068283  0.8960171
 1336.9 1338.7  0.3914706 21.0194073  0.8960135
 1338.7 1340.5  0.3912729 21.0319862  0.8960099
 1340.5 1342.3  0.3910752 21.0445652  0.8960064
 1342.3 1344.1  0.3908775 21.0571461  0.8960028
 1344.1 1345.9  0.3906798 21.0697231  0.8959993
 1345.9 1347.7  0.3904821 21.0823040  0.8959957
 1347.7 1349.5  0.3902844 21.0948830  0.8959921
 1349.5 1351.4  0.3900867 21.1074619  0.8959886
 1351.4 1353.2  0.3898911 21.1199932  0.8959776
 1353.2 1355.0  0.3897102 21.1316128  0.8959647
 1355.0 1356.9  0.3895293 21.1432323  0.8959518
 1356.9 1358.7  0.3893383 21.1554966  0.8959383
 1358.7 1360.5  0.3891575 21.1671162  0.8959254
 1360.5 1362.4  0.3889765 21.1787357  0.8959125
 1362.4 1364.3  0.3887856 21.1910019  0.8958989
 1364.3 1366.1  0.3885947 21.2032661  0.8958853
 1366.1 1368.0  0.3884138 21.2148857  0.8958725
 1368.0 1369.9  0.3882228 21.2271500  0.8958589
 1369.9 1371.7  0.3880318 21.2394161  0.8958454
 1371.7 1373.6  0.3878510 21.2510338  0.8958325
 1373.6 1375.5  0.3876600 21.2632999  0.8958189
 1375.5 1377.4  0.3874691 21.2755642  0.8958053
 1377.4 1379.3  0.3872781 21.2878304  0.8957917
 1379.3 1381.2  0.3870871 21.3000946  0.8957781
 1381.2 1383.1  0.3868962 21.3123589  0.8957646
 1383.1 1385.0  0.3867052 21.3246250  0.8957510
 1385.0 1387.0  0.3865143 21.3368893  0.8957374
 1387.0 1388.9  0.3863133 21.3498001  0.8957231
 1388.9 1390.8  0.3861223 21.3620644  0.8957095
 1390.8 1392.8  0.3859314 21.3743305  0.8956959
 1392.8 1394.7  0.3857304 21.3872395  0.8956816
 1394.7 1396.6  0.3855394 21.3995056  0.8956681
 1396.6 1398.6  0.3853485 21.4117699  0.8956545
 1398.6 1400.6  0.3851475 21.4246807  0.8956402
 1400.6 1402.5  0.3849517 21.4372787  0.8956231
 1402.5 1404.5  0.3847773 21.4485550  0.8956007
 1404.5 1406.5  0.3845938 21.4604244  0.8955772
 1406.5 1408.5  0.3844102 21.4722919  0.8955536
 1408.5 1410.4  0.3842266 21.4841614  0.8955301
 1410.4 1412.4  0.3840523 21.4954376  0.8955078
 1412.4 1414.4  0.3838687 21.5073071  0.8954842
 1414.4 1416.4  0.3836851 21.5191765  0.8954607
 1416.4 1418.4  0.3835016 21.5310459  0.8954371
 1418.4 1420.5  0.3833180 21.5429153  0.8954136
 1420.5 1422.5  0.3831253 21.5553780  0.8953888
 1422.5 1424.5  0.3829418 21.5672474  0.8953653
 1424.5 1426.5  0.3827582 21.5791168  0.8953418
 1426.5 1428.6  0.3825746 21.5909863  0.8953182
 1428.6 1430.6  0.3823819 21.6034489  0.8952935
 1430.6 1432.7  0.3821983 21.6153183  0.8952699
 1432.7 1434.7  0.3820056 21.6277809  0.8952452
 1434.7 1436.8  0.3818220 21.6396503  0.8952217
 1436.8 1438.8  0.3816293 21.6521130  0.8951969
 1438.8 1440.9  0.3814457 21.6639824  0.8951734
 1440.9 1443.0  0.3812530 21.6764450  0.8951486
 1443.0 1445.1  0.3810602 21.6889076  0.8951240
 1445.1 1447.2  0.3808675 21.7013702  0.8950992
 1447.2 1449.3  0.3806748 21.7138329  0.8950745
 1449.3 1451.4  0.3804820 21.7262955  0.8950498
 1451.4 1453.5  0.3803008 21.7380409  0.8950193
 1453.5 1455.6  0.3801252 21.7494297  0.8949859
 1455.6 1457.7  0.3799496 21.7608166  0.8949525
 1457.7 1459.9  0.3797741 21.7722054  0.8949192
 1459.9 1462.0  0.3795902 21.7841358  0.8948842
 1462.0 1464.1  0.3794146 21.7955227  0.8948508
 1464.1 1466.3  0.3792391 21.8069115  0.8948174
 1466.3 1468.4  0.3790551 21.8188419  0.8947825
 1468.4 1470.6  0.3788795 21.8302288  0.8947491
 1470.6 1472.8  0.3786956 21.8421593  0.8947141
 1472.8 1474.9  0.3785117 21.8540897  0.8946792
 1474.9 1477.1  0.3783362 21.8654785  0.8946458
 1477.1 1479.3  0.3781523 21.8774071  0.8946108
 1479.3 1481.5  0.3779683 21.8893394  0.8945758
 1481.5 1483.7  0.3777844 21.9012680  0.8945409
 1483.7 1485.9  0.3776005 21.9131985  0.8945059
 1485.9 1488.1  0.3774166 21.9251289  0.8944710
 1488.1 1490.3  0.3772326 21.9370594  0.8944360
 1490.3 1492.5  0.3770487 21.9489899  0.8944010
 1492.5 1494.8  0.3768648 21.9609203  0.8943661
 1494.8 1497.0  0.3766725 21.9733925  0.8943295
 1497.0 1499.3  0.3764886 21.9853230  0.8942946
 1499.3 1501.5  0.3762963 21.9977951  0.8942580
 1501.5 1503.8  0.3761240 22.0089645  0.8942176
 1503.8 1506.0  0.3759494 22.0202694  0.8941727
 1506.0 1508.3  0.3757824 22.0310841  0.8941297
 1508.3 1510.6  0.3756078 22.0423908  0.8940848
 1510.6 1512.9  0.3754332 22.0536957  0.8940399
 1512.9 1515.2  0.3752587 22.0650024  0.8939949
 1515.2 1517.5  0.3750841 22.0763073  0.8939500
 1517.5 1519.8  0.3749095 22.0876141  0.8939051
 1519.8 1522.1  0.3747349 22.0989208  0.8938602
 1522.1 1524.4  0.3745604 22.1102257  0.8938152
 1524.4 1526.7  0.3743858 22.1215324  0.8937703
 1526.7 1529.1  0.3742112 22.1328373  0.8937254
 1529.1 1531.4  0.3740290 22.1446342  0.8936785
 1531.4 1533.7  0.3738545 22.1559410  0.8936336
 1533.7 1536.1  0.3736799 22.1672478  0.8935887
 1536.1 1538.5  0.3734977 22.1790447  0.8935418
 1538.5 1540.8  0.3733156 22.1908417  0.8934949
 1540.8 1543.2  0.3731410 22.2021484  0.8934500
 1543.2 1545.6  0.3729588 22.2139454  0.8934031
 1545.6 1548.0  0.3727767 22.2257423  0.8933563
 1548.0 1550.4  0.3725945 22.2375412  0.8933094
 1550.4 1552.8  0.3724152 22.2491360  0.8932612
 1552.8 1555.2  0.3722506 22.2597179  0.8932067
 1555.2 1557.6  0.3720859 22.2702999  0.8931521
 1557.6 1560.1  0.3719212 22.2808819  0.8930975
 1560.1 1562.5  0.3717497 22.2919044  0.8930407
 1562.5 1564.9  0.3715850 22.3024864  0.8929861
 1564.9 1567.4  0.3714203 22.3130703  0.8929316
 1567.4 1569.9  0.3712488 22.3240929  0.8928747
 1569.9 1572.3  0.3710772 22.3351154  0.8928179
 1572.3 1574.8  0.3709126 22.3456974  0.8927633
 1574.8 1577.3  0.3707410 22.3567219  0.8927065
 1577.3 1579.8  0.3705695 22.3677444  0.8926497
 1579.8 1582.3  0.3703980 22.3787670  0.8925928
 1582.3 1584.8  0.3702264 22.3897915  0.8925360
 1584.8 1587.3  0.3700549 22.4008141  0.8924792
 1587.3 1589.8  0.3698833 22.4118366  0.8924223
 1589.8 1592.4  0.3697118 22.4228611  0.8923655
 1592.4 1594.9  0.3695334 22.4343243  0.8923064
 1594.9 1597.4  0.3693618 22.4453468  0.8922495
 1597.4 1600.0  0.3691903 22.4563713  0.8921927
 1600.0 1602.6  0.3690119 22.4678345  0.8921336
 1602.6 1605.1  0.3688522 22.4779758  0.8920665
 1605.1 1607.7  0.3686986 22.4877281  0.8920020
 1607.7 1610.3  0.3685389 22.4978695  0.8919349
 1610.3 1612.9  0.3683792 22.5080128  0.8918678
 1612.9 1615.5  0.3682195 22.5181541  0.8918007
 1615.5 1618.1  0.3680597 22.5282955  0.8917336
 1618.1 1620.7  0.3679000 22.5384388  0.8916665
 1620.7 1623.4  0.3677403 22.5485802  0.8915995
 1623.4 1626.0  0.3675744 22.5591125  0.8915298
 1626.0 1628.7  0.3674147 22.5692539  0.8914627
 1628.7 1631.3  0.3672489 22.5797863  0.8913930
 1631.3 1634.0  0.3670891 22.5899277  0.8913260
 1634.0 1636.7  0.3669233 22.6004601  0.8912563
 1636.7 1639.3  0.3667574 22.6109924  0.8911866
 1639.3 1642.0  0.3665977 22.6211338  0.8911195
 1642.0 1644.7  0.3664318 22.6316662  0.8910498
 1644.7 1647.4  0.3662660 22.6421986  0.8909801
 1647.4 1650.2  0.3661001 22.6527309  0.8909105
 1650.2 1652.9  0.3659297 22.6635494  0.8908375
 1652.9 1655.6  0.3657846 22.6727009  0.8907580
 1655.6 1658.4  0.3656397 22.6818504  0.8906786
 1658.4 1661.1  0.3654893 22.6913395  0.8905962
 1661.1 1663.9  0.3653443 22.7004890  0.8905167
 1663.9 1666.7  0.3651939 22.7099800  0.8904343
 1666.7 1669.4  0.3650436 22.7194672  0.8903519
 1669.4 1672.2  0.3648986 22.7286186  0.8902724
 1672.2 1675.0  0.3647482 22.7381077  0.8901900
 1675.0 1677.9  0.3645979 22.7475967  0.8901076
 1677.9 1680.7  0.3644421 22.7574253  0.8900223
 1680.7 1683.5  0.3642918 22.7669144  0.8899398
 1683.5 1686.3  0.3641414 22.7764034  0.8898574
 1686.3 1689.2  0.3639910 22.7858925  0.8897750
 1689.2 1692.0  0.3638353 22.7957191  0.8896897
 1692.0 1694.9  0.3636849 22.8052101  0.8896073
 1694.9 1697.8  0.3635292 22.8150368  0.8895219
 1697.8 1700.7  0.3633734 22.8248653  0.8894365
 1700.7 1703.6  0.3632324 22.8337688  0.8893562
 1703.6 1706.5  0.3631378 22.8397675  0.8892915
 1706.5 1709.4  0.3630431 22.8457661  0.8892268
 1709.4 1712.3  0.3629484 22.8517628  0.8891621
 1712.3 1715.3  0.3628537 22.8577614  0.8890974
 1715.3 1718.2  0.3627558 22.8639660  0.8890305
 1718.2 1721.2  0.3626611 22.8699646  0.8889657
 1721.2 1724.1  0.3625632 22.8761692  0.8888988
 1724.1 1727.1  0.3624685 22.8821678  0.8888341
 1727.1 1730.1  0.3623705 22.8883724  0.8887672
 1730.1 1733.1  0.3622726 22.8945770  0.8887002
 1733.1 1736.1  0.3621747 22.9007816  0.8886333
 1736.1 1739.1  0.3620767 22.9069862  0.8885664
 1739.1 1742.2  0.3619788 22.9131927  0.8884994
 1742.2 1745.2  0.3618776 22.9196033  0.8884303
 1745.2 1748.3  0.3617796 22.9258080  0.8883634
 1748.3 1751.3  0.3616784 22.9322205  0.8882942
 1751.3 1754.4  0.3615805 22.9384251  0.8882273
 1754.4 1757.5  0.3614757 22.9450760  0.8881526
 1757.5 1760.6  0.3613474 22.9533329  0.8880408
 1760.6 1763.7  0.3612190 22.9615879  0.8879291
 1763.7 1766.8  0.3610907 22.9698448  0.8878174
 1766.8 1769.9  0.3609624 22.9781017  0.8877056
 1769.9 1773.0  0.3608340 22.9863586  0.8875939
 1773.0 1776.2  0.3607151 22.9941101  0.8874766
 1776.2 1779.4  0.3605927 23.0020943  0.8873554
 1779.4 1782.5  0.3604703 23.0100784  0.8872342
 1782.5 1785.7  0.3603517 23.0178146  0.8871167
 1785.7 1788.9  0.3602293 23.0257969  0.8869955
 1788.9 1792.1  0.3601163 23.0332890  0.8868686
 1792.1 1795.3  0.3600043 23.0407276  0.8867412
 1795.3 1798.6  0.3598922 23.0481682  0.8866137
 1798.6 1801.8  0.3597767 23.0558395  0.8864822
 1801.8 1805.1  0.3596647 23.0632782  0.8863548
 1805.1 1808.3  0.3595569 23.0706100  0.8862126
 1808.3 1811.6  0.3594528 23.0776997  0.8860741
 1811.6 1814.9  0.3593455 23.0850105  0.8859313
 1814.9 1818.2  0.3592382 23.0923214  0.8857884
 1818.2 1821.5  0.3591318 23.0995827  0.8856454
 1821.5 1824.8  0.3590397 23.1060829  0.8854995
 1824.8 1828.2  0.3589475 23.1125832  0.8853536
 1828.2 1831.5  0.3588526 23.1192799  0.8852032
 1831.5 1834.9  0.3587604 23.1257801  0.8850573
 1834.9 1838.2  0.3586655 23.1324787  0.8849070
 1838.2 1841.6  0.3585856 23.1383839  0.8847533
 1841.6 1845.0  0.3585038 23.1444492  0.8845946
 1845.0 1848.4  0.3584219 23.1505146  0.8844360
 1848.4 1851.9  0.3583400 23.1565800  0.8842773
 1851.9 1855.3  0.3582557 23.1628227  0.8841140
 1855.3 1858.7  0.3581855 23.1684055  0.8839417
 1858.7 1862.2  0.3581156 23.1739712  0.8837690
 1862.2 1865.7  0.3580437 23.1797009  0.8835912
 1865.7 1869.2  0.3579717 23.1854305  0.8834135
 1869.2 1872.7  0.3579008 23.1911125  0.8832355
 1872.7 1876.2  0.3578458 23.1959934  0.8830530
 1876.2 1879.7  0.3577908 23.2008762  0.8828705
 1879.7 1883.2  0.3577358 23.2057571  0.8826880
 1883.2 1886.8  0.3576809 23.2106380  0.8825055
 1886.8 1890.4  0.3576243 23.2156601  0.8823178
 1890.4 1893.9  0.3575833 23.2199860  0.8821198
 1893.9 1897.5  0.3575442 23.2241535  0.8819267
 1897.5 1901.1  0.3575041 23.2284393  0.8817280
 1901.1 1904.8  0.3574639 23.2327271  0.8815293
 1904.8 1908.4  0.3574226 23.2371311  0.8813251
 1908.4 1912.0  0.3573984 23.2407856  0.8811098
 1912.0 1915.7  0.3573751 23.2444038  0.8808934
 1915.7 1919.4  0.3573511 23.2481232  0.8806710
 1919.4 1923.1  0.3573271 23.2518406  0.8804486
 1923.1 1926.8  0.3573037 23.2555351  0.8802261
 1926.8 1930.5  0.3572990 23.2583523  0.8799969
 1930.5 1934.2  0.3572944 23.2611694  0.8797677
 1934.2 1938.0  0.3572897 23.2639885  0.8795385
 1938.0 1941.7  0.3572849 23.2668819  0.8793032
 1941.7 1945.5  0.3572803 23.2696991  0.8790740
 1945.5 1949.3  0.3572942 23.2718067  0.8788255
 1949.3 1953.1  0.3573098 23.2738457  0.8785760
 1953.1 1956.9  0.3573253 23.2758846  0.8783265
 1956.9 1960.8  0.3573408 23.2779236  0.8780770
 1960.8 1964.6  0.3573568 23.2800179  0.8778209
 1964.6 1968.5  0.3573924 23.2812939  0.8775510
 1968.5 1972.4  0.3574301 23.2825603  0.8772728
 1972.4 1976.3  0.3574678 23.2838249  0.8769946
 1976.3 1980.2  0.3575055 23.2850914  0.8767164
 1980.2 1984.1  0.3575441 23.2863178  0.8764379
 1984.1 1988.1  0.3575988 23.2868137  0.8761528
 1988.1 1992.0  0.3576549 23.2873211  0.8758605
 1992.0 1996.0  0.3577097 23.2878170  0.8755754
 1996.0 2000.0  0.3577658 23.2883263  0.8752829
 2000.0 2004.0  0.3578219 23.2888336  0.8749906
 2004.0 2008.0  0.3578952 23.2887154  0.8746770
 2008.0 2012.1  0.3579685 23.2885952  0.8743634
 2012.1 2016.1  0.3580436 23.2884731  0.8740420
 2016.1 2020.2  0.3581169 23.2883549  0.8737285
 2020.2 2024.3  0.3581924 23.2882099  0.8734068
 2024.3 2028.4  0.3582772 23.2876301  0.8730809
 2028.4 2032.5  0.3583619 23.2870483  0.8727551
 2032.5 2036.7  0.3584467 23.2864666  0.8724292
 2036.7 2040.8  0.3585335 23.2858715  0.8720953
 2040.8 2045.0  0.3586183 23.2852917  0.8717695
 2045.0 2049.2  0.3587124 23.2844143  0.8714249
 2049.2 2053.4  0.3588068 23.2835217  0.8710798
 2053.4 2057.6  0.3589013 23.2826290  0.8707347
 2057.6 2061.9  0.3589958 23.2817383  0.8703896
 2061.9 2066.1  0.3590924 23.2808247  0.8700363
 2066.1 2070.4  0.3591922 23.2798100  0.8696734
 2070.4 2074.7  0.3592944 23.2787666  0.8693015
 2074.7 2079.0  0.3593966 23.2777252  0.8689296
 2079.0 2083.3  0.3594988 23.2766819  0.8685576
 2083.3 2087.7  0.3596009 23.2756481  0.8681851
 2087.7 2092.1  0.3597035 23.2746925  0.8677961
 2092.1 2096.4  0.3598060 23.2737370  0.8674071
 2096.4 2100.8  0.3599063 23.2728043  0.8670270
 2100.8 2105.3  0.3600088 23.2718487  0.8666380
 2105.3 2109.7  0.3601131 23.2708969  0.8662403
 2109.7 2114.2  0.3602060 23.2702980  0.8658532
 2114.2 2118.6  0.3603011 23.2696877  0.8654573
 2118.6 2123.1  0.3603942 23.2690907  0.8650701
 2123.1 2127.7  0.3604892 23.2684803  0.8646742
 2127.7 2132.2  0.3605865 23.2678547  0.8642695
 2132.2 2136.8  0.3606691 23.2677994  0.8638689
 2136.8 2141.3  0.3607527 23.2677803  0.8634590
 2141.3 2145.9  0.3608345 23.2677631  0.8630581
 2145.9 2150.5  0.3609181 23.2677460  0.8626482
 2150.5 2155.2  0.3610017 23.2677288  0.8622383
 2155.2 2159.8  0.3610714 23.2686157  0.8617922
 2159.8 2164.5  0.3611379 23.2695885  0.8613523
 2164.5 2169.2  0.3612057 23.2705841  0.8609028
 2169.2 2173.9  0.3612736 23.2715778  0.8604534
 2173.9 2178.6  0.3613415 23.2725735  0.8600040
 2178.6 2183.4  0.3613771 23.2744560  0.8596126
 2183.4 2188.2  0.3614127 23.2763977  0.8592141
 2188.2 2193.0  0.3614484 23.2783375  0.8588157
 2193.0 2197.8  0.3614840 23.2802792  0.8584173
 2197.8 2202.6  0.3615197 23.2822208  0.8580188
 2202.6 2207.5  0.3615367 23.2852631  0.8575875
 2207.5 2212.4  0.3615382 23.2893162  0.8571187
 2212.4 2217.3  0.3615396 23.2933693  0.8566500
 2217.3 2222.2  0.3615410 23.2974243  0.8561812
 2222.2 2227.2  0.3615406 23.3015480  0.8557135
 2227.2 2232.1  0.3614969 23.3074436  0.8552613
 2232.1 2237.1  0.3614540 23.3132210  0.8548180
 2237.1 2242.2  0.3614102 23.3191166  0.8543657
 2242.2 2247.2  0.3613656 23.3251305  0.8539044
 2247.2 2252.3  0.3613197 23.3311176  0.8534528
 2252.3 2257.3  0.3612199 23.3394203  0.8530081
 2257.3 2262.4  0.3611220 23.3475628  0.8525721
 2262.4 2267.6  0.3610222 23.3558655  0.8521275
 2267.6 2272.7  0.3609205 23.3643322  0.8516741
 2272.7 2277.9  0.3608207 23.3726368  0.8512295
 2277.9 2283.1  0.3606512 23.3840828  0.8507787
 2283.1 2288.3  0.3604776 23.3957119  0.8503280
 2288.3 2293.6  0.3603040 23.4073410  0.8498774
 2293.6 2298.9  0.3601270 23.4191933  0.8494180
 2298.9 2304.1  0.3599500 23.4310455  0.8489587
 2304.1 2309.5  0.3597029 23.4457417  0.8485306
 2309.5 2314.8  0.3594449 23.4610653  0.8480865
 2314.8 2320.2  0.3591916 23.4761066  0.8476506
 2320.2 2325.6  0.3589335 23.4914303  0.8472066
 2325.6 2331.0  0.3586754 23.5067539  0.8467625
 2331.0 2336.4  0.3583234 23.5261688  0.8463290
 2336.4 2341.9  0.3579640 23.5459099  0.8458963
 2341.9 2347.4  0.3575978 23.5660172  0.8454556
 2347.4 2352.9  0.3572317 23.5861244  0.8450150
 2352.9 2358.5  0.3568656 23.6062317  0.8445743
 2358.5 2364.1  0.3563859 23.6313114  0.8441507
 2364.1 2369.7  0.3559042 23.6564751  0.8437276
 2369.7 2375.3  0.3554226 23.6816387  0.8433045
 2375.3 2381.0  0.3549410 23.7068024  0.8428814
 2381.0 2386.6  0.3544507 23.7324142  0.8424507
 2386.6 2392.3  0.3538921 23.7611198  0.8420680
 2392.3 2398.1  0.3533234 23.7903366  0.8416784
 2398.1 2403.8  0.3527448 23.8200645  0.8412821
 2403.8 2409.6  0.3521762 23.8492813  0.8408926
 2409.6 2415.5  0.3515976 23.8790112  0.8404962
 2415.5 2421.3  0.3509714 23.9118843  0.8401321
 2421.3 2427.2  0.3503532 23.9443893  0.8397771
 2427.2 2433.1  0.3497242 23.9774532  0.8394158
 2433.1 2439.0  0.3490953 24.0105190  0.8390547
 2439.0 2445.0  0.3484664 24.0435829  0.8386935
 2445.0 2451.0  0.3478747 24.0769711  0.8383914
 2451.0 2457.0  0.3472830 24.1103592  0.8380893
 2457.0 2463.1  0.3466913 24.1437492  0.8377873
 2463.1 2469.1  0.3460897 24.1776943  0.8374801
 2469.1 2475.2  0.3455002 24.2110329  0.8371795
 2475.2 2481.4  0.3450333 24.2419529  0.8369564
 2481.4 2487.6  0.3445587 24.2733822  0.8367297
 2487.6 2493.8  0.3440840 24.3048115  0.8365030
 2493.8 2500.0  0.3436094 24.3362408  0.8362763
 2500.0 2506.3  0.3431348 24.3676682  0.8360496
 2506.3 2512.6  0.3428881 24.3930588  0.8359262
 2512.6 2518.9  0.3426415 24.4184475  0.8358028
 2518.9 2525.3  0.3423949 24.4438362  0.8356794
 2525.3 2531.6  0.3421443 24.4696293  0.8355541
 2531.6 2538.1  0.3418976 24.4950199  0.8354306
 2538.1 2544.5  0.3419647 24.5123882  0.8354240
 2544.5 2551.0  0.3420515 24.5289192  0.8354253
 2551.0 2557.5  0.3421396 24.5457096  0.8354266
 2557.5 2564.1  0.3422278 24.5624981  0.8354279
 2564.1 2570.7  0.3423246 24.5793362  0.8354316
 2570.7 2577.3  0.3428953 24.5825405  0.8355930
 2577.3 2584.0  0.3434661 24.5857449  0.8357544
 2584.0 2590.7  0.3440455 24.5889988  0.8359182
 2590.7 2597.4  0.3446249 24.5922508  0.8360820
 2597.4 2604.2  0.3452382 24.5944519  0.8362563
 2604.2 2611.0  0.3464032 24.5798626  0.8365990
 2611.0 2617.8  0.3475682 24.5652752  0.8369417
 2617.8 2624.7  0.3487333 24.5506859  0.8372844
 2624.7 2631.6  0.3499154 24.5358829  0.8376322
 2631.6 2638.5  0.3510976 24.5210800  0.8379800
 2638.5 2645.5  0.3529397 24.4867916  0.8385090
 2645.5 2652.5  0.3548498 24.4507885  0.8390570
 2652.5 2659.6  0.3567598 24.4147854  0.8396049
 2659.6 2666.7  0.3586971 24.3782692  0.8401607
 2666.7 2673.8  0.3606344 24.3417530  0.8407165
 2673.8 2681.0  0.3632114 24.2864552  0.8414169
 2681.0 2688.2  0.3658533 24.2295380  0.8421336
 2688.2 2695.4  0.3684951 24.1726227  0.8428502
 2695.4 2702.7  0.3711370 24.1157055  0.8435669
 2702.7 2710.0  0.3738156 24.0579987  0.8442935
 2710.0 2717.4  0.3770989 23.9831028  0.8451170
 2717.4 2724.8  0.3804535 23.9064350  0.8459560
 2724.8 2732.2  0.3838081 23.8297653  0.8467950
 2732.2 2739.7  0.3871627 23.7530994  0.8476340
 2739.7 2747.3  0.3905626 23.6753960  0.8484843
 2747.3 2754.8  0.3945792 23.5811195  0.8493886
 2754.8 2762.4  0.3985661 23.4874535  0.8502827
 2762.4 2770.1  0.4026060 23.3925419  0.8511887
 2770.1 2777.8  0.4066993 23.2963772  0.8521066
 2777.8 2785.5  0.4107925 23.2002144  0.8530245
 2785.5 2793.3  0.4154083 23.0907040  0.8539212
 2793.3 2801.1  0.4200981 22.9794083  0.8548291
 2801.1 2809.0  0.4247879 22.8681126  0.8557369
 2809.0 2816.9  0.4295378 22.7553921  0.8566564
 2816.9 2824.9  0.4342877 22.6426716  0.8575759
 2824.9 2832.9  0.4396464 22.5157509  0.8584191
 2832.9 2840.9  0.4450121 22.3886700  0.8592613
 2840.9 2849.0  0.4503777 22.2615891  0.8601034
 2849.0 2857.1  0.4558105 22.1329174  0.8609561
 2857.1 2865.3  0.4612467 22.0041847  0.8618063
 2865.3 2873.6  0.4670265 21.8688831  0.8624673
 2873.6 2881.8  0.4728769 21.7319317  0.8631365
 2881.8 2890.2  0.4786567 21.5966301  0.8637975
 2890.2 2898.6  0.4845774 21.4580307  0.8644748
 2898.6 2907.0  0.4904983 21.3194275  0.8651519
 2907.0 2915.5  0.4968906 21.1727543  0.8655733
 2915.5 2924.0  0.5033829 21.0239258  0.8659869
 2924.0 2932.6  0.5098752 20.8750954  0.8664004
 2932.6 2941.2  0.5164440 20.7245140  0.8668187
 2941.2 2949.9  0.5230162 20.5739403  0.8672295
 2949.9 2958.6  0.5298222 20.4217243  0.8673202
 2958.6 2967.4  0.5366282 20.2695045  0.8674111
 2967.4 2976.2  0.5435123 20.1155434  0.8675029
 2976.2 2985.1  0.5503966 19.9615765  0.8675948
 2985.1 2994.0  0.5573610 19.8058548  0.8676842
 2994.0 3003.0  0.5644969 19.6498985  0.8674716
 3003.0 3012.0  0.5717130 19.4921875  0.8672567
 3012.0 3021.1  0.5789291 19.3344765  0.8670417
 3021.1 3030.3  0.5862255 19.1750107  0.8668243
 3030.3 3039.5  0.5935965 19.0140133  0.8665968
 3039.5 3048.8  0.6008084 18.8594627  0.8661384
 3048.8 3058.1  0.6080987 18.7032318  0.8656750
 3058.1 3067.5  0.6153890 18.5469990  0.8652117
 3067.5 3076.9  0.6227576 18.3890915  0.8647433
 3076.9 3086.4  0.6301262 18.2311821  0.8642749
 3086.4 3096.0  0.6373553 18.0789585  0.8636233
 3096.0 3105.6  0.6446581 17.9252129  0.8629628
 3105.6 3115.3  0.6519610 17.7714653  0.8623024
 3115.3 3125.0  0.6593399 17.6161194  0.8616351
 3125.0 3134.8  0.6667187 17.4607735  0.8609678
 3134.8 3144.7  0.6735010 17.3203030  0.8602179
 3144.7 3154.6  0.6803524 17.1784019  0.8594603
 3154.6 3164.6  0.6872041 17.0364952  0.8587027
 3164.6 3174.6  0.6941248 16.8931599  0.8579375
 3174.6 3184.7  0.7010455 16.7498226  0.8571723
 3184.7 3194.9  0.7072824 16.6226711  0.8563999
 3194.9 3205.1  0.7135499 16.4949913  0.8556198
 3205.1 3215.4  0.7198175 16.3673096  0.8548398
 3215.4 3225.8  0.7261463 16.2383804  0.8540521
 3225.8 3236.2  0.7324603 16.1098957  0.8532630
 3236.2 3246.8  0.7378567 16.0018291  0.8525484
 3246.8 3257.3  0.7433572 15.8916807  0.8518201
 3257.3 3268.0  0.7488056 15.7825727  0.8510986
 3268.0 3278.7  0.7543578 15.6713877  0.8503634
 3278.7 3289.5  0.7595587 15.5676832  0.8496659
 3289.5 3300.3  0.7641371 15.4772959  0.8490339
 3300.3 3311.3  0.7687157 15.3869085  0.8484019
 3311.3 3322.3  0.7733789 15.2948484  0.8477582
 3322.3 3333.3  0.7780422 15.2027874  0.8471145
 3333.3 3344.5  0.7820351 15.1241074  0.8465431
 3344.5 3355.7  0.7858785 15.0484285  0.8459854
 3355.7 3367.0  0.7897220 14.9727497  0.8454276
 3367.0 3378.4  0.7935998 14.8963947  0.8448648
 3378.4 3389.8  0.7970884 14.8275471  0.8443533
 3389.8 3401.4  0.7995805 14.7779493  0.8439742
 3401.4 3413.0  0.8021162 14.7274828  0.8435884
 3413.0 3424.7  0.8046520 14.6770153  0.8432026
 3424.7 3436.4  0.8072096 14.6261129  0.8428134
 3436.4 3448.3  0.8134661 14.4899302  0.8417494
 3448.3 3460.2  0.8199288 14.3491354  0.8406491
 3460.2 3472.2  0.8226800 14.2832165  0.8401496
 3472.2 3484.3  0.8248307 14.2293272  0.8397470
 3484.3 3496.5  0.8269992 14.1749887  0.8393409
 3496.5 3508.8  0.8291857 14.1202021  0.8389316
 3508.8 3521.1  0.8313901 14.0649652  0.8385188
 3521.1 3533.6  0.8335946 14.0097284  0.8381061
 3533.6 3546.1  0.8358348 13.9535942  0.8376867
 3546.1 3558.7  0.8380751 13.8974590  0.8372672
 3558.7 3571.4  0.8399543 13.8418617  0.8368828
 3571.4 3584.2  0.8416771 13.7862692  0.8365127
 3584.2 3597.1  0.8434135 13.7302370  0.8361397
 3597.1 3610.1  0.8451635 13.6737671  0.8357638
 3610.1 3623.2  0.8469270 13.6168604  0.8353850
 3623.2 3636.4  0.8487041 13.5595169  0.8350033
 3636.4 3649.6  0.8504947 13.5017347  0.8346186
 3649.6 3663.0  0.8522854 13.4439516  0.8342340
 3663.0 3676.5  0.8537708 13.3857031  0.8338988
 3676.5 3690.0  0.8552569 13.3270321  0.8335630
 3690.0 3703.7  0.8567430 13.2683611  0.8332270
 3703.7 3717.5  0.8582512 13.2088203  0.8328862
 3717.5 3731.3  0.8597703 13.1488457  0.8325428
 3731.3 3745.3  0.8612894 13.0888710  0.8321995
 3745.3 3759.4  0.8628306 13.0280266  0.8318511
 3759.4 3773.6  0.8642749 12.9673147  0.8315438
 3773.6 3787.9  0.8656751 12.9064550  0.8312562
 3787.9 3802.3  0.8670852 12.8451681  0.8309665
 3802.3 3816.8  0.8685051 12.7834520  0.8306748
 3816.8 3831.4  0.8699349 12.7213068  0.8303811
 3831.4 3846.2  0.8713744 12.6587343  0.8300853
 3846.2 3861.0  0.8728338 12.5953035  0.8297855
 3861.0 3876.0  0.8742564 12.5329342  0.8295358
 3876.0 3891.1  0.8756853 12.4700928  0.8293001
 3891.1 3906.2  0.8771238 12.4068317  0.8290629
 3906.2 3921.6  0.8785623 12.3435726  0.8288257
 3921.6 3937.0  0.8800293 12.2790546  0.8285837
 3937.0 3952.6  0.8814964 12.2145376  0.8283418
 3952.6 3968.3  0.8829751 12.1495543  0.8281066
 3968.3 3984.1  0.8844264 12.0860271  0.8279198
 3984.1 4000.0  0.8858868 12.0220957  0.8277318
 4000.0 4016.1  0.8873566 11.9577599  0.8275427
 4016.1 4032.3  0.8888448 11.8926134  0.8273512
 4032.3 4048.6  0.8903423 11.8270636  0.8271585
 4048.6 4065.0  0.8918490 11.7611084  0.8269646
 4065.0 4081.6  0.8932945 11.6974926  0.8268138
 4081.6 4098.4  0.8947510 11.6333609  0.8266653
 4098.4 4115.2  0.8962250 11.5684566  0.8265150
 4115.2 4132.2  0.8976990 11.5035505  0.8263648
 4132.2 4149.4  0.8991905 11.4378738  0.8262127
 4149.4 4166.7  0.9006997 11.3714247  0.8260589
 4166.7 4184.1  0.9021178 11.3076124  0.8259415
 4184.1 4201.7  0.9035405 11.2435427  0.8258248
 4201.7 4219.4  0.9049796 11.1787348  0.8257068
 4219.4 4237.3  0.9064268 11.1135607  0.8255881
 4237.3 4255.3  0.9078904 11.0476494  0.8254681
 4255.3 4273.5  0.9093260 10.9821463  0.8253561
 4273.5 4291.8  0.9106902 10.9177942  0.8252639
 4291.8 4310.3  0.9120618 10.8530903  0.8251712
 4310.3 4329.0  0.9134484 10.7876787  0.8250775
 4329.0 4347.8  0.9148500 10.7215586  0.8249828
 4347.8 4366.8  0.9162591 10.6550865  0.8248876
 4366.8 4386.0  0.9175587 10.5898285  0.8248107
 4386.0 4405.3  0.9188555 10.5241356  0.8247356
 4405.3 4424.8  0.9201591 10.4581032  0.8246602
 4424.8 4444.4  0.9214762 10.3913851  0.8245839
 4444.4 4464.3  0.9228001 10.3243246  0.8245072
 4464.3 4484.3  0.9240429 10.2575998  0.8244414
 4484.3 4504.5  0.9252521 10.1910744  0.8243802
 4504.5 4524.9  0.9264734 10.1238832  0.8243182
 4524.9 4545.5  0.9277068 10.0560274  0.8242556
 4545.5 4566.2  0.9289523  9.9875059  0.8241925
 4566.2 4587.2  0.9301051  9.9200468  0.8241401
 4587.2 4608.3  0.9312468  9.8520031  0.8240900
 4608.3 4629.6  0.9323940  9.7836370  0.8240396
 4629.6 4651.2  0.9335520  9.7146206  0.8239889
 4651.2 4672.9  0.9347201  9.6447296  0.8239380
 4672.9 4694.8  0.9357872  9.5761662  0.8238981
 4694.8 4717.0  0.9368642  9.5069714  0.8238579
 4717.0 4739.3  0.9379559  9.4368267  0.8238171
 4739.3 4761.9  0.9390525  9.3663683  0.8237762
 4761.9 4784.7  0.9401109  9.2958822  0.8237398
 4784.7 4807.7  0.9411305  9.2256079  0.8237079
 4807.7 4830.9  0.9421590  9.1547184  0.8236756
 4830.9 4854.4  0.9431965  9.0832129  0.8236431
 4854.4 4878.0  0.9442304  9.0111198  0.8236116
 4878.0 4902.0  0.9451947  8.9401941  0.8235864
 4902.0 4926.1  0.9461754  8.8680658  0.8235608
 4926.1 4950.5  0.9471601  8.7956371  0.8235350
 4950.5 4975.1  0.9481554  8.7223473  0.8235091
 4975.1 5000.0  0.9490774  8.6503487  0.8234888
 5000.0 5025.1  0.9500107  8.5774727  0.8234683
 5025.1 5050.5  0.9509515  8.5040121  0.8234476
 5050.5 5076.1  0.9519019  8.4297142  0.8234267
 5076.1 5102.0  0.9527844  8.3569088  0.8234097
 5102.0 5128.2  0.9536772  8.2832499  0.8233925
 5128.2 5154.6  0.9545804  8.2087374  0.8233750
 5154.6 5181.3  0.9554780  8.1340694  0.8233578
 5181.3 5208.3  0.9563254  8.0605288  0.8233423
 5208.3 5235.6  0.9571825  7.9861598  0.8233266
 5235.6 5263.2  0.9580490  7.9109645  0.8233107
 5263.2 5291.0  0.9588916  7.8362522  0.8232948
 5291.0 5319.1  0.9597034  7.7624378  0.8232788
 5319.1 5347.6  0.9605241  7.6878257  0.8232627
 5347.6 5376.3  0.9613564  7.6121521  0.8232463
 5376.3 5405.4  0.9621308  7.5388894  0.8232281
 5405.4 5434.8  0.9629102  7.4648767  0.8232094
 5434.8 5464.5  0.9636976  7.3901014  0.8231906
 5464.5 5494.5  0.9644585  7.3164182  0.8231694
 5494.5 5524.9  0.9651903  7.2439566  0.8231458
 5524.9 5555.6  0.9659320  7.1705294  0.8231219
 5555.6 5586.6  0.9666677  7.0971689  0.8230966
 5586.6 5618.0  0.9673512  7.0266776  0.8230658
 5618.0 5649.7  0.9680434  6.9552770  0.8230345
 5649.7 5681.8  0.9687423  6.8831940  0.8230030
 5681.8 5714.3  0.9693819  6.8145156  0.8229640
 5714.3 5747.1  0.9700288  6.7450218  0.8229245
 5747.1 5780.3  0.9706816  6.6748857  0.8228846
 5780.3 5814.0  0.9712881  6.6073565  0.8228385
 5814.0 5848.0  0.9718986  6.5391450  0.8227912
 5848.0 5882.4  0.9725145  6.4703274  0.8227434
 5882.4 5917.2  0.9730901  6.4037347  0.8226900
 5917.2 5952.4  0.9736695  6.3365564  0.8226357
 5952.4 5988.0  0.9742526  6.2687898  0.8225803
 5988.0 6024.1  0.9748029  6.2027740  0.8225201
 6024.1 6060.6  0.9753609  6.1358309  0.8224590
 6060.6 6097.6  0.9759151  6.0687904  0.8223961
 6097.6 6135.0  0.9764519  6.0024266  0.8223295
 6135.0 6172.8  0.9769946  5.9353456  0.8222623
 6172.8 6211.2  0.9775262  5.8686280  0.8221923
 6211.2 6250.0  0.9780550  5.8015723  0.8221200
 6250.0 6289.3  0.9785893  5.7338195  0.8220469
 6289.3 6329.1  0.9791089  5.6665888  0.8219702
 6329.1 6369.4  0.9796351  5.5985017  0.8218924
 6369.4 6410.3  0.9801605  5.5300398  0.8218126
 6410.3 6451.6  0.9806858  5.4610825  0.8217305
 6451.6 6493.5  0.9812158  5.3914738  0.8216475
 6493.5 6535.9  0.9817446  5.3214469  0.8215616
 6535.9 6578.9  0.9822797  5.2505846  0.8214748
 6578.9 6622.5  0.9828203  5.1788683  0.8213859
 6622.5 6666.7  0.9833676  5.1062250  0.8212954
 6666.7 6711.4  0.9839238  5.0325112  0.8212033
 6711.4 6756.8  0.9844885  4.9578466  0.8211097
 6756.8 6802.7  0.9850636  4.8819218  0.8210146
 6802.7 6849.3  0.9856538  4.8046398  0.8209183
 6849.3 6896.6  0.9862531  4.7261801  0.8208205
 6896.6 6944.4  0.9868745  4.6457644  0.8207209
 6944.4 6993.0  0.9875027  4.5644875  0.8206201
 6993.0 7042.3  0.9881496  4.4814000  0.8205166
 7042.3 7092.2  0.9888070  4.3970561  0.8204116
 7092.2 7142.9  0.9894738  4.3116717  0.8203031
 7142.9 7194.2  0.9901516  4.2249169  0.8201925
 7194.2 7246.4  0.9908321  4.1375732  0.8200771
 7246.4 7299.3  0.9915238  4.0487700  0.8199592
 7299.3 7352.9  0.9922111  3.9597864  0.8198344
 7352.9 7407.4  0.9929053  3.8697917  0.8197072
 7407.4 7462.7  0.9935881  3.7799203  0.8195705
 7462.7 7518.8  0.9942731  3.6892865  0.8194296
 7518.8 7575.8  0.9949411  3.5992393  0.8192791
 7575.8 7633.6  0.9955985  3.5092292  0.8191205
 7633.6 7692.3  0.9962391  3.4197729  0.8189527
 7692.3 7751.9  0.9968453  3.3320041  0.8187709
 7751.9 7812.5  0.9974408  3.2442732  0.8185811
 7812.5 7874.0  0.9979696  3.1603754  0.8183690
 7874.0 7936.5  0.9984676  3.0778928  0.8181443
 7936.5 8000.0  0.9989124  2.9982941  0.8179007
 8000.0 8064.5  0.9992665  2.9241610  0.8176295
 8064.5 8130.1  0.9995651  2.8530703  0.8173391
 8130.1 8196.7  0.9997483  2.7890503  0.8170147
 8196.7 8264.5  0.9998012  2.7332118  0.8166533
 8264.5 8333.3  0.9997475  2.6837528  0.8162596
 8333.3 8403.4  0.9995078  2.6462958  0.8158157
 8403.4 8474.6  0.9990443  2.6231923  0.8153112
 8474.6 8547.0  0.9985039  2.6045108  0.8147821
 8547.0 8620.7  0.9979544  2.5855141  0.8142441
 8620.7 8695.7  0.9973950  2.5661762  0.8136964
 8695.7 8771.9  0.9968258  2.5464973  0.8131391
 8771.9 8849.6  0.9962474  2.5265036  0.8125729
 8849.6 8928.6  0.9956576  2.5061166  0.8119955
 8928.6 9009.0  0.9950580  2.4853883  0.8114085
 9009.0 9090.9  0.9944478  2.4642923  0.8108110
 9090.9 9174.3  0.9938262  2.4428029  0.8102024
 9174.3 9259.3  0.9931931  2.4209204  0.8095827
 9259.3 9345.8  0.9925480  2.3986175  0.8089511
 9345.8 9434.0  0.9918914  2.3759212  0.8083083
 9434.0 9523.8  0.9912220  2.3527789  0.8076529
 9523.8 9615.4  0.9905404  2.3292170  0.8069856
 9615.4 9708.7  0.9898452  2.3051825  0.8063049
 9708.7 9803.9  0.9891370  2.2807019  0.8056116
 9803.9 9901.0  0.9884144  2.2557230  0.8049042
 9901.0 9911.0  0.9876775  2.2302456  0.8041826
