 1176.5 1177.9  0.5266045  2.9018295  0.4295254
 1177.9 1179.2  0.5264148  2.9036274  0.4285882
 1179.2 1180.6  0.5262385  2.9052966  0.4277180
 1180.6 1182.0  0.5260487  2.9070942  0.4267808
 1182.0 1183.4  0.5258589  2.9088922  0.4258437
 1183.4 1184.8  0.5256692  2.9106901  0.4249065
 1184.8 1186.2  0.5254794  2.9124877  0.4239693
 1186.2 1187.6  0.5252896  2.9142854  0.4230322
 1187.6 1189.1  0.5250998  2.9160831  0.4220950
 1189.1 1190.5  0.5248964  2.9180093  0.4210909
 1190.5 1191.9  0.5247067  2.9198072  0.4201537
 1191.9 1193.3  0.5245169  2.9216051  0.4192165
 1193.3 1194.7  0.5243270  2.9234028  0.4182793
 1194.7 1196.2  0.5241373  2.9252005  0.4173422
 1196.2 1197.6  0.5239339  2.9271266  0.4163381
 1197.6 1199.0  0.5237442  2.9289243  0.4154010
 1199.0 1200.5  0.5235543  2.9307222  0.4144638
 1200.5 1201.9  0.5233510  2.9326484  0.4134597
 1201.9 1203.4  0.5231612  2.9344463  0.4125225
 1203.4 1204.8  0.5229579  2.9363725  0.4115184
 1204.8 1206.3  0.5227681  2.9381702  0.4105812
 1206.3 1207.7  0.5225647  2.9400964  0.4095771
 1207.7 1209.2  0.5223749  2.9418941  0.4086400
 1209.2 1210.7  0.5221716  2.9438202  0.4076359
 1210.7 1212.1  0.5219682  2.9457464  0.4066318
 1212.1 1213.6  0.5217785  2.9475441  0.4056946
 1213.6 1215.1  0.5215752  2.9494703  0.4046905
 1215.1 1216.5  0.5213718  2.9513965  0.4036864
 1216.5 1218.0  0.5211820  2.9531944  0.4027492
 1218.0 1219.5  0.5209786  2.9551206  0.4017451
 1219.5 1221.0  0.5207753  2.9570467  0.4007410
 1221.0 1222.5  0.5205719  2.9589729  0.3997369
 1222.5 1224.0  0.5203686  2.9608991  0.3987328
 1224.0 1225.5  0.5201653  2.9628253  0.3977287
 1225.5 1227.0  0.5199619  2.9647515  0.3967246
 1227.0 1228.5  0.5197586  2.9666777  0.3957205
 1228.5 1230.0  0.5195552  2.9686038  0.3947163
 1230.0 1231.5  0.5193519  2.9705300  0.3937122
 1231.5 1233.0  0.5191485  2.9724562  0.3927081
 1233.0 1234.6  0.5189452  2.9743824  0.3917040
 1234.6 1236.1  0.5187283  2.9764369  0.3906330
 1236.1 1237.6  0.5185249  2.9783630  0.3896289
 1237.6 1239.2  0.5183216  2.9802892  0.3886248
 1239.2 1240.7  0.5181047  2.9823439  0.3875538
 1240.7 1242.2  0.5179014  2.9842701  0.3865496
 1242.2 1243.8  0.5176980  2.9861963  0.3855455
 1243.8 1245.3  0.5174811  2.9882510  0.3844744
 1245.3 1246.9  0.5172778  2.9901772  0.3834703
 1246.9 1248.4  0.5170609  2.9922318  0.3823993
 1248.4 1250.0  0.5168575  2.9941580  0.3813952
 1250.0 1251.6  0.5166406  2.9962125  0.3803241
 1251.6 1253.1  0.5164237  2.9982669  0.3792531
 1253.1 1254.7  0.5162204  3.0001931  0.3782490
 1254.7 1256.3  0.5160035  3.0022478  0.3771780
 1256.3 1257.9  0.5157865  3.0043025  0.3761069
 1257.9 1259.4  0.5155696  3.0063572  0.3750358
 1259.4 1261.0  0.5153663  3.0082834  0.3740317
 1261.0 1262.6  0.5151494  3.0103378  0.3729607
 1262.6 1264.2  0.5149325  3.0123923  0.3718897
 1264.2 1265.8  0.5147156  3.0144470  0.3708186
 1265.8 1267.4  0.5144987  3.0165017  0.3697475
 1267.4 1269.0  0.5142818  3.0185564  0.3686765
 1269.0 1270.6  0.5140649  3.0206108  0.3676054
 1270.6 1272.3  0.5138480  3.0226653  0.3665344
 1272.3 1273.9  0.5136175  3.0248485  0.3653964
 1273.9 1275.5  0.5134006  3.0269032  0.3643253
 1275.5 1277.1  0.5131837  3.0289576  0.3632543
 1277.1 1278.8  0.5129668  3.0310121  0.3621833
 1278.8 1280.4  0.5127364  3.0331953  0.3610452
 1280.4 1282.1  0.5125195  3.0352499  0.3599742
 1282.1 1283.7  0.5122890  3.0374327  0.3588363
 1283.7 1285.3  0.5120721  3.0394874  0.3577652
 1285.3 1287.0  0.5118552  3.0415421  0.3566941
 1287.0 1288.7  0.5116248  3.0437250  0.3555562
 1288.7 1290.3  0.5113943  3.0459080  0.3544182
 1290.3 1292.0  0.5111774  3.0479627  0.3533471
 1292.0 1293.7  0.5109469  3.0501456  0.3522092
 1293.7 1295.3  0.5107165  3.0523286  0.3510712
 1295.3 1297.0  0.5104995  3.0543833  0.3500001
 1297.0 1298.7  0.5102691  3.0565662  0.3488621
 1298.7 1300.4  0.5100387  3.0587492  0.3477242
 1300.4 1302.1  0.5098172  3.0607123  0.3466636
 1302.1 1303.8  0.5096253  3.0619602  0.3458549
 1303.8 1305.5  0.5094333  3.0632083  0.3450462
 1305.5 1307.2  0.5092413  3.0644562  0.3442375
 1307.2 1308.9  0.5090494  3.0657043  0.3434289
 1308.9 1310.6  0.5088574  3.0669525  0.3426201
 1310.6 1312.3  0.5086654  3.0682003  0.3418114
 1312.3 1314.1  0.5084735  3.0694485  0.3410027
 1314.1 1315.8  0.5082703  3.0707698  0.3401465
 1315.8 1317.5  0.5080783  3.0720179  0.3393377
 1317.5 1319.3  0.5078863  3.0732660  0.3385291
 1319.3 1321.0  0.5076830  3.0745873  0.3376727
 1321.0 1322.8  0.5074911  3.0758355  0.3368641
 1322.8 1324.5  0.5072878  3.0771568  0.3360078
 1324.5 1326.3  0.5070959  3.0784049  0.3351991
 1326.3 1328.0  0.5068926  3.0797265  0.3343428
 1328.0 1329.8  0.5067006  3.0809743  0.3335341
 1329.8 1331.6  0.5064974  3.0822959  0.3326778
 1331.6 1333.3  0.5062941  3.0836172  0.3318216
 1333.3 1335.1  0.5061021  3.0848653  0.3310129
 1335.1 1336.9  0.5058989  3.0861866  0.3301566
 1336.9 1338.7  0.5056956  3.0875082  0.3293003
 1338.7 1340.5  0.5054924  3.0888295  0.3284441
 1340.5 1342.3  0.5052891  3.0901511  0.3275878
 1342.3 1344.1  0.5050859  3.0914724  0.3267315
 1344.1 1345.9  0.5048826  3.0927939  0.3258753
 1345.9 1347.7  0.5046793  3.0941153  0.3250190
 1347.7 1349.5  0.5044761  3.0954368  0.3241627
 1349.5 1351.4  0.5042728  3.0967581  0.3233064
 1351.4 1353.2  0.5040475  3.0979297  0.3224425
 1353.2 1355.0  0.5038304  3.0989637  0.3216376
 1355.0 1356.9  0.5036132  3.0999978  0.3208327
 1356.9 1358.7  0.5033840  3.1010892  0.3199831
 1358.7 1360.5  0.5031669  3.1021235  0.3191782
 1360.5 1362.4  0.5029497  3.1031575  0.3183732
 1362.4 1364.3  0.5027205  3.1042490  0.3175236
 1364.3 1366.1  0.5024913  3.1053407  0.3166739
 1366.1 1368.0  0.5022742  3.1063747  0.3158690
 1368.0 1369.9  0.5020450  3.1074662  0.3150194
 1369.9 1371.7  0.5018158  3.1085577  0.3141697
 1371.7 1373.6  0.5015987  3.1095920  0.3133649
 1373.6 1375.5  0.5013694  3.1106834  0.3125152
 1375.5 1377.4  0.5011402  3.1117749  0.3116656
 1377.4 1379.3  0.5009110  3.1128666  0.3108159
 1379.3 1381.2  0.5006818  3.1139581  0.3099663
 1381.2 1383.1  0.5004526  3.1150496  0.3091167
 1383.1 1385.0  0.5002234  3.1161411  0.3082670
 1385.0 1387.0  0.4999942  3.1172328  0.3074174
 1387.0 1388.9  0.4997529  3.1183817  0.3065230
 1388.9 1390.8  0.4995237  3.1194732  0.3056734
 1390.8 1392.8  0.4992945  3.1205649  0.3048237
 1392.8 1394.7  0.4990533  3.1217139  0.3039294
 1394.7 1396.6  0.4988241  3.1228054  0.3030798
 1396.6 1398.6  0.4985949  3.1238968  0.3022301
 1398.6 1400.6  0.4983536  3.1250458  0.3013358
 1400.6 1402.5  0.4981067  3.1261013  0.3004597
 1402.5 1404.5  0.4978595  3.1268969  0.2996681
 1404.5 1406.5  0.4975993  3.1277339  0.2988349
 1406.5 1408.5  0.4973392  3.1285713  0.2980016
 1408.5 1410.4  0.4970790  3.1294086  0.2971684
 1410.4 1412.4  0.4968318  3.1302040  0.2963768
 1412.4 1414.4  0.4965717  3.1310413  0.2955436
 1414.4 1416.4  0.4963115  3.1318786  0.2947103
 1416.4 1418.4  0.4960513  3.1327157  0.2938771
 1418.4 1420.5  0.4957912  3.1335530  0.2930439
 1420.5 1422.5  0.4955180  3.1344323  0.2921689
 1422.5 1424.5  0.4952578  3.1352694  0.2913357
 1424.5 1426.5  0.4949977  3.1361067  0.2905025
 1426.5 1428.6  0.4947375  3.1369441  0.2896692
 1428.6 1430.6  0.4944643  3.1378231  0.2887943
 1430.6 1432.7  0.4942041  3.1386604  0.2879611
 1432.7 1434.7  0.4939310  3.1395395  0.2870862
 1434.7 1436.8  0.4936708  3.1403768  0.2862529
 1436.8 1438.8  0.4933976  3.1412559  0.2853780
 1438.8 1440.9  0.4931374  3.1420932  0.2845447
 1440.9 1443.0  0.4928643  3.1429725  0.2836698
 1443.0 1445.1  0.4925911  3.1438515  0.2827950
 1445.1 1447.2  0.4923179  3.1447306  0.2819200
 1447.2 1449.3  0.4920447  3.1456096  0.2810451
 1449.3 1451.4  0.4917715  3.1464889  0.2801702
 1451.4 1453.5  0.4914826  3.1471534  0.2793413
 1453.5 1455.6  0.4911858  3.1477106  0.2785352
 1455.6 1457.7  0.4908890  3.1482677  0.2777293
 1457.7 1459.9  0.4905922  3.1488249  0.2769233
 1459.9 1462.0  0.4902812  3.1494086  0.2760789
 1462.0 1464.1  0.4899844  3.1499658  0.2752729
 1464.1 1466.3  0.4896876  3.1505229  0.2744669
 1466.3 1468.4  0.4893766  3.1511068  0.2736225
 1468.4 1470.6  0.4890798  3.1516640  0.2728165
 1470.6 1472.8  0.4887688  3.1522477  0.2719721
 1472.8 1474.9  0.4884579  3.1528313  0.2711277
 1474.9 1477.1  0.4881611  3.1533885  0.2703218
 1477.1 1479.3  0.4878501  3.1539721  0.2694774
 1479.3 1481.5  0.4875392  3.1545560  0.2686330
 1481.5 1483.7  0.4872282  3.1551397  0.2677886
 1483.7 1485.9  0.4869173  3.1557233  0.2669443
 1485.9 1488.1  0.4866063  3.1563072  0.2660999
 1488.1 1490.3  0.4862954  3.1568909  0.2652555
 1490.3 1492.5  0.4859844  3.1574745  0.2644111
 1492.5 1494.8  0.4856735  3.1580584  0.2635667
 1494.8 1497.0  0.4853484  3.1586685  0.2626840
 1497.0 1499.3  0.4850374  3.1592522  0.2618396
 1499.3 1501.5  0.4847123  3.1598625  0.2609568
 1501.5 1503.8  0.4843816  3.1602182  0.2601655
 1503.8 1506.0  0.4840263  3.1604791  0.2593640
 1506.0 1508.3  0.4836864  3.1607287  0.2585973
 1508.3 1510.6  0.4833311  3.1609895  0.2577958
 1510.6 1512.9  0.4829758  3.1612501  0.2569944
 1512.9 1515.2  0.4826204  3.1615109  0.2561929
 1515.2 1517.5  0.4822651  3.1617718  0.2553914
 1517.5 1519.8  0.4819098  3.1620326  0.2545899
 1519.8 1522.1  0.4815544  3.1622934  0.2537884
 1522.1 1524.4  0.4811991  3.1625543  0.2529869
 1524.4 1526.7  0.4808438  3.1628151  0.2521854
 1526.7 1529.1  0.4804885  3.1630757  0.2513840
 1529.1 1531.4  0.4801177  3.1633480  0.2505476
 1531.4 1533.7  0.4797623  3.1636088  0.2497461
 1533.7 1536.1  0.4794070  3.1638696  0.2489446
 1536.1 1538.5  0.4790362  3.1641417  0.2481083
 1538.5 1540.8  0.4786655  3.1644139  0.2472719
 1540.8 1543.2  0.4783101  3.1646748  0.2464704
 1543.2 1545.6  0.4779394  3.1649468  0.2456341
 1545.6 1548.0  0.4775686  3.1652188  0.2447978
 1548.0 1550.4  0.4771978  3.1654911  0.2439614
 1550.4 1552.8  0.4768209  3.1657026  0.2431403
 1552.8 1555.2  0.4764139  3.1656106  0.2423954
 1555.2 1557.6  0.4760069  3.1655185  0.2416505
 1557.6 1560.1  0.4755998  3.1654265  0.2409055
 1560.1 1562.5  0.4751758  3.1653306  0.2401295
 1562.5 1564.9  0.4747687  3.1652386  0.2393846
 1564.9 1567.4  0.4743616  3.1651466  0.2386396
 1567.4 1569.9  0.4739376  3.1650507  0.2378636
 1569.9 1572.3  0.4735136  3.1649549  0.2370877
 1572.3 1574.8  0.4731065  3.1648629  0.2363427
 1574.8 1577.3  0.4726825  3.1647670  0.2355667
 1577.3 1579.8  0.4722585  3.1646712  0.2347907
 1579.8 1582.3  0.4718345  3.1645753  0.2340147
 1582.3 1584.8  0.4714105  3.1644795  0.2332388
 1584.8 1587.3  0.4709864  3.1643834  0.2324628
 1587.3 1589.8  0.4705624  3.1642876  0.2316868
 1589.8 1592.4  0.4701384  3.1641917  0.2309108
 1592.4 1594.9  0.4696974  3.1640921  0.2301038
 1594.9 1597.4  0.4692734  3.1639962  0.2293278
 1597.4 1600.0  0.4688494  3.1639004  0.2285518
 1600.0 1602.6  0.4684084  3.1638007  0.2277448
 1602.6 1605.1  0.4679263  3.1633048  0.2270396
 1605.1 1607.7  0.4674627  3.1628280  0.2263615
 1607.7 1610.3  0.4669805  3.1623323  0.2256562
 1610.3 1612.9  0.4664984  3.1618364  0.2249510
 1612.9 1615.5  0.4660162  3.1613405  0.2242457
 1615.5 1618.1  0.4655341  3.1608446  0.2235405
 1618.1 1620.7  0.4650520  3.1603487  0.2228353
 1620.7 1623.4  0.4645698  3.1598530  0.2221301
 1623.4 1626.0  0.4640691  3.1593380  0.2213977
 1626.0 1628.7  0.4635870  3.1588421  0.2206925
 1628.7 1631.3  0.4630863  3.1583271  0.2199601
 1631.3 1634.0  0.4626042  3.1578312  0.2192549
 1634.0 1636.7  0.4621035  3.1573164  0.2185225
 1636.7 1639.3  0.4616028  3.1568015  0.2177902
 1639.3 1642.0  0.4611207  3.1563056  0.2170849
 1642.0 1644.7  0.4606200  3.1557906  0.2163526
 1644.7 1647.4  0.4601193  3.1552758  0.2156202
 1647.4 1650.2  0.4596186  3.1547608  0.2148878
 1650.2 1652.9  0.4590967  3.1541960  0.2141356
 1652.9 1655.6  0.4585596  3.1532671  0.2135002
 1655.6 1658.4  0.4580226  3.1523383  0.2128650
 1658.4 1661.1  0.4574656  3.1513748  0.2122061
 1661.1 1663.9  0.4569285  3.1504459  0.2115708
 1663.9 1666.7  0.4563715  3.1494825  0.2109120
 1666.7 1669.4  0.4558146  3.1485193  0.2102532
 1669.4 1672.2  0.4552775  3.1475904  0.2096179
 1672.2 1675.0  0.4547206  3.1466269  0.2089591
 1675.0 1677.9  0.4541636  3.1456637  0.2083002
 1677.9 1680.7  0.4535867  3.1446660  0.2076179
 1680.7 1683.5  0.4530298  3.1437025  0.2069591
 1683.5 1686.3  0.4524728  3.1427391  0.2063002
 1686.3 1689.2  0.4519158  3.1417758  0.2056414
 1689.2 1692.0  0.4513390  3.1407781  0.2049591
 1692.0 1694.9  0.4507820  3.1398146  0.2043003
 1694.9 1697.8  0.4502052  3.1388171  0.2036179
 1697.8 1700.7  0.4496283  3.1378193  0.2029355
 1700.7 1703.6  0.4490917  3.1368442  0.2023160
 1703.6 1706.5  0.4486817  3.1359401  0.2018937
 1706.5 1709.4  0.4482715  3.1350362  0.2014714
 1709.4 1712.3  0.4478615  3.1341321  0.2010491
 1712.3 1715.3  0.4474514  3.1332283  0.2006269
 1715.3 1718.2  0.4470272  3.1322930  0.2001900
 1718.2 1721.2  0.4466171  3.1313891  0.1997678
 1721.2 1724.1  0.4461929  3.1304541  0.1993309
 1724.1 1727.1  0.4457828  3.1295500  0.1989086
 1727.1 1730.1  0.4453586  3.1286149  0.1984718
 1730.1 1733.1  0.4449343  3.1276798  0.1980350
 1733.1 1736.1  0.4445101  3.1267445  0.1975981
 1736.1 1739.1  0.4440859  3.1258094  0.1971613
 1739.1 1742.2  0.4436617  3.1248744  0.1967244
 1742.2 1745.2  0.4432233  3.1239080  0.1962730
 1745.2 1748.3  0.4427991  3.1229727  0.1958362
 1748.3 1751.3  0.4423607  3.1220064  0.1953848
 1751.3 1754.4  0.4419365  3.1210713  0.1949480
 1754.4 1757.5  0.4414701  3.1200051  0.1944773
 1757.5 1760.6  0.4408151  3.1182654  0.1938765
 1760.6 1763.7  0.4401599  3.1165257  0.1932758
 1763.7 1766.8  0.4395049  3.1147857  0.1926750
 1766.8 1769.9  0.4388497  3.1130459  0.1920742
 1769.9 1773.0  0.4381946  3.1113060  0.1914735
 1773.0 1776.2  0.4375350  3.1094148  0.1908959
 1776.2 1779.4  0.4368539  3.1074574  0.1903004
 1779.4 1782.5  0.4361728  3.1054997  0.1897050
 1782.5 1785.7  0.4355130  3.1036036  0.1891282
 1785.7 1788.9  0.4348320  3.1016462  0.1885327
 1788.9 1792.1  0.4341477  3.0995412  0.1879580
 1792.1 1795.3  0.4334632  3.0974209  0.1873855
 1795.3 1798.6  0.4327787  3.0953007  0.1868129
 1798.6 1801.8  0.4320727  3.0931144  0.1862224
 1801.8 1805.1  0.4313882  3.0909941  0.1856499
 1805.1 1808.3  0.4306594  3.0885744  0.1850637
 1808.3 1811.6  0.4299513  3.0862134  0.1844956
 1811.6 1814.9  0.4292211  3.0837786  0.1839098
 1814.9 1818.2  0.4284908  3.0813439  0.1833239
 1818.2 1821.5  0.4277619  3.0789030  0.1827404
 1821.5 1824.8  0.4270532  3.0763659  0.1821927
 1824.8 1828.2  0.4263445  3.0738287  0.1816450
 1828.2 1831.5  0.4256143  3.0712149  0.1810807
 1831.5 1834.9  0.4249056  3.0686777  0.1805330
 1834.9 1838.2  0.4241754  3.0660636  0.1799687
 1838.2 1841.6  0.4234675  3.0633490  0.1794394
 1841.6 1845.0  0.4227383  3.0605459  0.1788947
 1845.0 1848.4  0.4220090  3.0577431  0.1783500
 1848.4 1851.9  0.4212798  3.0549402  0.1778053
 1851.9 1855.3  0.4205291  3.0520549  0.1772445
 1855.3 1858.7  0.4197817  3.0489755  0.1767022
 1858.7 1862.2  0.4190338  3.0458877  0.1761599
 1862.2 1865.7  0.4182639  3.0427091  0.1756017
 1865.7 1869.2  0.4174939  3.0395303  0.1750434
 1869.2 1872.7  0.4167255  3.0363452  0.1744870
 1872.7 1876.2  0.4159822  3.0330524  0.1739609
 1876.2 1879.7  0.4152389  3.0297599  0.1734348
 1879.7 1883.2  0.4144956  3.0264671  0.1729087
 1883.2 1886.8  0.4137523  3.0231745  0.1723826
 1886.8 1890.4  0.4129877  3.0197875  0.1718415
 1890.4 1893.9  0.4122295  3.0161934  0.1713142
 1893.9 1897.5  0.4114928  3.0126872  0.1708025
 1897.5 1901.1  0.4107351  3.0090809  0.1702761
 1901.1 1904.8  0.4099773  3.0054746  0.1697497
 1904.8 1908.4  0.4091985  3.0017679  0.1692086
 1908.4 1912.0  0.4084297  2.9978447  0.1686806
 1912.0 1915.7  0.4076602  2.9939027  0.1681525
 1915.7 1919.4  0.4068694  2.9898512  0.1676097
 1919.4 1923.1  0.4060786  2.9857998  0.1670668
 1923.1 1926.8  0.4052886  2.9817448  0.1665247
 1926.8 1930.5  0.4045306  2.9775636  0.1660068
 1930.5 1934.2  0.4037727  2.9733827  0.1654889
 1934.2 1938.0  0.4030147  2.9692018  0.1649710
 1938.0 1941.7  0.4022363  2.9649076  0.1644391
 1941.7 1945.5  0.4014784  2.9607267  0.1639212
 1945.5 1949.3  0.4007131  2.9561970  0.1633968
 1949.3 1953.1  0.3999490  2.9516473  0.1628730
 1953.1 1956.9  0.3991849  2.9470975  0.1623492
 1956.9 1960.8  0.3984208  2.9425476  0.1618254
 1960.8 1964.6  0.3976365  2.9378779  0.1612879
 1964.6 1968.5  0.3968684  2.9329624  0.1607573
 1968.5 1972.4  0.3960798  2.9278965  0.1602124
 1972.4 1976.3  0.3952912  2.9228306  0.1596675
 1976.3 1980.2  0.3945026  2.9177647  0.1591226
 1980.2 1984.1  0.3937158  2.9126925  0.1585788
 1984.1 1988.1  0.3929616  2.9075046  0.1580544
 1988.1 1992.0  0.3921880  2.9021835  0.1575166
 1992.0 1996.0  0.3914337  2.8969955  0.1569922
 1996.0 2000.0  0.3906602  2.8916745  0.1564544
 2000.0 2004.0  0.3898866  2.8863535  0.1559166
 2004.0 2008.0  0.3891060  2.8806419  0.1553732
 2008.0 2012.1  0.3883255  2.8749304  0.1548298
 2012.1 2016.1  0.3875254  2.8690760  0.1542728
 2016.1 2020.2  0.3867449  2.8633642  0.1537294
 2020.2 2024.3  0.3859462  2.8575053  0.1531735
 2024.3 2028.4  0.3851747  2.8515577  0.1526387
 2028.4 2032.5  0.3844033  2.8456101  0.1521038
 2032.5 2036.7  0.3836319  2.8396626  0.1515690
 2036.7 2040.8  0.3828416  2.8335698  0.1510211
 2040.8 2045.0  0.3820701  2.8276222  0.1504863
 2045.0 2049.2  0.3812857  2.8213148  0.1499477
 2049.2 2053.4  0.3805016  2.8149967  0.1494095
 2053.4 2057.6  0.3797174  2.8086789  0.1488714
 2057.6 2061.9  0.3789333  2.8023603  0.1483333
 2061.9 2066.1  0.3781305  2.7958922  0.1477823
 2066.1 2070.4  0.3773307  2.7892196  0.1472424
 2070.4 2074.7  0.3765116  2.7823799  0.1466897
 2074.7 2079.0  0.3756924  2.7755399  0.1461369
 2079.0 2083.3  0.3748732  2.7686999  0.1455841
 2083.3 2087.7  0.3740540  2.7618468  0.1450322
 2087.7 2092.1  0.3732155  2.7546537  0.1444799
 2092.1 2096.4  0.3723768  2.7474604  0.1439276
 2096.4 2100.8  0.3715574  2.7404311  0.1433879
 2100.8 2105.3  0.3707187  2.7332375  0.1428356
 2105.3 2109.7  0.3698620  2.7258799  0.1422725
 2109.7 2114.2  0.3690368  2.7186711  0.1417462
 2114.2 2118.6  0.3681928  2.7112982  0.1412079
 2118.6 2123.1  0.3673675  2.7040892  0.1406816
 2123.1 2127.7  0.3665235  2.6967163  0.1401433
 2127.7 2132.2  0.3656608  2.6891799  0.1395931
 2132.2 2136.8  0.3648074  2.6816611  0.1390691
 2136.8 2141.3  0.3639344  2.6739645  0.1385346
 2141.3 2145.9  0.3630804  2.6664352  0.1380116
 2145.9 2150.5  0.3622074  2.6587389  0.1374771
 2150.5 2155.2  0.3613344  2.6510422  0.1369425
 2155.2 2159.8  0.3603748  2.6425853  0.1363820
 2159.8 2164.5  0.3594277  2.6342387  0.1358317
 2164.5 2169.2  0.3584601  2.6257112  0.1352694
 2169.2 2173.9  0.3574924  2.6171837  0.1347072
 2173.9 2178.6  0.3565248  2.6086562  0.1341450
 2178.6 2183.4  0.3556657  2.6011493  0.1336724
 2183.4 2188.2  0.3547908  2.5935061  0.1331918
 2188.2 2193.0  0.3539159  2.5858626  0.1327111
 2193.0 2197.8  0.3530409  2.5782189  0.1322305
 2197.8 2202.6  0.3521660  2.5705752  0.1317499
 2202.6 2207.5  0.3512001  2.5622318  0.1312412
 2207.5 2212.4  0.3501355  2.5531099  0.1306977
 2212.4 2217.3  0.3490709  2.5439880  0.1301542
 2217.3 2222.2  0.3480063  2.5348656  0.1296106
 2222.2 2227.2  0.3469423  2.5257585  0.1290691
 2227.2 2232.1  0.3458705  2.5168207  0.1285632
 2232.1 2237.1  0.3448201  2.5080614  0.1280675
 2237.1 2242.2  0.3437483  2.4991236  0.1275617
 2242.2 2247.2  0.3426551  2.4900072  0.1270457
 2247.2 2252.3  0.3415825  2.4810755  0.1265413
 2252.3 2257.3  0.3404678  2.4721208  0.1260623
 2257.3 2262.4  0.3393750  2.4633417  0.1255928
 2262.4 2267.6  0.3382603  2.4543872  0.1251138
 2267.6 2272.7  0.3371237  2.4452565  0.1246254
 2272.7 2277.9  0.3360091  2.4363022  0.1241465
 2277.9 2283.1  0.3348015  2.4270282  0.1236784
 2283.1 2288.3  0.3335895  2.4177451  0.1232115
 2288.3 2293.6  0.3323776  2.4084623  0.1227447
 2293.6 2298.9  0.3311423  2.3990011  0.1222689
 2298.9 2304.1  0.3299071  2.3895400  0.1217931
 2304.1 2309.5  0.3286588  2.3804915  0.1213666
 2309.5 2314.8  0.3273618  2.3711004  0.1209245
 2314.8 2320.2  0.3260888  2.3618827  0.1204906
 2320.2 2325.6  0.3247918  2.3524916  0.1200485
 2325.6 2331.0  0.3234948  2.3430998  0.1196064
 2331.0 2336.4  0.3221069  2.3336556  0.1191918
 2336.4 2341.9  0.3207117  2.3242071  0.1187793
 2341.9 2347.4  0.3192907  2.3145835  0.1183591
 2347.4 2352.9  0.3178697  2.3049598  0.1179390
 2352.9 2358.5  0.3164487  2.2953362  0.1175188
 2358.5 2364.1  0.3149206  2.2856944  0.1171329
 2364.1 2369.7  0.3133911  2.2760556  0.1167478
 2369.7 2375.3  0.3118617  2.2664170  0.1163627
 2375.3 2381.0  0.3103322  2.2567780  0.1159775
 2381.0 2386.6  0.3087754  2.2469673  0.1155855
 2386.6 2392.3  0.3072083  2.2375555  0.1152513
 2392.3 2398.1  0.3056133  2.2279761  0.1149112
 2398.1 2403.8  0.3039903  2.2182283  0.1145651
 2403.8 2409.6  0.3023953  2.2086487  0.1142250
 2409.6 2415.5  0.3007722  2.1989009  0.1138789
 2415.5 2421.3  0.2990764  2.1886406  0.1135681
 2421.3 2427.2  0.2974060  2.1785293  0.1132656
 2427.2 2433.1  0.2957070  2.1682441  0.1129579
 2433.1 2439.0  0.2940078  2.1579583  0.1126502
 2439.0 2445.0  0.2923087  2.1476729  0.1123425
 2445.0 2451.0  0.2906246  2.1366918  0.1120833
 2451.0 2457.0  0.2889406  2.1257107  0.1118240
 2457.0 2463.1  0.2872565  2.1147299  0.1115648
 2463.1 2469.1  0.2855444  2.1035655  0.1113012
 2469.1 2475.2  0.2838622  2.0925698  0.1110429
 2475.2 2481.4  0.2822637  2.0805128  0.1108373
 2481.4 2487.6  0.2806389  2.0682580  0.1106283
 2487.6 2493.8  0.2790141  2.0560026  0.1104194
 2493.8 2500.0  0.2773893  2.0437479  0.1102104
 2500.0 2506.3  0.2757646  2.0314929  0.1100014
 2506.3 2512.6  0.2743279  2.0179422  0.1098541
 2512.6 2518.9  0.2728912  2.0043912  0.1097067
 2518.9 2525.3  0.2714545  1.9908410  0.1095594
 2525.3 2531.6  0.2699949  1.9770749  0.1094097
 2531.6 2538.1  0.2685582  1.9635241  0.1092623
 2538.1 2544.5  0.2673203  1.9476361  0.1091728
 2544.5 2551.0  0.2661173  1.9318699  0.1090887
 2551.0 2557.5  0.2648955  1.9158571  0.1090032
 2557.5 2564.1  0.2636736  1.8998442  0.1089178
 2564.1 2570.7  0.2624387  1.8835449  0.1088321
 2570.7 2577.3  0.2615711  1.8646626  0.1088201
 2577.3 2584.0  0.2607035  1.8457798  0.1088081
 2584.0 2590.7  0.2598228  1.8266113  0.1087959
 2590.7 2597.4  0.2589421  1.8074427  0.1087838
 2597.4 2604.2  0.2580914  1.7881408  0.1087762
 2604.2 2611.0  0.2577060  1.7664179  0.1088432
 2611.0 2617.8  0.2573207  1.7446951  0.1089102
 2617.8 2624.7  0.2569354  1.7229723  0.1089772
 2624.7 2631.6  0.2565444  1.7009305  0.1090451
 2631.6 2638.5  0.2561535  1.6788878  0.1091131
 2638.5 2645.5  0.2562743  1.6537433  0.1092534
 2645.5 2652.5  0.2564287  1.6280403  0.1094002
 2652.5 2659.6  0.2565832  1.6023372  0.1095470
 2659.6 2666.7  0.2567398  1.5762666  0.1096960
 2666.7 2673.8  0.2568965  1.5501970  0.1098449
 2673.8 2681.0  0.2575552  1.5218883  0.1100467
 2681.0 2688.2  0.2582456  1.4930811  0.1102538
 2688.2 2695.4  0.2589360  1.4642740  0.1104608
 2695.4 2702.7  0.2596264  1.4354669  0.1106679
 2702.7 2710.0  0.2603264  1.4062593  0.1108778
 2710.0 2717.4  0.2614850  1.3756621  0.1111150
 2717.4 2724.8  0.2626793  1.3445860  0.1113567
 2724.8 2732.2  0.2638736  1.3135089  0.1115984
 2732.2 2739.7  0.2650679  1.2824328  0.1118401
 2739.7 2747.3  0.2662784  1.2509363  0.1120850
 2747.3 2754.8  0.2679183  1.2186012  0.1123312
 2754.8 2762.4  0.2695535  1.1866750  0.1125740
 2762.4 2770.1  0.2712103  1.1543237  0.1128201
 2770.1 2777.8  0.2728891  1.1215453  0.1130694
 2777.8 2785.5  0.2745678  1.0887680  0.1133187
 2785.5 2793.3  0.2766003  1.0567049  0.1135320
 2793.3 2801.1  0.2786688  1.0242442  0.1137471
 2801.1 2809.0  0.2807373  0.9917835  0.1139622
 2809.0 2816.9  0.2828322  0.9589072  0.1141801
 2816.9 2824.9  0.2849272  0.9260311  0.1143979
 2824.9 2832.9  0.2873740  0.8944519  0.1145423
 2832.9 2840.9  0.2898251  0.8628944  0.1146856
 2840.9 2849.0  0.2922761  0.8313370  0.1148290
 2849.0 2857.1  0.2947578  0.7993847  0.1149741
 2857.1 2865.3  0.2972413  0.7674854  0.1151178
 2865.3 2873.6  0.2999057  0.7394885  0.1151390
 2873.6 2881.8  0.3026027  0.7111499  0.1151606
 2881.8 2890.2  0.3052672  0.6831530  0.1151819
 2890.2 2898.6  0.3079966  0.6544734  0.1152037
 2898.6 2907.0  0.3107261  0.6257930  0.1152255
 2907.0 2915.5  0.3136411  0.6016276  0.1150779
 2915.5 2924.0  0.3166002  0.5774026  0.1149200
 2924.0 2932.6  0.3195594  0.5531776  0.1147621
 2932.6 2941.2  0.3225534  0.5286673  0.1146023
 2941.2 2949.9  0.3255473  0.5043073  0.1144381
 2949.9 2958.6  0.3285747  0.4860185  0.1140805
 2958.6 2967.4  0.3316023  0.4677292  0.1137229
 2967.4 2976.2  0.3346646  0.4492305  0.1133613
 2976.2 2985.1  0.3377269  0.4307312  0.1129996
 2985.1 2994.0  0.3408238  0.4120859  0.1126317
 2994.0 3003.0  0.3439011  0.3990921  0.1120813
 3003.0 3012.0  0.3470129  0.3859523  0.1115247
 3012.0 3021.1  0.3501248  0.3728124  0.1109682
 3021.1 3030.3  0.3532713  0.3595264  0.1104054
 3030.3 3039.5  0.3564462  0.3462577  0.1098322
 3039.5 3048.8  0.3594427  0.3378276  0.1091328
 3048.8 3058.1  0.3624716  0.3293056  0.1084257
 3058.1 3067.5  0.3655007  0.3207837  0.1077187
 3067.5 3076.9  0.3685622  0.3121703  0.1070040
 3076.9 3086.4  0.3716237  0.3035568  0.1062894
 3086.4 3096.0  0.3744843  0.2985380  0.1054693
 3096.0 3105.6  0.3773724  0.2935059  0.1046395
 3105.6 3115.3  0.3802606  0.2884738  0.1038097
 3115.3 3125.0  0.3831789  0.2833894  0.1029713
 3125.0 3134.8  0.3860971  0.2783050  0.1021329
 3134.8 3144.7  0.3886001  0.2756670  0.1012688
 3144.7 3154.6  0.3911285  0.2730020  0.1003959
 3154.6 3164.6  0.3936571  0.2703370  0.0995229
 3164.6 3174.6  0.3962111  0.2676451  0.0986412
 3174.6 3184.7  0.3987652  0.2649533  0.0977595
 3184.7 3194.9  0.4008382  0.2631401  0.0968944
 3194.9 3205.1  0.4029106  0.2613466  0.0960218
 3205.1 3215.4  0.4049831  0.2595530  0.0951493
 3215.4 3225.8  0.4070759  0.2577420  0.0942682
 3225.8 3236.2  0.4091398  0.2558854  0.0933846
 3236.2 3246.8  0.4106129  0.2536936  0.0925747
 3246.8 3257.3  0.4121145  0.2514596  0.0917492
 3257.3 3268.0  0.4136019  0.2492467  0.0909315
 3268.0 3278.7  0.4151176  0.2469917  0.0900982
 3278.7 3289.5  0.4164071  0.2444576  0.0892980
 3289.5 3300.3  0.4172768  0.2413670  0.0885534
 3300.3 3311.3  0.4181465  0.2382763  0.0878088
 3311.3 3322.3  0.4190322  0.2351285  0.0870504
 3322.3 3333.3  0.4199180  0.2319806  0.0862920
 3333.3 3344.5  0.4203586  0.2284104  0.0855950
 3344.5 3355.7  0.4206598  0.2246354  0.0849057
 3355.7 3367.0  0.4209610  0.2208604  0.0842164
 3367.0 3378.4  0.4212649  0.2170517  0.0835209
 3378.4 3389.8  0.4214578  0.2134447  0.0828832
 3389.8 3401.4  0.4213835  0.2103918  0.0823955
 3401.4 3413.0  0.4213079  0.2072854  0.0818994
 3413.0 3424.7  0.4212322  0.2041790  0.0814032
 3424.7 3436.4  0.4211560  0.2010458  0.0809027
 3436.4 3448.3  0.4193069  0.1914128  0.0794231
 3448.3 3460.2  0.4173787  0.1814411  0.0778920
 3460.2 3472.2  0.4161085  0.1772264  0.0771695
 3472.2 3484.3  0.4149382  0.1739437  0.0765768
 3484.3 3496.5  0.4137580  0.1706337  0.0759791
 3496.5 3508.8  0.4125682  0.1672964  0.0753765
 3508.8 3521.1  0.4113686  0.1639316  0.0747689
 3521.1 3533.6  0.4101690  0.1605669  0.0741614
 3533.6 3546.1  0.4089499  0.1571475  0.0735440
 3546.1 3558.7  0.4077308  0.1537280  0.0729265
 3558.7 3571.4  0.4061979  0.1511230  0.0723267
 3571.4 3584.2  0.4045155  0.1488777  0.0717322
 3584.2 3597.1  0.4028199  0.1466146  0.0711331
 3597.1 3610.1  0.4011109  0.1443338  0.0705293
 3610.1 3623.2  0.3993888  0.1420354  0.0699208
 3623.2 3636.4  0.3976535  0.1397193  0.0693076
 3636.4 3649.6  0.3959048  0.1373855  0.0686898
 3649.6 3663.0  0.3941562  0.1350517  0.0680719
 3663.0 3676.5  0.3922655  0.1334645  0.0674842
 3676.5 3690.0  0.3903572  0.1318898  0.0668933
 3690.0 3703.7  0.3884488  0.1303150  0.0663024
 3703.7 3717.5  0.3865122  0.1287169  0.0657028
 3717.5 3731.3  0.3845614  0.1271071  0.0650987
 3731.3 3745.3  0.3826106  0.1254973  0.0644947
 3745.3 3759.4  0.3806316  0.1238642  0.0638819
 3759.4 3773.6  0.3787858  0.1223708  0.0633024
 3773.6 3787.9  0.3770012  0.1209431  0.0627377
 3787.9 3802.3  0.3752041  0.1195054  0.0621690
 3802.3 3816.8  0.3733943  0.1180576  0.0615963
 3816.8 3831.4  0.3715720  0.1165998  0.0610196
 3831.4 3846.2  0.3697371  0.1151319  0.0604390
 3846.2 3861.0  0.3678771  0.1136439  0.0598504
 3861.0 3876.0  0.3663441  0.1120831  0.0593097
 3876.0 3891.1  0.3649048  0.1104757  0.0587784
 3891.1 3906.2  0.3634560  0.1088576  0.0582436
 3906.2 3921.6  0.3620072  0.1072395  0.0577088
 3921.6 3937.0  0.3605295  0.1055893  0.0571634
 3937.0 3952.6  0.3590519  0.1039391  0.0566179
 3952.6 3968.3  0.3576329  0.1022631  0.0560754
 3968.3 3984.1  0.3565964  0.1005548  0.0555798
 3984.1 4000.0  0.3555533  0.0988357  0.0550810
 4000.0 4016.1  0.3545036  0.0971057  0.0545790
 4016.1 4032.3  0.3534407  0.0953539  0.0540707
 4032.3 4048.6  0.3523712  0.0935913  0.0535593
 4048.6 4065.0  0.3512951  0.0918177  0.0530447
 4065.0 4081.6  0.3505960  0.0901866  0.0525743
 4081.6 4098.4  0.3499246  0.0885500  0.0521027
 4098.4 4115.2  0.3492451  0.0868937  0.0516254
 4115.2 4132.2  0.3485656  0.0852374  0.0511480
 4132.2 4149.4  0.3478780  0.0835614  0.0506650
 4149.4 4166.7  0.3471824  0.0818657  0.0501764
 4166.7 4184.1  0.3468196  0.0803961  0.0497290
 4184.1 4201.7  0.3464669  0.0789265  0.0492807
 4201.7 4219.4  0.3461101  0.0774401  0.0488273
 4219.4 4237.3  0.3457514  0.0759453  0.0483713
 4237.3 4255.3  0.3453885  0.0744335  0.0479101
 4255.3 4273.5  0.3450976  0.0729754  0.0474585
 4273.5 4291.8  0.3449825  0.0716514  0.0470311
 4291.8 4310.3  0.3448667  0.0703202  0.0466014
 4310.3 4329.0  0.3447497  0.0689744  0.0461671
 4329.0 4347.8  0.3446314  0.0676140  0.0457280
 4347.8 4366.8  0.3445125  0.0662464  0.0452866
 4366.8 4386.0  0.3445382  0.0650151  0.0448739
 4386.0 4405.3  0.3445835  0.0637908  0.0444613
 4405.3 4424.8  0.3446290  0.0625601  0.0440465
 4424.8 4444.4  0.3446750  0.0613167  0.0436275
 4444.4 4464.3  0.3447212  0.0600669  0.0432062
 4464.3 4484.3  0.3448529  0.0589003  0.0428032
 4484.3 4504.5  0.3450187  0.0577681  0.0424078
 4504.5 4524.9  0.3451861  0.0566245  0.0420084
 4524.9 4545.5  0.3453552  0.0554696  0.0416051
 4545.5 4566.2  0.3455259  0.0543034  0.0411978
 4566.2 4587.2  0.3457795  0.0532293  0.0408124
 4587.2 4608.3  0.3460600  0.0521672  0.0404281
 4608.3 4629.6  0.3463417  0.0511000  0.0400421
 4629.6 4651.2  0.3466262  0.0500227  0.0396524
 4651.2 4672.9  0.3469201  0.0489364  0.0392587
 4672.9 4694.8  0.3473088  0.0479507  0.0388892
 4694.8 4717.0  0.3477010  0.0469560  0.0385163
 4717.0 4739.3  0.3480986  0.0459476  0.0381384
 4739.3 4761.9  0.3484980  0.0449347  0.0377587
 4761.9 4784.7  0.3489527  0.0439610  0.0373871
 4784.7 4807.7  0.3494565  0.0430265  0.0370241
 4807.7 4830.9  0.3499648  0.0420839  0.0366579
 4830.9 4854.4  0.3504774  0.0411330  0.0362886
 4854.4 4878.0  0.3510141  0.0401868  0.0359188
 4878.0 4902.0  0.3516288  0.0393106  0.0355661
 4902.0 4926.1  0.3522539  0.0384196  0.0352075
 4926.1 4950.5  0.3528817  0.0375248  0.0348474
 4950.5 4975.1  0.3535191  0.0366206  0.0344833
 4975.1 5000.0  0.3542542  0.0357909  0.0341373
 5000.0 5025.1  0.3549982  0.0349510  0.0337872
 5025.1 5050.5  0.3557482  0.0341044  0.0334342
 5050.5 5076.1  0.3565091  0.0332493  0.0330775
 5076.1 5102.0  0.3573722  0.0324637  0.0327381
 5102.0 5128.2  0.3582455  0.0316690  0.0323948
 5128.2 5154.6  0.3591290  0.0308651  0.0320476
 5154.6 5181.3  0.3600373  0.0300679  0.0317011
 5181.3 5208.3  0.3610434  0.0293230  0.0313676
 5208.3 5235.6  0.3620607  0.0285698  0.0310303
 5235.6 5263.2  0.3630894  0.0278082  0.0306892
 5263.2 5291.0  0.3641850  0.0270728  0.0303542
 5291.0 5319.1  0.3653495  0.0263700  0.0300274
 5319.1 5347.6  0.3665267  0.0256596  0.0296972
 5347.6 5376.3  0.3677206  0.0249391  0.0293622
 5376.3 5405.4  0.3690435  0.0242800  0.0290444
 5405.4 5434.8  0.3703961  0.0236178  0.0287240
 5434.8 5464.5  0.3717626  0.0229489  0.0284003
 5464.5 5494.5  0.3732172  0.0223095  0.0280843
 5494.5 5524.9  0.3747649  0.0217024  0.0277769
 5524.9 5555.6  0.3763333  0.0210872  0.0274654
 5555.6 5586.6  0.3779482  0.0204799  0.0271552
 5586.6 5618.0  0.3797193  0.0199301  0.0268619
 5618.0 5649.7  0.3815133  0.0193733  0.0265647
 5649.7 5681.8  0.3833245  0.0188111  0.0262647
 5681.8 5714.3  0.3853257  0.0183147  0.0259841
 5714.3 5747.1  0.3873535  0.0178128  0.0257002
 5747.1 5780.3  0.3894000  0.0173062  0.0254137
 5780.3 5814.0  0.3916047  0.0168514  0.0251422
 5814.0 5848.0  0.3938555  0.0163955  0.0248685
 5848.0 5882.4  0.3961264  0.0159355  0.0245922
 5882.4 5917.2  0.3985397  0.0155206  0.0243290
 5917.2 5952.4  0.4009883  0.0151041  0.0240636
 5952.4 5988.0  0.4034719  0.0146859  0.0237962
 5988.0 6024.1  0.4060785  0.0143048  0.0235391
 6024.1 6060.6  0.4087217  0.0139184  0.0232784
 6060.6 6097.6  0.4114179  0.0135382  0.0230183
 6097.6 6135.0  0.4142096  0.0131791  0.0227631
 6135.0 6172.8  0.4170314  0.0128162  0.0225052
 6172.8 6211.2  0.4199217  0.0124669  0.0222501
 6211.2 6250.0  0.4228834  0.0121238  0.0219949
 6250.0 6289.3  0.4258759  0.0117772  0.0217370
 6289.3 6329.1  0.4289531  0.0114482  0.0214831
 6329.1 6369.4  0.4320694  0.0111151  0.0212259
 6369.4 6410.3  0.4352386  0.0107850  0.0209680
 6410.3 6451.6  0.4384700  0.0104581  0.0207090
 6451.6 6493.5  0.4417334  0.0101282  0.0204476
 6493.5 6535.9  0.4450548  0.0098016  0.0201853
 6535.9 6578.9  0.4484157  0.0094710  0.0199200
 6578.9 6622.5  0.4518192  0.0091366  0.0196515
 6622.5 6666.7  0.4552677  0.0087978  0.0193795
 6666.7 6711.4  0.4587534  0.0084521  0.0191033
 6711.4 6756.8  0.4622613  0.0080985  0.0188231
 6756.8 6802.7  0.4658169  0.0077373  0.0185380
 6802.7 6849.3  0.4693703  0.0073600  0.0182467
 6849.3 6896.6  0.4729778  0.0069770  0.0179508
 6896.6 6944.4  0.4765788  0.0065703  0.0176459
 6944.4 6993.0  0.4802170  0.0061591  0.0173377
 6993.0 7042.3  0.4838643  0.0057280  0.0170214
 7042.3 7092.2  0.4875574  0.0052891  0.0167001
 7092.2 7142.9  0.4912543  0.0048381  0.0163741
 7142.9 7194.2  0.4950029  0.0043787  0.0160428
 7194.2 7246.4  0.4987617  0.0039133  0.0157091
 7246.4 7299.3  0.5025808  0.0034396  0.0153698
 7299.3 7352.9  0.5064219  0.0029657  0.0150302
 7352.9 7407.4  0.5103102  0.0024868  0.0146868
 7407.4 7462.7  0.5142415  0.0020138  0.0143449
 7462.7 7518.8  0.5182268  0.0015393  0.0140006
 7518.8 7575.8  0.5222573  0.0010762  0.0136601
 7575.8 7633.6  0.5263484  0.0006210  0.0133210
 7633.6 7692.3  0.5304921  0.0001780  0.0129856
 7692.3 7751.9  0.5346993  0.0002994  0.0126594
 7751.9 7812.5  0.5389709  0.0006477  0.0123348
 7812.5 7874.0  0.5433206  0.0010055  0.0120298
 7874.0 7936.5  0.5477406  0.0013392  0.0117329
 7936.5 8000.0  0.5522418  0.0016316  0.0114512
 8000.0 8064.5  0.5568343  0.0018536  0.0111970
 8064.5 8130.1  0.5615123  0.0020320  0.0109588
 8130.1 8196.7  0.5662974  0.0021205  0.0107559
 8196.7 8264.5  0.5711884  0.0021071  0.0105936
 8264.5 8333.3  0.5761951  0.0020101  0.0104636
 8333.3 8403.4  0.5813245  0.0017678  0.0103924
 8403.4 8474.6  0.5866109  0.0013504  0.0103917
 8474.6 8547.0  0.5919991  0.0008722  0.0104137
 8547.0 8620.7  0.5974782  0.0003859  0.0104362
 8620.7 8695.7  0.6030557 -0.0001090  0.0104590
 8695.7 8771.9  0.6087316 -0.0006127  0.0104823
 8771.9 8849.6  0.6144983 -0.0011245  0.0105059
 8849.6 8928.6  0.6203784 -0.0016463  0.0105300
 8928.6 9009.0  0.6263570 -0.0021769  0.0105545
 9009.0 9090.9  0.6324416 -0.0027168  0.0105794
 9090.9 9174.3  0.6386396 -0.0032669  0.0106048
 9174.3 9259.3  0.6449512 -0.0038270  0.0106306
 9259.3 9345.8  0.6513838 -0.0043979  0.0106570
 9345.8 9434.0  0.6579300 -0.0049788  0.0106838
 9434.0 9523.8  0.6646048 -0.0055711  0.0107111
 9523.8 9615.4  0.6714007 -0.0061742  0.0107390
 9615.4 9708.7  0.6783329 -0.0067894  0.0107674
 9708.7 9803.9  0.6853936 -0.0074160  0.0107963
 9803.9 9901.0  0.6925982 -0.0080554  0.0108258
 9901.0 9911.0  0.6999465 -0.0087075  0.0108559
