 1176.5 1177.9  0.0734343  0.6023989  0.0201375
 1177.9 1179.2  0.0732177  0.6015330  0.0201074
 1179.2 1180.6  0.0730167  0.6007289  0.0200794
 1180.6 1182.0  0.0728001  0.5998630  0.0200493
 1182.0 1183.4  0.0725836  0.5989971  0.0200192
 1183.4 1184.8  0.0723670  0.5981311  0.0199890
 1184.8 1186.2  0.0721505  0.5972651  0.0199589
 1186.2 1187.6  0.0719339  0.5963992  0.0199288
 1187.6 1189.1  0.0717174  0.5955333  0.0198987
 1189.1 1190.5  0.0714854  0.5946055  0.0198664
 1190.5 1191.9  0.0712688  0.5937396  0.0198363
 1191.9 1193.3  0.0710523  0.5928736  0.0198062
 1193.3 1194.7  0.0708358  0.5920076  0.0197760
 1194.7 1196.2  0.0706192  0.5911418  0.0197459
 1196.2 1197.6  0.0703872  0.5902140  0.0197136
 1197.6 1199.0  0.0701707  0.5893480  0.0196835
 1199.0 1200.5  0.0699541  0.5884821  0.0196534
 1200.5 1201.9  0.0697221  0.5875543  0.0196211
 1201.9 1203.4  0.0695056  0.5866883  0.0195910
 1203.4 1204.8  0.0692736  0.5857605  0.0195587
 1204.8 1206.3  0.0690570  0.5848946  0.0195286
 1206.3 1207.7  0.0688250  0.5839668  0.0194963
 1207.7 1209.2  0.0686085  0.5831009  0.0194662
 1209.2 1210.7  0.0683765  0.5821731  0.0194339
 1210.7 1212.1  0.0681445  0.5812453  0.0194016
 1212.1 1213.6  0.0679279  0.5803794  0.0193715
 1213.6 1215.1  0.0676959  0.5794516  0.0193392
 1215.1 1216.5  0.0674639  0.5785238  0.0193070
 1216.5 1218.0  0.0672474  0.5776578  0.0192768
 1218.0 1219.5  0.0670153  0.5767301  0.0192446
 1219.5 1221.0  0.0667833  0.5758023  0.0192123
 1221.0 1222.5  0.0665513  0.5748745  0.0191800
 1222.5 1224.0  0.0663193  0.5739467  0.0191477
 1224.0 1225.5  0.0660873  0.5730189  0.0191155
 1225.5 1227.0  0.0658553  0.5720911  0.0190832
 1227.0 1228.5  0.0656233  0.5711633  0.0190509
 1228.5 1230.0  0.0653913  0.5702355  0.0190186
 1230.0 1231.5  0.0651593  0.5693077  0.0189864
 1231.5 1233.0  0.0649273  0.5683799  0.0189541
 1233.0 1234.6  0.0646953  0.5674521  0.0189218
 1234.6 1236.1  0.0644478  0.5664625  0.0188874
 1236.1 1237.6  0.0642158  0.5655347  0.0188551
 1237.6 1239.2  0.0639838  0.5646069  0.0188228
 1239.2 1240.7  0.0637363  0.5636173  0.0187884
 1240.7 1242.2  0.0635043  0.5626895  0.0187561
 1242.2 1243.8  0.0632723  0.5617617  0.0187239
 1243.8 1245.3  0.0630248  0.5607720  0.0186894
 1245.3 1246.9  0.0627928  0.5598443  0.0186572
 1246.9 1248.4  0.0625453  0.5588546  0.0186227
 1248.4 1250.0  0.0623133  0.5579268  0.0185905
 1250.0 1251.6  0.0620658  0.5569372  0.0185560
 1251.6 1253.1  0.0618184  0.5559475  0.0185216
 1253.1 1254.7  0.0615864  0.5550197  0.0184893
 1254.7 1256.3  0.0613389  0.5540301  0.0184549
 1256.3 1257.9  0.0610914  0.5530404  0.0184205
 1257.9 1259.4  0.0608439  0.5520508  0.0183861
 1259.4 1261.0  0.0606119  0.5511230  0.0183538
 1261.0 1262.6  0.0603644  0.5501334  0.0183193
 1262.6 1264.2  0.0601170  0.5491437  0.0182849
 1264.2 1265.8  0.0598695  0.5481541  0.0182505
 1265.8 1267.4  0.0596220  0.5471644  0.0182161
 1267.4 1269.0  0.0593745  0.5461748  0.0181816
 1269.0 1270.6  0.0591271  0.5451851  0.0181472
 1270.6 1272.3  0.0588796  0.5441955  0.0181128
 1272.3 1273.9  0.0586166  0.5431440  0.0180762
 1273.9 1275.5  0.0583692  0.5421544  0.0180418
 1275.5 1277.1  0.0581217  0.5411648  0.0180074
 1277.1 1278.8  0.0578742  0.5401751  0.0179729
 1278.8 1280.4  0.0576113  0.5391235  0.0179364
 1280.4 1282.1  0.0573638  0.5381339  0.0179019
 1282.1 1283.7  0.0571008  0.5370824  0.0178653
 1283.7 1285.3  0.0568534  0.5360928  0.0178309
 1285.3 1287.0  0.0566059  0.5351031  0.0177965
 1287.0 1288.7  0.0563429  0.5340517  0.0177599
 1288.7 1290.3  0.0560800  0.5330002  0.0177233
 1290.3 1292.0  0.0558325  0.5320105  0.0176889
 1292.0 1293.7  0.0555696  0.5309590  0.0176523
 1293.7 1295.3  0.0553066  0.5299076  0.0176158
 1295.3 1297.0  0.0550592  0.5289178  0.0175813
 1297.0 1298.7  0.0547962  0.5278664  0.0175448
 1298.7 1300.4  0.0545333  0.5268149  0.0175082
 1300.4 1302.1  0.0542887  0.5258312  0.0174739
 1302.1 1303.8  0.0541041  0.5250676  0.0174473
 1303.8 1305.5  0.0539194  0.5243041  0.0174207
 1305.5 1307.2  0.0537347  0.5235406  0.0173941
 1307.2 1308.9  0.0535501  0.5227771  0.0173674
 1308.9 1310.6  0.0533654  0.5220135  0.0173408
 1310.6 1312.3  0.0531807  0.5212500  0.0173142
 1312.3 1314.1  0.0529960  0.5204864  0.0172876
 1314.1 1315.8  0.0528005  0.5196781  0.0172594
 1315.8 1317.5  0.0526158  0.5189145  0.0172328
 1317.5 1319.3  0.0524311  0.5181510  0.0172062
 1319.3 1321.0  0.0522356  0.5173425  0.0171780
 1321.0 1322.8  0.0520509  0.5165790  0.0171513
 1322.8 1324.5  0.0518554  0.5157706  0.0171232
 1324.5 1326.3  0.0516707  0.5150070  0.0170965
 1326.3 1328.0  0.0514752  0.5141985  0.0170683
 1328.0 1329.8  0.0512905  0.5134351  0.0170417
 1329.8 1331.6  0.0510950  0.5126266  0.0170135
 1331.6 1333.3  0.0508994  0.5118182  0.0169853
 1333.3 1335.1  0.0507147  0.5110546  0.0169587
 1335.1 1336.9  0.0505192  0.5102462  0.0169305
 1336.9 1338.7  0.0503237  0.5094377  0.0169023
 1338.7 1340.5  0.0501281  0.5086293  0.0168742
 1340.5 1342.3  0.0499326  0.5078209  0.0168460
 1342.3 1344.1  0.0497371  0.5070124  0.0168178
 1344.1 1345.9  0.0495415  0.5062040  0.0167896
 1345.9 1347.7  0.0493460  0.5053955  0.0167614
 1347.7 1349.5  0.0491505  0.5045871  0.0167332
 1349.5 1351.4  0.0489549  0.5037787  0.0167050
 1351.4 1353.2  0.0487589  0.5029503  0.0166762
 1353.2 1355.0  0.0485767  0.5021740  0.0166491
 1355.0 1356.9  0.0483945  0.5013976  0.0166221
 1356.9 1358.7  0.0482021  0.5005781  0.0165935
 1358.7 1360.5  0.0480199  0.4998018  0.0165665
 1360.5 1362.4  0.0478377  0.4990255  0.0165394
 1362.4 1364.3  0.0476454  0.4982060  0.0165109
 1364.3 1366.1  0.0474530  0.4973865  0.0164823
 1366.1 1368.0  0.0472708  0.4966102  0.0164552
 1368.0 1369.9  0.0470785  0.4957907  0.0164267
 1369.9 1371.7  0.0468862  0.4949712  0.0163981
 1371.7 1373.6  0.0467040  0.4941949  0.0163711
 1373.6 1375.5  0.0465116  0.4933754  0.0163425
 1375.5 1377.4  0.0463193  0.4925559  0.0163140
 1377.4 1379.3  0.0461270  0.4917365  0.0162854
 1379.3 1381.2  0.0459346  0.4909170  0.0162569
 1381.2 1383.1  0.0457423  0.4900976  0.0162283
 1383.1 1385.0  0.0455500  0.4892781  0.0161998
 1385.0 1387.0  0.0453576  0.4884586  0.0161712
 1387.0 1388.9  0.0451552  0.4875960  0.0161412
 1388.9 1390.8  0.0449628  0.4867765  0.0161126
 1390.8 1392.8  0.0447705  0.4859570  0.0160841
 1392.8 1394.7  0.0445680  0.4850944  0.0160540
 1394.7 1396.6  0.0443757  0.4842750  0.0160254
 1396.6 1398.6  0.0441834  0.4834555  0.0159969
 1398.6 1400.6  0.0439809  0.4825929  0.0159668
 1400.6 1402.5  0.0437832  0.4817411  0.0159372
 1402.5 1404.5  0.0436058  0.4809556  0.0159099
 1404.5 1406.5  0.0434191  0.4801288  0.0158812
 1406.5 1408.5  0.0432323  0.4793020  0.0158524
 1408.5 1410.4  0.0430456  0.4784752  0.0158237
 1410.4 1412.4  0.0428682  0.4776898  0.0157964
 1412.4 1414.4  0.0426815  0.4768630  0.0157677
 1414.4 1416.4  0.0424947  0.4760363  0.0157389
 1416.4 1418.4  0.0423080  0.4752094  0.0157102
 1418.4 1420.5  0.0421213  0.4743827  0.0156815
 1420.5 1422.5  0.0419252  0.4735146  0.0156513
 1422.5 1424.5  0.0417385  0.4726878  0.0156226
 1424.5 1426.5  0.0415517  0.4718610  0.0155938
 1426.5 1428.6  0.0413650  0.4710342  0.0155651
 1428.6 1430.6  0.0411689  0.4701661  0.0155349
 1430.6 1432.7  0.0409822  0.4693393  0.0155062
 1432.7 1434.7  0.0407861  0.4684712  0.0154760
 1434.7 1436.8  0.0405994  0.4676444  0.0154473
 1436.8 1438.8  0.0404033  0.4667763  0.0154171
 1438.8 1440.9  0.0402166  0.4659495  0.0153884
 1440.9 1443.0  0.0400205  0.4650814  0.0153582
 1443.0 1445.1  0.0398245  0.4642133  0.0153281
 1445.1 1447.2  0.0396284  0.4633451  0.0152979
 1447.2 1449.3  0.0394323  0.4624770  0.0152677
 1449.3 1451.4  0.0392363  0.4616089  0.0152376
 1451.4 1453.5  0.0390519  0.4607661  0.0152084
 1453.5 1455.6  0.0388734  0.4599361  0.0151797
 1455.6 1457.7  0.0386950  0.4591060  0.0151510
 1457.7 1459.9  0.0385165  0.4582759  0.0151223
 1459.9 1462.0  0.0383295  0.4574063  0.0150922
 1462.0 1464.1  0.0381510  0.4565762  0.0150635
 1464.1 1466.3  0.0379726  0.4557462  0.0150348
 1466.3 1468.4  0.0377856  0.4548765  0.0150047
 1468.4 1470.6  0.0376071  0.4540465  0.0149760
 1470.6 1472.8  0.0374201  0.4531769  0.0149459
 1472.8 1474.9  0.0372332  0.4523073  0.0149159
 1474.9 1477.1  0.0370547  0.4514772  0.0148872
 1477.1 1479.3  0.0368677  0.4506076  0.0148571
 1479.3 1481.5  0.0366807  0.4497380  0.0148270
 1481.5 1483.7  0.0364938  0.4488684  0.0147970
 1483.7 1485.9  0.0363068  0.4479989  0.0147669
 1485.9 1488.1  0.0361198  0.4471292  0.0147368
 1488.1 1490.3  0.0359329  0.4462596  0.0147067
 1490.3 1492.5  0.0357459  0.4453900  0.0146767
 1492.5 1494.8  0.0355589  0.4445204  0.0146466
 1494.8 1497.0  0.0353634  0.4436113  0.0146152
 1497.0 1499.3  0.0351765  0.4427417  0.0145851
 1499.3 1501.5  0.0349810  0.4418326  0.0145537
 1501.5 1503.8  0.0348075  0.4409907  0.0145247
 1503.8 1506.0  0.0346326  0.4401240  0.0144950
 1506.0 1508.3  0.0344653  0.4392951  0.0144665
 1508.3 1510.6  0.0342905  0.4384285  0.0144368
 1510.6 1512.9  0.0341156  0.4375619  0.0144070
 1512.9 1515.2  0.0339407  0.4366952  0.0143773
 1515.2 1517.5  0.0337659  0.4358286  0.0143476
 1517.5 1519.8  0.0335910  0.4349620  0.0143178
 1519.8 1522.1  0.0334161  0.4340953  0.0142881
 1522.1 1524.4  0.0332413  0.4332287  0.0142583
 1524.4 1526.7  0.0330664  0.4323621  0.0142286
 1526.7 1529.1  0.0328916  0.4314955  0.0141989
 1529.1 1531.4  0.0327091  0.4305911  0.0141678
 1531.4 1533.7  0.0325342  0.4297245  0.0141381
 1533.7 1536.1  0.0323594  0.4288579  0.0141084
 1536.1 1538.5  0.0321769  0.4279536  0.0140773
 1538.5 1540.8  0.0319944  0.4270492  0.0140463
 1540.8 1543.2  0.0318196  0.4261826  0.0140166
 1543.2 1545.6  0.0316371  0.4252783  0.0139855
 1545.6 1548.0  0.0314546  0.4243740  0.0139545
 1548.0 1550.4  0.0312722  0.4234697  0.0139235
 1550.4 1552.8  0.0310935  0.4225730  0.0138927
 1552.8 1555.2  0.0309341  0.4217142  0.0138636
 1555.2 1557.6  0.0307747  0.4208554  0.0138344
 1557.6 1560.1  0.0306153  0.4199966  0.0138053
 1560.1 1562.5  0.0304492  0.4191020  0.0137749
 1562.5 1564.9  0.0302898  0.4182432  0.0137458
 1564.9 1567.4  0.0301304  0.4173844  0.0137166
 1567.4 1569.9  0.0299644  0.4164899  0.0136863
 1569.9 1572.3  0.0297983  0.4155953  0.0136559
 1572.3 1574.8  0.0296389  0.4147365  0.0136267
 1574.8 1577.3  0.0294728  0.4138419  0.0135964
 1577.3 1579.8  0.0293068  0.4129473  0.0135660
 1579.8 1582.3  0.0291407  0.4120528  0.0135356
 1582.3 1584.8  0.0289747  0.4111582  0.0135053
 1584.8 1587.3  0.0288086  0.4102636  0.0134749
 1587.3 1589.8  0.0286426  0.4093691  0.0134446
 1589.8 1592.4  0.0284765  0.4084745  0.0134142
 1592.4 1594.9  0.0283038  0.4075441  0.0133826
 1594.9 1597.4  0.0281377  0.4066495  0.0133522
 1597.4 1600.0  0.0279717  0.4057550  0.0133219
 1600.0 1602.6  0.0277990  0.4048246  0.0132903
 1602.6 1605.1  0.0276519  0.4039442  0.0132608
 1605.1 1607.7  0.0275105  0.4030977  0.0132324
 1607.7 1610.3  0.0273634  0.4022173  0.0132030
 1610.3 1612.9  0.0272164  0.4013368  0.0131735
 1612.9 1615.5  0.0270693  0.4004564  0.0131440
 1615.5 1618.1  0.0269222  0.3995760  0.0131145
 1618.1 1620.7  0.0267752  0.3986956  0.0130850
 1620.7 1623.4  0.0266281  0.3978152  0.0130555
 1623.4 1626.0  0.0264754  0.3969010  0.0130249
 1626.0 1628.7  0.0263283  0.3960205  0.0129954
 1628.7 1631.3  0.0261756  0.3951063  0.0129647
 1631.3 1634.0  0.0260285  0.3942258  0.0129352
 1634.0 1636.7  0.0258758  0.3933116  0.0129046
 1636.7 1639.3  0.0257230  0.3923973  0.0128740
 1639.3 1642.0  0.0255760  0.3915169  0.0128445
 1642.0 1644.7  0.0254232  0.3906026  0.0128139
 1644.7 1647.4  0.0252705  0.3896884  0.0127832
 1647.4 1650.2  0.0251178  0.3887741  0.0127526
 1650.2 1652.9  0.0249612  0.3878298  0.0127210
 1652.9 1655.6  0.0248331  0.3869659  0.0126924
 1655.6 1658.4  0.0247050  0.3861022  0.0126638
 1658.4 1661.1  0.0245721  0.3852064  0.0126341
 1661.1 1663.9  0.0244440  0.3843426  0.0126055
 1663.9 1666.7  0.0243111  0.3834468  0.0125758
 1666.7 1669.4  0.0241783  0.3825511  0.0125461
 1669.4 1672.2  0.0240501  0.3816873  0.0125175
 1672.2 1675.0  0.0239173  0.3807915  0.0124879
 1675.0 1677.9  0.0237844  0.3798957  0.0124582
 1677.9 1680.7  0.0236468  0.3789680  0.0124275
 1680.7 1683.5  0.0235139  0.3780722  0.0123978
 1683.5 1686.3  0.0233811  0.3771764  0.0123681
 1686.3 1689.2  0.0232482  0.3762807  0.0123385
 1689.2 1692.0  0.0231106  0.3753529  0.0123077
 1692.0 1694.9  0.0229777  0.3744571  0.0122781
 1694.9 1697.8  0.0228401  0.3735294  0.0122473
 1697.8 1700.7  0.0227025  0.3726016  0.0122166
 1700.7 1703.6  0.0225781  0.3717506  0.0121885
 1703.6 1706.5  0.0224954  0.3711405  0.0121684
 1706.5 1709.4  0.0224128  0.3705305  0.0121483
 1709.4 1712.3  0.0223301  0.3699206  0.0121282
 1712.3 1715.3  0.0222474  0.3693105  0.0121081
 1715.3 1718.2  0.0221618  0.3686795  0.0120874
 1718.2 1721.2  0.0220791  0.3680695  0.0120673
 1721.2 1724.1  0.0219936  0.3674385  0.0120465
 1724.1 1727.1  0.0219109  0.3668285  0.0120264
 1727.1 1730.1  0.0218253  0.3661975  0.0120057
 1730.1 1733.1  0.0217398  0.3655664  0.0119849
 1733.1 1736.1  0.0216543  0.3649354  0.0119641
 1736.1 1739.1  0.0215687  0.3643044  0.0119433
 1739.1 1742.2  0.0214832  0.3636733  0.0119226
 1742.2 1745.2  0.0213948  0.3630213  0.0119011
 1745.2 1748.3  0.0213092  0.3623902  0.0118803
 1748.3 1751.3  0.0212208  0.3617381  0.0118589
 1751.3 1754.4  0.0211353  0.3611071  0.0118381
 1754.4 1757.5  0.0210436  0.3604211  0.0118155
 1757.5 1760.6  0.0209297  0.3595061  0.0117855
 1760.6 1763.7  0.0208158  0.3585911  0.0117554
 1763.7 1766.8  0.0207018  0.3576761  0.0117254
 1766.8 1769.9  0.0205879  0.3567610  0.0116953
 1769.9 1773.0  0.0204740  0.3558460  0.0116653
 1773.0 1776.2  0.0203662  0.3549472  0.0116358
 1776.2 1779.4  0.0202551  0.3540200  0.0116053
 1779.4 1782.5  0.0201440  0.3530927  0.0115749
 1782.5 1785.7  0.0200364  0.3521945  0.0115454
 1785.7 1788.9  0.0199253  0.3512672  0.0115150
 1788.9 1792.1  0.0198197  0.3503554  0.0114850
 1792.1 1795.3  0.0197147  0.3494452  0.0114551
 1795.3 1798.6  0.0196097  0.3485350  0.0114253
 1798.6 1801.8  0.0195015  0.3475964  0.0113944
 1801.8 1805.1  0.0193965  0.3466862  0.0113646
 1805.1 1808.3  0.0192909  0.3457373  0.0113333
 1808.3 1811.6  0.0191886  0.3448165  0.0113030
 1811.6 1814.9  0.0190832  0.3438670  0.0112718
 1814.9 1818.2  0.0189777  0.3429175  0.0112406
 1818.2 1821.5  0.0188728  0.3419708  0.0112094
 1821.5 1824.8  0.0187762  0.3410676  0.0111796
 1824.8 1828.2  0.0186795  0.3401645  0.0111499
 1828.2 1831.5  0.0185799  0.3392340  0.0111192
 1831.5 1834.9  0.0184832  0.3383309  0.0110895
 1834.9 1838.2  0.0183836  0.3374003  0.0110588
 1838.2 1841.6  0.0182921  0.3365146  0.0110295
 1841.6 1845.0  0.0181980  0.3356026  0.0109994
 1845.0 1848.4  0.0181038  0.3346906  0.0109692
 1848.4 1851.9  0.0180097  0.3337786  0.0109390
 1851.9 1855.3  0.0179128  0.3328397  0.0109080
 1855.3 1858.7  0.0178210  0.3319205  0.0108775
 1858.7 1862.2  0.0177293  0.3310010  0.0108469
 1862.2 1865.7  0.0176350  0.3300545  0.0108155
 1865.7 1869.2  0.0175406  0.3291080  0.0107840
 1869.2 1872.7  0.0174466  0.3281642  0.0107527
 1872.7 1876.2  0.0173597  0.3272638  0.0107226
 1876.2 1879.7  0.0172727  0.3263635  0.0106925
 1879.7 1883.2  0.0171858  0.3254631  0.0106624
 1883.2 1886.8  0.0170988  0.3245628  0.0106324
 1886.8 1890.4  0.0170094  0.3236367  0.0106014
 1890.4 1893.9  0.0169241  0.3227296  0.0105709
 1893.9 1897.5  0.0168415  0.3218487  0.0105413
 1897.5 1901.1  0.0167565  0.3209427  0.0105109
 1901.1 1904.8  0.0166715  0.3200366  0.0104804
 1904.8 1908.4  0.0165841  0.3191054  0.0104491
 1908.4 1912.0  0.0165007  0.3181954  0.0104183
 1912.0 1915.7  0.0164175  0.3172852  0.0103874
 1915.7 1919.4  0.0163319  0.3163496  0.0103557
 1919.4 1923.1  0.0162463  0.3154140  0.0103240
 1923.1 1926.8  0.0161608  0.3144798  0.0102923
 1926.8 1930.5  0.0160811  0.3135902  0.0102618
 1930.5 1934.2  0.0160013  0.3127007  0.0102313
 1934.2 1938.0  0.0159216  0.3118112  0.0102008
 1938.0 1941.7  0.0158396  0.3108976  0.0101695
 1941.7 1945.5  0.0157599  0.3100081  0.0101391
 1945.5 1949.3  0.0156807  0.3091145  0.0101082
 1949.3 1953.1  0.0156019  0.3082227  0.0100773
 1953.1 1956.9  0.0155230  0.3073308  0.0100464
 1956.9 1960.8  0.0154441  0.3064390  0.0100155
 1960.8 1964.6  0.0153632  0.3055236  0.0099838
 1964.6 1968.5  0.0152849  0.3046310  0.0099525
 1968.5 1972.4  0.0152045  0.3037149  0.0099204
 1972.4 1976.3  0.0151242  0.3027987  0.0098882
 1976.3 1980.2  0.0150439  0.3018826  0.0098561
 1980.2 1984.1  0.0149638  0.3009688  0.0098240
 1984.1 1988.1  0.0148880  0.3000987  0.0097931
 1988.1 1992.0  0.0148103  0.2992063  0.0097613
 1992.0 1996.0  0.0147345  0.2983363  0.0097304
 1996.0 2000.0  0.0146567  0.2974439  0.0096986
 2000.0 2004.0  0.0145790  0.2965515  0.0096669
 2004.0 2008.0  0.0145019  0.2956617  0.0096348
 2008.0 2012.1  0.0144248  0.2947719  0.0096028
 2012.1 2016.1  0.0143457  0.2938598  0.0095699
 2016.1 2020.2  0.0142686  0.2929701  0.0095379
 2020.2 2024.3  0.0141898  0.2920603  0.0095051
 2024.3 2028.4  0.0141150  0.2911953  0.0094735
 2028.4 2032.5  0.0140403  0.2903303  0.0094419
 2032.5 2036.7  0.0139656  0.2894653  0.0094103
 2036.7 2040.8  0.0138891  0.2885792  0.0093779
 2040.8 2045.0  0.0138143  0.2877142  0.0093463
 2045.0 2049.2  0.0137401  0.2868529  0.0093145
 2049.2 2053.4  0.0136659  0.2859929  0.0092826
 2053.4 2057.6  0.0135917  0.2851329  0.0092507
 2057.6 2061.9  0.0135175  0.2842728  0.0092189
 2061.9 2066.1  0.0134416  0.2833923  0.0091863
 2066.1 2070.4  0.0133679  0.2825389  0.0091542
 2070.4 2074.7  0.0132925  0.2816654  0.0091215
 2074.7 2079.0  0.0132171  0.2807919  0.0090887
 2079.0 2083.3  0.0131417  0.2799184  0.0090559
 2083.3 2087.7  0.0130665  0.2790469  0.0090232
 2087.7 2092.1  0.0129917  0.2781834  0.0089903
 2092.1 2096.4  0.0129169  0.2773198  0.0089574
 2096.4 2100.8  0.0128439  0.2764758  0.0089253
 2100.8 2105.3  0.0127691  0.2756122  0.0088924
 2105.3 2109.7  0.0126929  0.2747323  0.0088589
 2109.7 2114.2  0.0126218  0.2739174  0.0088274
 2114.2 2118.6  0.0125492  0.2730839  0.0087952
 2118.6 2123.1  0.0124781  0.2722689  0.0087637
 2123.1 2127.7  0.0124055  0.2714354  0.0087315
 2127.7 2132.2  0.0123312  0.2705834  0.0086986
 2132.2 2136.8  0.0122605  0.2697788  0.0086672
 2136.8 2141.3  0.0121883  0.2689583  0.0086350
 2141.3 2145.9  0.0121176  0.2681558  0.0086036
 2145.9 2150.5  0.0120454  0.2673354  0.0085714
 2150.5 2155.2  0.0119732  0.2665150  0.0085393
 2155.2 2159.8  0.0118971  0.2656609  0.0085054
 2159.8 2164.5  0.0118222  0.2648231  0.0084720
 2164.5 2169.2  0.0117458  0.2639672  0.0084380
 2169.2 2173.9  0.0116693  0.2631112  0.0084039
 2173.9 2178.6  0.0115928  0.2622553  0.0083698
 2178.6 2183.4  0.0115279  0.2615401  0.0083410
 2183.4 2188.2  0.0114618  0.2608128  0.0083116
 2188.2 2193.0  0.0113957  0.2600856  0.0082823
 2193.0 2197.8  0.0113296  0.2593583  0.0082529
 2197.8 2202.6  0.0112635  0.2586310  0.0082236
 2202.6 2207.5  0.0111927  0.2578636  0.0081923
 2207.5 2212.4  0.0111164  0.2570454  0.0081587
 2212.4 2217.3  0.0110402  0.2562273  0.0081252
 2217.3 2222.2  0.0109639  0.2554091  0.0080916
 2222.2 2227.2  0.0108878  0.2545939  0.0080581
 2227.2 2232.1  0.0108149  0.2538348  0.0080265
 2232.1 2237.1  0.0107435  0.2530909  0.0079955
 2237.1 2242.2  0.0106706  0.2523318  0.0079638
 2242.2 2247.2  0.0105963  0.2515575  0.0079316
 2247.2 2252.3  0.0105235  0.2508005  0.0079000
 2252.3 2257.3  0.0104519  0.2500825  0.0078696
 2257.3 2262.4  0.0103817  0.2493785  0.0078397
 2262.4 2267.6  0.0103101  0.2486604  0.0078093
 2267.6 2272.7  0.0102371  0.2479282  0.0077782
 2272.7 2277.9  0.0101655  0.2472101  0.0077478
 2277.9 2283.1  0.0100922  0.2465072  0.0077175
 2283.1 2288.3  0.0100190  0.2458060  0.0076872
 2288.3 2293.6  0.0099457  0.2451049  0.0076569
 2293.6 2298.9  0.0098710  0.2443902  0.0076260
 2298.9 2304.1  0.0097963  0.2436756  0.0075952
 2304.1 2309.5  0.0097252  0.2430316  0.0075669
 2309.5 2314.8  0.0096513  0.2423640  0.0075375
 2314.8 2320.2  0.0095788  0.2417088  0.0075086
 2320.2 2325.6  0.0095050  0.2410412  0.0074793
 2325.6 2331.0  0.0094312  0.2403736  0.0074499
 2331.0 2336.4  0.0093566  0.2397415  0.0074215
 2336.4 2341.9  0.0092820  0.2391121  0.0073932
 2341.9 2347.4  0.0092060  0.2384711  0.0073643
 2347.4 2352.9  0.0091301  0.2378301  0.0073355
 2352.9 2358.5  0.0090541  0.2371891  0.0073066
 2358.5 2364.1  0.0089772  0.2365876  0.0072791
 2364.1 2369.7  0.0089002  0.2359870  0.0072515
 2369.7 2375.3  0.0088233  0.2353865  0.0072240
 2375.3 2381.0  0.0087464  0.2347860  0.0071964
 2381.0 2386.6  0.0086681  0.2341747  0.0071684
 2386.6 2392.3  0.0085934  0.2336168  0.0071432
 2392.3 2398.1  0.0085173  0.2330489  0.0071176
 2398.1 2403.8  0.0084400  0.2324711  0.0070915
 2403.8 2409.6  0.0083639  0.2319032  0.0070659
 2409.6 2415.5  0.0082865  0.2313253  0.0070398
 2415.5 2421.3  0.0082087  0.2307198  0.0070148
 2421.3 2427.2  0.0081323  0.2301232  0.0069904
 2427.2 2433.1  0.0080545  0.2295163  0.0069655
 2433.1 2439.0  0.0079768  0.2289094  0.0069407
 2439.0 2445.0  0.0078990  0.2283026  0.0069158
 2445.0 2451.0  0.0078240  0.2276234  0.0068928
 2451.0 2457.0  0.0077490  0.2269442  0.0068698
 2457.0 2463.1  0.0076740  0.2262649  0.0068468
 2463.1 2469.1  0.0075977  0.2255744  0.0068234
 2469.1 2475.2  0.0075228  0.2248932  0.0068005
 2475.2 2481.4  0.0074527  0.2240803  0.0067795
 2481.4 2487.6  0.0073814  0.2232541  0.0067582
 2487.6 2493.8  0.0073100  0.2224279  0.0067370
 2493.8 2500.0  0.0072387  0.2216017  0.0067157
 2500.0 2506.3  0.0071674  0.2207755  0.0066944
 2506.3 2512.6  0.0071042  0.2197619  0.0066757
 2512.6 2518.9  0.0070410  0.2187484  0.0066570
 2518.9 2525.3  0.0069778  0.2177349  0.0066383
 2525.3 2531.6  0.0069135  0.2167052  0.0066194
 2531.6 2538.1  0.0068503  0.2156916  0.0066007
 2538.1 2544.5  0.0067944  0.2143766  0.0065838
 2544.5 2551.0  0.0067400  0.2130645  0.0065674
 2551.0 2557.5  0.0066847  0.2117319  0.0065508
 2557.5 2564.1  0.0066294  0.2103992  0.0065341
 2564.1 2570.7  0.0065734  0.2090403  0.0065172
 2570.7 2577.3  0.0065305  0.2073041  0.0065032
 2577.3 2584.0  0.0064876  0.2055679  0.0064892
 2584.0 2590.7  0.0064440  0.2038054  0.0064750
 2590.7 2597.4  0.0064005  0.2020429  0.0064608
 2597.4 2604.2  0.0063579  0.2002577  0.0064468
 2604.2 2611.0  0.0063315  0.1980831  0.0064361
 2611.0 2617.8  0.0063051  0.1959085  0.0064255
 2617.8 2624.7  0.0062787  0.1937339  0.0064148
 2624.7 2631.6  0.0062519  0.1915273  0.0064040
 2631.6 2638.5  0.0062251  0.1893207  0.0063932
 2638.5 2645.5  0.0062153  0.1866429  0.0063853
 2645.5 2652.5  0.0062066  0.1838968  0.0063775
 2652.5 2659.6  0.0061978  0.1811508  0.0063696
 2659.6 2666.7  0.0061889  0.1783654  0.0063617
 2666.7 2673.8  0.0061800  0.1755802  0.0063537
 2673.8 2681.0  0.0061882  0.1724269  0.0063482
 2681.0 2688.2  0.0061973  0.1692128  0.0063427
 2688.2 2695.4  0.0062065  0.1659987  0.0063373
 2695.4 2702.7  0.0062156  0.1627846  0.0063318
 2702.7 2710.0  0.0062248  0.1595258  0.0063262
 2710.0 2717.4  0.0062501  0.1560135  0.0063222
 2717.4 2724.8  0.0062765  0.1524422  0.0063183
 2724.8 2732.2  0.0063028  0.1488707  0.0063143
 2732.2 2739.7  0.0063291  0.1452994  0.0063103
 2739.7 2747.3  0.0063558  0.1416797  0.0063063
 2747.3 2754.8  0.0063978  0.1378883  0.0063027
 2754.8 2762.4  0.0064399  0.1341419  0.0062992
 2762.4 2770.1  0.0064825  0.1303456  0.0062957
 2770.1 2777.8  0.0065257  0.1264992  0.0062921
 2777.8 2785.5  0.0065689  0.1226529  0.0062885
 2785.5 2793.3  0.0066255  0.1188361  0.0062843
 2793.3 2801.1  0.0066832  0.1149706  0.0062800
 2801.1 2809.0  0.0067409  0.1111051  0.0062757
 2809.0 2816.9  0.0067994  0.1071900  0.0062713
 2816.9 2824.9  0.0068579  0.1032750  0.0062670
 2824.9 2832.9  0.0069301  0.0994780  0.0062604
 2832.9 2840.9  0.0070024  0.0956831  0.0062538
 2840.9 2849.0  0.0070748  0.0918882  0.0062472
 2849.0 2857.1  0.0071480  0.0880459  0.0062405
 2857.1 2865.3  0.0072214  0.0842097  0.0062338
 2865.3 2873.6  0.0073037  0.0808273  0.0062235
 2873.6 2881.8  0.0073870  0.0774037  0.0062132
 2881.8 2890.2  0.0074693  0.0740213  0.0062030
 2890.2 2898.6  0.0075537  0.0705565  0.0061925
 2898.6 2907.0  0.0076380  0.0670916  0.0061820
 2907.0 2915.5  0.0077318  0.0641778  0.0061660
 2915.5 2924.0  0.0078272  0.0612572  0.0061495
 2924.0 2932.6  0.0079226  0.0583367  0.0061330
 2932.6 2941.2  0.0080191  0.0553817  0.0061164
 2941.2 2949.9  0.0081157  0.0524454  0.0060996
 2949.9 2958.6  0.0082170  0.0502637  0.0060767
 2958.6 2967.4  0.0083184  0.0480820  0.0060537
 2967.4 2976.2  0.0084208  0.0458753  0.0060306
 2976.2 2985.1  0.0085233  0.0436686  0.0060074
 2985.1 2994.0  0.0086270  0.0414447  0.0059839
 2994.0 3003.0  0.0087328  0.0399278  0.0059544
 3003.0 3012.0  0.0088398  0.0383938  0.0059246
 3012.0 3021.1  0.0089468  0.0368597  0.0058948
 3021.1 3030.3  0.0090550  0.0353087  0.0058647
 3030.3 3039.5  0.0091642  0.0337609  0.0058341
 3039.5 3048.8  0.0092689  0.0328167  0.0057996
 3048.8 3058.1  0.0093747  0.0318622  0.0057648
 3058.1 3067.5  0.0094805  0.0309077  0.0057300
 3067.5 3076.9  0.0095875  0.0299429  0.0056949
 3076.9 3086.4  0.0096945  0.0289782  0.0056597
 3086.4 3096.0  0.0097948  0.0284657  0.0056209
 3096.0 3105.6  0.0098961  0.0279527  0.0055817
 3105.6 3115.3  0.0099973  0.0274398  0.0055425
 3115.3 3125.0  0.0100997  0.0269216  0.0055029
 3125.0 3134.8  0.0102020  0.0264033  0.0054633
 3134.8 3144.7  0.0102886  0.0261910  0.0054231
 3144.7 3154.6  0.0103761  0.0259766  0.0053824
 3154.6 3164.6  0.0104636  0.0257622  0.0053418
 3164.6 3174.6  0.0105520  0.0255456  0.0053007
 3174.6 3184.7  0.0106404  0.0253290  0.0052596
 3184.7 3194.9  0.0107091  0.0252256  0.0052191
 3194.9 3205.1  0.0107777  0.0251261  0.0051781
 3205.1 3215.4  0.0108463  0.0250265  0.0051372
 3215.4 3225.8  0.0109155  0.0249260  0.0050958
 3225.8 3236.2  0.0109834  0.0248212  0.0050543
 3236.2 3246.8  0.0110266  0.0246770  0.0050152
 3246.8 3257.3  0.0110707  0.0245301  0.0049754
 3257.3 3268.0  0.0111143  0.0243846  0.0049360
 3268.0 3278.7  0.0111588  0.0242362  0.0048958
 3278.7 3289.5  0.0111938  0.0240537  0.0048567
 3289.5 3300.3  0.0112110  0.0238040  0.0048194
 3300.3 3311.3  0.0112283  0.0235543  0.0047820
 3311.3 3322.3  0.0112458  0.0233000  0.0047440
 3322.3 3333.3  0.0112634  0.0230457  0.0047059
 3333.3 3344.5  0.0112626  0.0227384  0.0046701
 3344.5 3355.7  0.0112556  0.0224080  0.0046342
 3355.7 3367.0  0.0112487  0.0220776  0.0045984
 3367.0 3378.4  0.0112417  0.0217442  0.0045623
 3378.4 3389.8  0.0112314  0.0214262  0.0045290
 3389.8 3401.4  0.0112138  0.0211514  0.0045030
 3401.4 3413.0  0.0111958  0.0208718  0.0044766
 3413.0 3424.7  0.0111778  0.0205921  0.0044501
 3424.7 3436.4  0.0111597  0.0203100  0.0044235
 3436.4 3448.3  0.0110379  0.0194449  0.0043429
 3448.3 3460.2  0.0109113  0.0185493  0.0042594
 3460.2 3472.2  0.0108378  0.0181837  0.0042201
 3472.2 3484.3  0.0107726  0.0179040  0.0041879
 3484.3 3496.5  0.0107068  0.0176220  0.0041554
 3496.5 3508.8  0.0106405  0.0173376  0.0041226
 3508.8 3521.1  0.0105737  0.0170509  0.0040896
 3521.1 3533.6  0.0105068  0.0167643  0.0040566
 3533.6 3546.1  0.0104389  0.0164729  0.0040230
 3546.1 3558.7  0.0103710  0.0161816  0.0039895
 3558.7 3571.4  0.0102926  0.0159792  0.0039571
 3571.4 3584.2  0.0102091  0.0158165  0.0039252
 3584.2 3597.1  0.0101249  0.0156525  0.0038930
 3597.1 3610.1  0.0100401  0.0154873  0.0038605
 3610.1 3623.2  0.0099546  0.0153207  0.0038278
 3623.2 3636.4  0.0098685  0.0151529  0.0037949
 3636.4 3649.6  0.0097817  0.0149837  0.0037617
 3649.6 3663.0  0.0096949  0.0148146  0.0037285
 3663.0 3676.5  0.0096061  0.0147189  0.0036971
 3676.5 3690.0  0.0095166  0.0146249  0.0036656
 3690.0 3703.7  0.0094271  0.0145309  0.0036341
 3703.7 3717.5  0.0093363  0.0144354  0.0036021
 3717.5 3731.3  0.0092448  0.0143393  0.0035698
 3731.3 3745.3  0.0091534  0.0142432  0.0035376
 3745.3 3759.4  0.0090606  0.0141456  0.0035049
 3759.4 3773.6  0.0089761  0.0140502  0.0034739
 3773.6 3787.9  0.0088957  0.0139554  0.0034436
 3787.9 3802.3  0.0088146  0.0138600  0.0034132
 3802.3 3816.8  0.0087330  0.0137639  0.0033825
 3816.8 3831.4  0.0086508  0.0136671  0.0033516
 3831.4 3846.2  0.0085681  0.0135697  0.0033205
 3846.2 3861.0  0.0084842  0.0134710  0.0032890
 3861.0 3876.0  0.0084166  0.0133450  0.0032598
 3876.0 3891.1  0.0083537  0.0132079  0.0032310
 3891.1 3906.2  0.0082904  0.0130699  0.0032020
 3906.2 3921.6  0.0082272  0.0129318  0.0031731
 3921.6 3937.0  0.0081626  0.0127910  0.0031435
 3937.0 3952.6  0.0080981  0.0126502  0.0031139
 3952.6 3968.3  0.0080362  0.0125035  0.0030845
 3968.3 3984.1  0.0079913  0.0123352  0.0030574
 3984.1 4000.0  0.0079461  0.0121658  0.0030301
 4000.0 4016.1  0.0079007  0.0119953  0.0030027
 4016.1 4032.3  0.0078547  0.0118227  0.0029749
 4032.3 4048.6  0.0078084  0.0116490  0.0029470
 4048.6 4065.0  0.0077618  0.0114742  0.0029188
 4065.0 4081.6  0.0077299  0.0113016  0.0028930
 4081.6 4098.4  0.0076990  0.0111272  0.0028672
 4098.4 4115.2  0.0076678  0.0109508  0.0028410
 4115.2 4132.2  0.0076365  0.0107743  0.0028148
 4132.2 4149.4  0.0076049  0.0105957  0.0027883
 4149.4 4166.7  0.0075729  0.0104150  0.0027615
 4166.7 4184.1  0.0075528  0.0102498  0.0027370
 4184.1 4201.7  0.0075330  0.0100843  0.0027124
 4201.7 4219.4  0.0075130  0.0099169  0.0026875
 4219.4 4237.3  0.0074928  0.0097486  0.0026625
 4237.3 4255.3  0.0074725  0.0095783  0.0026372
 4255.3 4273.5  0.0074546  0.0094122  0.0026124
 4273.5 4291.8  0.0074428  0.0092567  0.0025889
 4291.8 4310.3  0.0074310  0.0091003  0.0025653
 4310.3 4329.0  0.0074190  0.0089422  0.0025415
 4329.0 4347.8  0.0074069  0.0087824  0.0025174
 4347.8 4366.8  0.0073947  0.0086218  0.0024931
 4366.8 4386.0  0.0073876  0.0084737  0.0024705
 4386.0 4405.3  0.0073811  0.0083260  0.0024478
 4405.3 4424.8  0.0073745  0.0081775  0.0024250
 4424.8 4444.4  0.0073679  0.0080275  0.0024020
 4444.4 4464.3  0.0073612  0.0078767  0.0023788
 4464.3 4484.3  0.0073575  0.0077342  0.0023566
 4484.3 4504.5  0.0073549  0.0075951  0.0023349
 4504.5 4524.9  0.0073523  0.0074547  0.0023129
 4524.9 4545.5  0.0073496  0.0073129  0.0022907
 4545.5 4566.2  0.0073470  0.0071697  0.0022683
 4566.2 4587.2  0.0073473  0.0070361  0.0022471
 4587.2 4608.3  0.0073484  0.0069034  0.0022259
 4608.3 4629.6  0.0073496  0.0067702  0.0022046
 4629.6 4651.2  0.0073508  0.0066356  0.0021832
 4651.2 4672.9  0.0073522  0.0064999  0.0021615
 4672.9 4694.8  0.0073571  0.0063747  0.0021411
 4694.8 4717.0  0.0073620  0.0062484  0.0021205
 4717.0 4739.3  0.0073670  0.0061203  0.0020997
 4739.3 4761.9  0.0073720  0.0059917  0.0020787
 4761.9 4784.7  0.0073790  0.0058671  0.0020582
 4784.7 4807.7  0.0073878  0.0057465  0.0020382
 4807.7 4830.9  0.0073966  0.0056248  0.0020180
 4830.9 4854.4  0.0074055  0.0055021  0.0019976
 4854.4 4878.0  0.0074153  0.0053797  0.0019772
 4878.0 4902.0  0.0074280  0.0052648  0.0019577
 4902.0 4926.1  0.0074410  0.0051480  0.0019378
 4926.1 4950.5  0.0074541  0.0050307  0.0019179
 4950.5 4975.1  0.0074673  0.0049122  0.0018978
 4975.1 5000.0  0.0074845  0.0048018  0.0018787
 5000.0 5025.1  0.0075020  0.0046901  0.0018593
 5025.1 5050.5  0.0075195  0.0045774  0.0018398
 5050.5 5076.1  0.0075373  0.0044636  0.0018200
 5076.1 5102.0  0.0075594  0.0043578  0.0018013
 5102.0 5128.2  0.0075817  0.0042506  0.0017823
 5128.2 5154.6  0.0076043  0.0041423  0.0017631
 5154.6 5181.3  0.0076279  0.0040346  0.0017439
 5181.3 5208.3  0.0076555  0.0039330  0.0017254
 5208.3 5235.6  0.0076835  0.0038303  0.0017068
 5235.6 5263.2  0.0077118  0.0037264  0.0016879
 5263.2 5291.0  0.0077429  0.0036256  0.0016693
 5291.0 5319.1  0.0077770  0.0035288  0.0016512
 5319.1 5347.6  0.0078114  0.0034309  0.0016329
 5347.6 5376.3  0.0078464  0.0033316  0.0016144
 5376.3 5405.4  0.0078871  0.0032401  0.0015968
 5405.4 5434.8  0.0079290  0.0031481  0.0015790
 5434.8 5464.5  0.0079713  0.0030551  0.0015611
 5464.5 5494.5  0.0080176  0.0029661  0.0015436
 5494.5 5524.9  0.0080680  0.0028813  0.0015266
 5524.9 5555.6  0.0081190  0.0027954  0.0015093
 5555.6 5586.6  0.0081721  0.0027105  0.0014922
 5586.6 5618.0  0.0082324  0.0026335  0.0014759
 5618.0 5649.7  0.0082935  0.0025555  0.0014595
 5649.7 5681.8  0.0083551  0.0024767  0.0014429
 5681.8 5714.3  0.0084256  0.0024071  0.0014273
 5714.3 5747.1  0.0084971  0.0023367  0.0014116
 5747.1 5780.3  0.0085692  0.0022656  0.0013958
 5780.3 5814.0  0.0086487  0.0022017  0.0013808
 5814.0 5848.0  0.0087300  0.0021377  0.0013656
 5848.0 5882.4  0.0088121  0.0020731  0.0013503
 5882.4 5917.2  0.0089008  0.0020148  0.0013358
 5917.2 5952.4  0.0089909  0.0019562  0.0013211
 5952.4 5988.0  0.0090824  0.0018974  0.0013063
 5988.0 6024.1  0.0091796  0.0018437  0.0012921
 6024.1 6060.6  0.0092782  0.0017893  0.0012777
 6060.6 6097.6  0.0093792  0.0017357  0.0012634
 6097.6 6135.0  0.0094845  0.0016851  0.0012493
 6135.0 6172.8  0.0095910  0.0016339  0.0012350
 6172.8 6211.2  0.0097007  0.0015847  0.0012210
 6211.2 6250.0  0.0098134  0.0015363  0.0012069
 6250.0 6289.3  0.0099274  0.0014874  0.0011927
 6289.3 6329.1  0.0100455  0.0014409  0.0011787
 6329.1 6369.4  0.0101652  0.0013939  0.0011645
 6369.4 6410.3  0.0102873  0.0013473  0.0011502
 6410.3 6451.6  0.0104122  0.0013011  0.0011360
 6451.6 6493.5  0.0105384  0.0012545  0.0011215
 6493.5 6535.9  0.0106677  0.0012084  0.0011071
 6535.9 6578.9  0.0107986  0.0011617  0.0010925
 6578.9 6622.5  0.0109317  0.0011145  0.0010777
 6622.5 6666.7  0.0110669  0.0010667  0.0010627
 6666.7 6711.4  0.0112038  0.0010180  0.0010474
 6711.4 6756.8  0.0113422  0.0009681  0.0010320
 6756.8 6802.7  0.0114826  0.0009172  0.0010162
 6802.7 6849.3  0.0116239  0.0008641  0.0010002
 6849.3 6896.6  0.0117673  0.0008102  0.0009838
 6896.6 6944.4  0.0119118  0.0007530  0.0009670
 6944.4 6993.0  0.0120577  0.0006952  0.0009500
 6993.0 7042.3  0.0122056  0.0006347  0.0009325
 7042.3 7092.2  0.0123556  0.0005731  0.0009148
 7092.2 7142.9  0.0125078  0.0005099  0.0008968
 7142.9 7194.2  0.0126625  0.0004455  0.0008786
 7194.2 7246.4  0.0128205  0.0003804  0.0008601
 7246.4 7299.3  0.0129814  0.0003141  0.0008414
 7299.3 7352.9  0.0131471  0.0002479  0.0008226
 7352.9 7407.4  0.0133154  0.0001810  0.0008037
 7407.4 7462.7  0.0134905  0.0001151  0.0007848
 7462.7 7518.8  0.0136695  0.0000620  0.0007657
 7518.8 7575.8  0.0138556  0.0000549  0.0007470
 7575.8 7633.6  0.0140481  0.0000783  0.0007282
 7633.6 7692.3  0.0142475  0.0001396  0.0007097
 7692.3 7751.9  0.0144571  0.0001971  0.0006918
 7751.9 7812.5  0.0146730  0.0002532  0.0006739
 7812.5 7874.0  0.0149046  0.0003019  0.0006570
 7874.0 7936.5  0.0151457  0.0003471  0.0006406
 7936.5 8000.0  0.0154002  0.0003862  0.0006251
 8000.0 8064.5  0.0156741  0.0004152  0.0006111
 8064.5 8130.1  0.0159617  0.0004377  0.0005980
 8130.1 8196.7  0.0162729  0.0004471  0.0005869
 8196.7 8264.5  0.0166094  0.0004418  0.0005780
 8264.5 8333.3  0.0169685  0.0004243  0.0005709
 8333.3 8403.4  0.0173616  0.0003857  0.0005671
 8403.4 8474.6  0.0177959  0.0003217  0.0005672
 8474.6 8547.0  0.0182477  0.0002488  0.0005686
 8547.0 8620.7  0.0187072  0.0001748  0.0005699
 8620.7 8695.7  0.0191749  0.0000994  0.0005713
 8695.7 8771.9  0.0196508  0.0000226  0.0005728
 8771.9 8849.6  0.0201344 -0.0000553  0.0005742
 8849.6 8928.6  0.0206275 -0.0001348  0.0005757
 8928.6 9009.0  0.0211288 -0.0002156  0.0005772
 9009.0 9090.9  0.0216390 -0.0002979  0.0005787
 9090.9 9174.3  0.0221588 -0.0003816  0.0005803
 9174.3 9259.3  0.0226880 -0.0004670  0.0005819
 9259.3 9345.8  0.0232274 -0.0005539  0.0005835
 9345.8 9434.0  0.0237763 -0.0006424  0.0005851
 9434.0 9523.8  0.0243361 -0.0007326  0.0005868
 9523.8 9615.4  0.0249059 -0.0008245  0.0005885
 9615.4 9708.7  0.0254872 -0.0009182  0.0005902
 9708.7 9803.9  0.0260793 -0.0010137  0.0005920
 9803.9 9901.0  0.0266834 -0.0011110  0.0005938
 9901.0 9911.0  0.0272996 -0.0012104  0.0005957
