 1176.5 1177.9  0.4725066 15.1760731  0.8399605
 1177.9 1179.2  0.4722727 15.1862764  0.8399601
 1179.2 1180.6  0.4720554 15.1957512  0.8399598
 1180.6 1182.0  0.4718215 15.2059546  0.8399594
 1182.0 1183.4  0.4715876 15.2161579  0.8399590
 1183.4 1184.8  0.4713537 15.2263622  0.8399587
 1184.8 1186.2  0.4711197 15.2365656  0.8399583
 1186.2 1187.6  0.4708858 15.2467690  0.8399580
 1187.6 1189.1  0.4706519 15.2569723  0.8399575
 1189.1 1190.5  0.4704012 15.2679043  0.8399572
 1190.5 1191.9  0.4701673 15.2781086  0.8399568
 1191.9 1193.3  0.4699334 15.2883120  0.8399564
 1193.3 1194.7  0.4696994 15.2985153  0.8399560
 1194.7 1196.2  0.4694655 15.3087187  0.8399557
 1196.2 1197.6  0.4692149 15.3196507  0.8399553
 1197.6 1199.0  0.4689809 15.3298550  0.8399549
 1199.0 1200.5  0.4687470 15.3400583  0.8399546
 1200.5 1201.9  0.4684964 15.3509912  0.8399541
 1201.9 1203.4  0.4682624 15.3611946  0.8399538
 1203.4 1204.8  0.4680118 15.3721266  0.8399534
 1204.8 1206.3  0.4677778 15.3823309  0.8399530
 1206.3 1207.7  0.4675272 15.3932629  0.8399526
 1207.7 1209.2  0.4672933 15.4034662  0.8399523
 1209.2 1210.7  0.4670427 15.4143982  0.8399519
 1210.7 1212.1  0.4667920 15.4253311  0.8399515
 1212.1 1213.6  0.4665581 15.4355345  0.8399511
 1213.6 1215.1  0.4663074 15.4464664  0.8399507
 1215.1 1216.5  0.4660568 15.4573994  0.8399503
 1216.5 1218.0  0.4658229 15.4676027  0.8399500
 1218.0 1219.5  0.4655722 15.4785357  0.8399495
 1219.5 1221.0  0.4653216 15.4894676  0.8399492
 1221.0 1222.5  0.4650709 15.5003996  0.8399488
 1222.5 1224.0  0.4648203 15.5113325  0.8399484
 1224.0 1225.5  0.4645697 15.5222645  0.8399480
 1225.5 1227.0  0.4643190 15.5331974  0.8399476
 1227.0 1228.5  0.4640684 15.5441294  0.8399472
 1228.5 1230.0  0.4638177 15.5550623  0.8399468
 1230.0 1231.5  0.4635671 15.5659943  0.8399464
 1231.5 1233.0  0.4633165 15.5769262  0.8399460
 1233.0 1234.6  0.4630658 15.5878592  0.8399456
 1234.6 1236.1  0.4627985 15.5995197  0.8399452
 1236.1 1237.6  0.4625478 15.6104527  0.8399448
 1237.6 1239.2  0.4622972 15.6213846  0.8399444
 1239.2 1240.7  0.4620299 15.6330462  0.8399440
 1240.7 1242.2  0.4617792 15.6439781  0.8399436
 1242.2 1243.8  0.4615286 15.6549110  0.8399432
 1243.8 1245.3  0.4612612 15.6665726  0.8399428
 1245.3 1246.9  0.4610106 15.6775045  0.8399424
 1246.9 1248.4  0.4607432 15.6891661  0.8399420
 1248.4 1250.0  0.4604926 15.7000980  0.8399416
 1250.0 1251.6  0.4602253 15.7117596  0.8399411
 1251.6 1253.1  0.4599579 15.7234201  0.8399407
 1253.1 1254.7  0.4597073 15.7343531  0.8399403
 1254.7 1256.3  0.4594399 15.7460136  0.8399399
 1256.3 1257.9  0.4591725 15.7576752  0.8399395
 1257.9 1259.4  0.4589052 15.7693367  0.8399391
 1259.4 1261.0  0.4586546 15.7802687  0.8399386
 1261.0 1262.6  0.4583872 15.7919302  0.8399382
 1262.6 1264.2  0.4581199 15.8035908  0.8399378
 1264.2 1265.8  0.4578525 15.8152523  0.8399374
 1265.8 1267.4  0.4575852 15.8269138  0.8399370
 1267.4 1269.0  0.4573178 15.8385754  0.8399366
 1269.0 1270.6  0.4570505 15.8502359  0.8399361
 1270.6 1272.3  0.4567831 15.8618975  0.8399357
 1272.3 1273.9  0.4564991 15.8742876  0.8399352
 1273.9 1275.5  0.4562317 15.8859491  0.8399348
 1275.5 1277.1  0.4559644 15.8976097  0.8399344
 1277.1 1278.8  0.4556970 15.9092703  0.8399340
 1278.8 1280.4  0.4554130 15.9216614  0.8399336
 1280.4 1282.1  0.4551456 15.9333220  0.8399332
 1282.1 1283.7  0.4548616 15.9457121  0.8399327
 1283.7 1285.3  0.4545942 15.9573727  0.8399323
 1285.3 1287.0  0.4543268 15.9690351  0.8399318
 1287.0 1288.7  0.4540428 15.9814243  0.8399314
 1288.7 1290.3  0.4537587 15.9938145  0.8399310
 1290.3 1292.0  0.4534914 16.0054760  0.8399305
 1292.0 1293.7  0.4532073 16.0178661  0.8399301
 1293.7 1295.3  0.4529233 16.0302563  0.8399296
 1295.3 1297.0  0.4526559 16.0419178  0.8399292
 1297.0 1298.7  0.4523719 16.0543079  0.8399287
 1298.7 1300.4  0.4520878 16.0666962  0.8399283
 1300.4 1302.1  0.4518258 16.0781860  0.8399221
 1302.1 1303.8  0.4516355 16.0867481  0.8398970
 1303.8 1305.5  0.4514451 16.0953121  0.8398719
 1305.5 1307.2  0.4512548 16.1038742  0.8398468
 1307.2 1308.9  0.4510644 16.1124344  0.8398217
 1308.9 1310.6  0.4508741 16.1209984  0.8397966
 1310.6 1312.3  0.4506838 16.1295605  0.8397715
 1312.3 1314.1  0.4504934 16.1381226  0.8397464
 1314.1 1315.8  0.4502919 16.1471882  0.8397198
 1315.8 1317.5  0.4501015 16.1557503  0.8396947
 1317.5 1319.3  0.4499112 16.1643124  0.8396696
 1319.3 1321.0  0.4497097 16.1733780  0.8396431
 1321.0 1322.8  0.4495193 16.1819401  0.8396180
 1322.8 1324.5  0.4493178 16.1910076  0.8395914
 1324.5 1326.3  0.4491274 16.1995697  0.8395663
 1326.3 1328.0  0.4489259 16.2086353  0.8395397
 1328.0 1329.8  0.4487356 16.2171974  0.8395146
 1329.8 1331.6  0.4485340 16.2262630  0.8394880
 1331.6 1333.3  0.4483325 16.2353287  0.8394614
 1333.3 1335.1  0.4481421 16.2438908  0.8394364
 1335.1 1336.9  0.4479406 16.2529564  0.8394098
 1336.9 1338.7  0.4477391 16.2620239  0.8393832
 1338.7 1340.5  0.4475375 16.2710896  0.8393567
 1340.5 1342.3  0.4473360 16.2801552  0.8393301
 1342.3 1344.1  0.4471344 16.2892208  0.8393035
 1344.1 1345.9  0.4469329 16.2982864  0.8392769
 1345.9 1347.7  0.4467314 16.3073521  0.8392503
 1347.7 1349.5  0.4465298 16.3164177  0.8392238
 1349.5 1351.4  0.4463283 16.3254852  0.8391972
 1351.4 1353.2  0.4461293 16.3345337  0.8391575
 1353.2 1355.0  0.4459453 16.3429298  0.8391159
 1355.0 1356.9  0.4457614 16.3513260  0.8390742
 1356.9 1358.7  0.4455672 16.3601894  0.8390303
 1358.7 1360.5  0.4453833 16.3685856  0.8389887
 1360.5 1362.4  0.4451993 16.3769817  0.8389471
 1362.4 1364.3  0.4450052 16.3858452  0.8389031
 1364.3 1366.1  0.4448110 16.3947067  0.8388591
 1366.1 1368.0  0.4446271 16.4031029  0.8388175
 1368.0 1369.9  0.4444329 16.4119663  0.8387736
 1369.9 1371.7  0.4442388 16.4208298  0.8387297
 1371.7 1373.6  0.4440548 16.4292259  0.8386881
 1373.6 1375.5  0.4438607 16.4380894  0.8386441
 1375.5 1377.4  0.4436665 16.4469509  0.8386002
 1377.4 1379.3  0.4434724 16.4558144  0.8385562
 1379.3 1381.2  0.4432782 16.4646778  0.8385123
 1381.2 1383.1  0.4430841 16.4735394  0.8384684
 1383.1 1385.0  0.4428899 16.4824028  0.8384244
 1385.0 1387.0  0.4426957 16.4912663  0.8383805
 1387.0 1388.9  0.4424914 16.5005951  0.8383343
 1388.9 1390.8  0.4422972 16.5094585  0.8382903
 1390.8 1392.8  0.4421030 16.5183201  0.8382464
 1392.8 1394.7  0.4418987 16.5276508  0.8382002
 1394.7 1396.6  0.4417045 16.5365124  0.8381562
 1396.6 1398.6  0.4415103 16.5453758  0.8381123
 1398.6 1400.6  0.4413060 16.5547047  0.8380660
 1400.6 1402.5  0.4411070 16.5638123  0.8380153
 1402.5 1404.5  0.4409299 16.5719700  0.8379569
 1404.5 1406.5  0.4407434 16.5805588  0.8378955
 1406.5 1408.5  0.4405570 16.5891457  0.8378341
 1408.5 1410.4  0.4403706 16.5977345  0.8377727
 1410.4 1412.4  0.4401935 16.6058922  0.8377144
 1412.4 1414.4  0.4400071 16.6144791  0.8376529
 1414.4 1416.4  0.4398206 16.6230679  0.8375915
 1416.4 1418.4  0.4396342 16.6316547  0.8375301
 1418.4 1420.5  0.4394478 16.6402435  0.8374687
 1420.5 1422.5  0.4392520 16.6492596  0.8374043
 1422.5 1424.5  0.4390656 16.6578484  0.8373429
 1424.5 1426.5  0.4388792 16.6664352  0.8372815
 1426.5 1428.6  0.4386927 16.6750240  0.8372200
 1428.6 1430.6  0.4384970 16.6840401  0.8371556
 1430.6 1432.7  0.4383106 16.6926289  0.8370941
 1432.7 1434.7  0.4381148 16.7016449  0.8370297
 1434.7 1436.8  0.4379284 16.7102337  0.8369682
 1436.8 1438.8  0.4377326 16.7192516  0.8369038
 1438.8 1440.9  0.4375462 16.7278385  0.8368424
 1440.9 1443.0  0.4373505 16.7368565  0.8367779
 1443.0 1445.1  0.4371547 16.7458725  0.8367134
 1445.1 1447.2  0.4369589 16.7548904  0.8366489
 1447.2 1449.3  0.4367632 16.7639065  0.8365844
 1449.3 1451.4  0.4365674 16.7729244  0.8365200
 1451.4 1453.5  0.4363832 16.7814198  0.8364459
 1453.5 1455.6  0.4362048 16.7896557  0.8363670
 1455.6 1457.7  0.4360264 16.7978897  0.8362882
 1457.7 1459.9  0.4358480 16.8061256  0.8362092
 1459.9 1462.0  0.4356610 16.8147526  0.8361266
 1462.0 1464.1  0.4354826 16.8229885  0.8360477
 1464.1 1466.3  0.4353042 16.8312225  0.8359688
 1466.3 1468.4  0.4351173 16.8398514  0.8358862
 1468.4 1470.6  0.4349388 16.8480854  0.8358073
 1470.6 1472.8  0.4347519 16.8567123  0.8357247
 1472.8 1474.9  0.4345650 16.8653393  0.8356420
 1474.9 1477.1  0.4343866 16.8735752  0.8355631
 1477.1 1479.3  0.4341997 16.8822021  0.8354805
 1479.3 1481.5  0.4340127 16.8908291  0.8353978
 1481.5 1483.7  0.4338258 16.8994560  0.8353152
 1483.7 1485.9  0.4336389 16.9080830  0.8352325
 1485.9 1488.1  0.4334520 16.9167118  0.8351499
 1488.1 1490.3  0.4332651 16.9253387  0.8350672
 1490.3 1492.5  0.4330781 16.9339657  0.8349845
 1492.5 1494.8  0.4328912 16.9425926  0.8349019
 1494.8 1497.0  0.4326958 16.9516125  0.8348155
 1497.0 1499.3  0.4325089 16.9602394  0.8347329
 1499.3 1501.5  0.4323134 16.9692593  0.8346465
 1501.5 1503.8  0.4321379 16.9773216  0.8345546
 1503.8 1506.0  0.4319599 16.9854736  0.8344539
 1506.0 1508.3  0.4317897 16.9932728  0.8343576
 1508.3 1510.6  0.4316117 17.0014248  0.8342570
 1510.6 1512.9  0.4314337 17.0095768  0.8341563
 1512.9 1515.2  0.4312558 17.0177307  0.8340557
 1515.2 1517.5  0.4310778 17.0258827  0.8339550
 1517.5 1519.8  0.4308998 17.0340366  0.8338544
 1519.8 1522.1  0.4307218 17.0421886  0.8337538
 1522.1 1524.4  0.4305438 17.0503407  0.8336532
 1524.4 1526.7  0.4303659 17.0584946  0.8335525
 1526.7 1529.1  0.4301879 17.0666466  0.8334519
 1529.1 1531.4  0.4300022 17.0751553  0.8333468
 1531.4 1533.7  0.4298242 17.0833073  0.8332462
 1533.7 1536.1  0.4296462 17.0914593  0.8331456
 1536.1 1538.5  0.4294605 17.0999680  0.8330405
 1538.5 1540.8  0.4292748 17.1084747  0.8329355
 1540.8 1543.2  0.4290968 17.1166267  0.8328349
 1543.2 1545.6  0.4289111 17.1251354  0.8327299
 1545.6 1548.0  0.4287254 17.1336422  0.8326249
 1548.0 1550.4  0.4285397 17.1421490  0.8325198
 1550.4 1552.8  0.4283567 17.1505032  0.8324126
 1552.8 1555.2  0.4281878 17.1580887  0.8322942
 1555.2 1557.6  0.4280188 17.1656723  0.8321757
 1557.6 1560.1  0.4278499 17.1732578  0.8320573
 1560.1 1562.5  0.4276739 17.1811581  0.8319340
 1562.5 1564.9  0.4275050 17.1887436  0.8318155
 1564.9 1567.4  0.4273360 17.1963291  0.8316971
 1567.4 1569.9  0.4271600 17.2042294  0.8315738
 1569.9 1572.3  0.4269840 17.2121315  0.8314504
 1572.3 1574.8  0.4268151 17.2197151  0.8313320
 1574.8 1577.3  0.4266391 17.2276173  0.8312086
 1577.3 1579.8  0.4264631 17.2355175  0.8310853
 1579.8 1582.3  0.4262871 17.2434177  0.8309619
 1582.3 1584.8  0.4261111 17.2513199  0.8308386
 1584.8 1587.3  0.4259351 17.2592201  0.8307152
 1587.3 1589.8  0.4257591 17.2671223  0.8305919
 1589.8 1592.4  0.4255831 17.2750225  0.8304685
 1592.4 1594.9  0.4254001 17.2832394  0.8303402
 1594.9 1597.4  0.4252241 17.2911415  0.8302168
 1597.4 1600.0  0.4250481 17.2990417  0.8300934
 1600.0 1602.6  0.4248651 17.3072586  0.8299652
 1602.6 1605.1  0.4246998 17.3144665  0.8298228
 1605.1 1607.7  0.4245408 17.3213959  0.8296859
 1607.7 1610.3  0.4243756 17.3286037  0.8295436
 1610.3 1612.9  0.4242103 17.3358116  0.8294013
 1612.9 1615.5  0.4240450 17.3430176  0.8292589
 1615.5 1618.1  0.4238797 17.3502254  0.8291166
 1618.1 1620.7  0.4237144 17.3574333  0.8289742
 1620.7 1623.4  0.4235491 17.3646393  0.8288319
 1623.4 1626.0  0.4233774 17.3721256  0.8286840
 1626.0 1628.7  0.4232121 17.3793316  0.8285417
 1628.7 1631.3  0.4230405 17.3868160  0.8283939
 1631.3 1634.0  0.4228752 17.3940239  0.8282515
 1634.0 1636.7  0.4227035 17.4015083  0.8281037
 1636.7 1639.3  0.4225318 17.4089928  0.8279559
 1639.3 1642.0  0.4223666 17.4162006  0.8278135
 1642.0 1644.7  0.4221949 17.4236851  0.8276657
 1644.7 1647.4  0.4220232 17.4311695  0.8275179
 1647.4 1650.2  0.4218516 17.4386539  0.8273700
 1650.2 1652.9  0.4216751 17.4463406  0.8272156
 1652.9 1655.6  0.4215239 17.4527950  0.8270510
 1655.6 1658.4  0.4213728 17.4592514  0.8268865
 1658.4 1661.1  0.4212160 17.4659462  0.8267159
 1661.1 1663.9  0.4210649 17.4724007  0.8265513
 1663.9 1666.7  0.4209081 17.4790955  0.8263807
 1666.7 1669.4  0.4207513 17.4857903  0.8262101
 1669.4 1672.2  0.4206002 17.4922447  0.8260456
 1672.2 1675.0  0.4204434 17.4989395  0.8258750
 1675.0 1677.9  0.4202867 17.5056343  0.8257043
 1677.9 1680.7  0.4201243 17.5125675  0.8255277
 1680.7 1683.5  0.4199675 17.5192623  0.8253570
 1683.5 1686.3  0.4198108 17.5259571  0.8251864
 1686.3 1689.2  0.4196540 17.5326519  0.8250158
 1689.2 1692.0  0.4194916 17.5395851  0.8248391
 1692.0 1694.9  0.4193349 17.5462799  0.8246685
 1694.9 1697.8  0.4191725 17.5532131  0.8244918
 1697.8 1700.7  0.4190102 17.5601463  0.8243151
 1700.7 1703.6  0.4188631 17.5664253  0.8241493
 1703.6 1706.5  0.4187641 17.5706463  0.8240179
 1706.5 1709.4  0.4186651 17.5748672  0.8238866
 1709.4 1712.3  0.4185661 17.5790882  0.8237553
 1712.3 1715.3  0.4184671 17.5833092  0.8236239
 1715.3 1718.2  0.4183647 17.5876770  0.8234880
 1718.2 1721.2  0.4182657 17.5918980  0.8233566
 1721.2 1724.1  0.4181633 17.5962639  0.8232208
 1724.1 1727.1  0.4180643 17.6004848  0.8230894
 1727.1 1730.1  0.4179619 17.6048508  0.8229535
 1730.1 1733.1  0.4178595 17.6092186  0.8228176
 1733.1 1736.1  0.4177571 17.6135845  0.8226817
 1736.1 1739.1  0.4176547 17.6179504  0.8225459
 1739.1 1742.2  0.4175523 17.6223183  0.8224100
 1742.2 1745.2  0.4174465 17.6268291  0.8222696
 1745.2 1748.3  0.4173441 17.6311970  0.8221337
 1748.3 1751.3  0.4172383 17.6357079  0.8219933
 1751.3 1754.4  0.4171358 17.6400757  0.8218574
 1754.4 1757.5  0.4170264 17.6447563  0.8217064
 1757.5 1760.6  0.4168923 17.6505756  0.8214840
 1760.6 1763.7  0.4167582 17.6563950  0.8212616
 1763.7 1766.8  0.4166242 17.6622143  0.8210393
 1766.8 1769.9  0.4164901 17.6680336  0.8208169
 1769.9 1773.0  0.4163560 17.6738548  0.8205945
 1773.0 1776.2  0.4162320 17.6793327  0.8203634
 1776.2 1779.4  0.4161044 17.6849747  0.8201246
 1779.4 1782.5  0.4159768 17.6906166  0.8198856
 1782.5 1785.7  0.4158531 17.6960831  0.8196542
 1785.7 1788.9  0.4157255 17.7017269  0.8194153
 1788.9 1792.1  0.4156080 17.7070408  0.8191675
 1792.1 1795.3  0.4154917 17.7123203  0.8189187
 1795.3 1798.6  0.4153754 17.7176018  0.8186699
 1798.6 1801.8  0.4152554 17.7230473  0.8184134
 1801.8 1805.1  0.4151391 17.7283268  0.8181646
 1805.1 1808.3  0.4150277 17.7335625  0.8178899
 1808.3 1811.6  0.4149203 17.7386246  0.8176224
 1811.6 1814.9  0.4148095 17.7438469  0.8173465
 1814.9 1818.2  0.4146987 17.7490673  0.8170705
 1818.2 1821.5  0.4145889 17.7542572  0.8167944
 1821.5 1824.8  0.4144945 17.7589417  0.8165152
 1824.8 1828.2  0.4144002 17.7636242  0.8162360
 1828.2 1831.5  0.4143031 17.7684517  0.8159484
 1831.5 1834.9  0.4142087 17.7731342  0.8156692
 1834.9 1838.2  0.4141116 17.7779617  0.8153816
 1838.2 1841.6  0.4140309 17.7822685  0.8150902
 1841.6 1845.0  0.4139483 17.7866936  0.8147896
 1845.0 1848.4  0.4138657 17.7911205  0.8144889
 1848.4 1851.9  0.4137831 17.7955456  0.8141883
 1851.9 1855.3  0.4136980 17.8001022  0.8138788
 1855.3 1858.7  0.4136287 17.8042431  0.8135557
 1858.7 1862.2  0.4135598 17.8083763  0.8132318
 1862.2 1865.7  0.4134888 17.8126297  0.8128984
 1865.7 1869.2  0.4134178 17.8168850  0.8125650
 1869.2 1872.7  0.4133479 17.8211079  0.8122313
 1872.7 1876.2  0.4132959 17.8248215  0.8118923
 1876.2 1879.7  0.4132438 17.8285351  0.8115533
 1879.7 1883.2  0.4131917 17.8322487  0.8112143
 1883.2 1886.8  0.4131396 17.8359604  0.8108752
 1886.8 1890.4  0.4130861 17.8397808  0.8105265
 1890.4 1893.9  0.4130501 17.8431797  0.8101620
 1893.9 1897.5  0.4130161 17.8464622  0.8098067
 1897.5 1901.1  0.4129812 17.8498363  0.8094412
 1901.1 1904.8  0.4129463 17.8532124  0.8090758
 1904.8 1908.4  0.4129103 17.8566818  0.8087001
 1908.4 1912.0  0.4128939 17.8597050  0.8083075
 1912.0 1915.7  0.4128786 17.8627071  0.8079132
 1915.7 1919.4  0.4128628 17.8657913  0.8075081
 1919.4 1923.1  0.4128470 17.8688774  0.8071028
 1923.1 1926.8  0.4128319 17.8719482  0.8066974
 1926.8 1930.5  0.4128380 17.8744850  0.8062836
 1930.5 1934.2  0.4128441 17.8770199  0.8058698
 1934.2 1938.0  0.4128502 17.8795567  0.8054561
 1938.0 1941.7  0.4128565 17.8821621  0.8050311
 1941.7 1945.5  0.4128626 17.8846970  0.8046173
 1945.5 1949.3  0.4128906 17.8868504  0.8041726
 1949.3 1953.1  0.4129204 17.8889656  0.8037261
 1953.1 1956.9  0.4129503 17.8910789  0.8032796
 1956.9 1960.8  0.4129801 17.8931942  0.8028332
 1960.8 1964.6  0.4130107 17.8953648  0.8023750
 1964.6 1968.5  0.4130642 17.8970680  0.8018959
 1968.5 1972.4  0.4131204 17.8987942  0.8014023
 1972.4 1976.3  0.4131766 17.9005203  0.8009088
 1976.3 1980.2  0.4132328 17.9022465  0.8004153
 1980.2 1984.1  0.4132900 17.9039497  0.7999213
 1984.1 1988.1  0.4133656 17.9052143  0.7994192
 1988.1 1992.0  0.4134432 17.9065113  0.7989041
 1992.0 1996.0  0.4135188 17.9077778  0.7984020
 1996.0 2000.0  0.4135964 17.9090748  0.7978870
 2000.0 2004.0  0.4136740 17.9103718  0.7973720
 2004.0 2008.0  0.4137718 17.9113388  0.7968230
 2008.0 2012.1  0.4138696 17.9123039  0.7962740
 2012.1 2016.1  0.4139698 17.9132938  0.7957113
 2016.1 2020.2  0.4140676 17.9142609  0.7951623
 2020.2 2024.3  0.4141683 17.9152374  0.7945994
 2024.3 2028.4  0.4142794 17.9159412  0.7940317
 2028.4 2032.5  0.4143904 17.9166451  0.7934640
 2032.5 2036.7  0.4145015 17.9173470  0.7928963
 2036.7 2040.8  0.4146152 17.9180679  0.7923148
 2040.8 2045.0  0.4147263 17.9187717  0.7917470
 2045.0 2049.2  0.4148484 17.9193306  0.7911492
 2049.2 2053.4  0.4149709 17.9198799  0.7905505
 2053.4 2057.6  0.4150934 17.9204311  0.7899519
 2057.6 2061.9  0.4152159 17.9209824  0.7893531
 2061.9 2066.1  0.4153414 17.9215450  0.7887402
 2066.1 2070.4  0.4154701 17.9220448  0.7881127
 2070.4 2074.7  0.4156021 17.9225559  0.7874696
 2074.7 2079.0  0.4157341 17.9230671  0.7868264
 2079.0 2083.3  0.4158660 17.9235783  0.7861832
 2083.3 2087.7  0.4159978 17.9240932  0.7855392
 2087.7 2092.1  0.4161302 17.9246731  0.7848684
 2092.1 2096.4  0.4162627 17.9252529  0.7841974
 2096.4 2100.8  0.4163921 17.9258194  0.7835419
 2100.8 2105.3  0.4165245 17.9263992  0.7828709
 2105.3 2109.7  0.4166591 17.9270039  0.7821851
 2109.7 2114.2  0.4167799 17.9277554  0.7815187
 2114.2 2118.6  0.4169034 17.9285221  0.7808371
 2118.6 2123.1  0.4170242 17.9292736  0.7801706
 2123.1 2127.7  0.4171477 17.9300423  0.7794890
 2127.7 2132.2  0.4172740 17.9308262  0.7787923
 2132.2 2136.8  0.4173827 17.9319000  0.7781033
 2136.8 2141.3  0.4174927 17.9330215  0.7773985
 2141.3 2145.9  0.4176004 17.9341183  0.7767091
 2145.9 2150.5  0.4177105 17.9352398  0.7760043
 2150.5 2155.2  0.4178205 17.9363594  0.7752995
 2155.2 2159.8  0.4179151 17.9380741  0.7745326
 2159.8 2164.5  0.4180057 17.9398193  0.7737767
 2164.5 2169.2  0.4180982 17.9416008  0.7730042
 2169.2 2173.9  0.4181907 17.9433842  0.7722318
 2173.9 2178.6  0.4182831 17.9451656  0.7714593
 2178.6 2183.4  0.4183359 17.9472809  0.7707865
 2183.4 2188.2  0.4183890 17.9494495  0.7701015
 2188.2 2193.0  0.4184421 17.9516182  0.7694166
 2193.0 2197.8  0.4184951 17.9537849  0.7687316
 2197.8 2202.6  0.4185482 17.9559536  0.7680466
 2202.6 2207.5  0.4185803 17.9588261  0.7673046
 2207.5 2212.4  0.4185951 17.9623680  0.7664979
 2212.4 2217.3  0.4186099 17.9659081  0.7656912
 2217.3 2222.2  0.4186246 17.9694500  0.7648845
 2222.2 2227.2  0.4186372 17.9730282  0.7640795
 2227.2 2232.1  0.4185985 17.9775639  0.7632998
 2232.1 2237.1  0.4185605 17.9820099  0.7625358
 2237.1 2242.2  0.4185218 17.9865456  0.7617561
 2242.2 2247.2  0.4184823 17.9911709  0.7609608
 2247.2 2252.3  0.4184410 17.9957561  0.7601821
 2252.3 2257.3  0.4183364 18.0016365  0.7594134
 2257.3 2262.4  0.4182338 18.0074024  0.7586598
 2262.4 2267.6  0.4181292 18.0132828  0.7578911
 2267.6 2272.7  0.4180225 18.0192795  0.7571073
 2272.7 2277.9  0.4179179 18.0251598  0.7563387
 2277.9 2283.1  0.4177319 18.0328407  0.7555565
 2283.1 2288.3  0.4175409 18.0406284  0.7547743
 2288.3 2293.6  0.4173501 18.0484142  0.7539922
 2293.6 2298.9  0.4171555 18.0563488  0.7531950
 2298.9 2304.1  0.4169610 18.0642834  0.7523980
 2304.1 2309.5  0.4166836 18.0737610  0.7516512
 2309.5 2314.8  0.4163938 18.0836353  0.7508764
 2314.8 2320.2  0.4161094 18.0933266  0.7501161
 2320.2 2325.6  0.4158196 18.1032009  0.7493414
 2325.6 2331.0  0.4155298 18.1130772  0.7485666
 2331.0 2336.4  0.4151300 18.1252594  0.7478054
 2336.4 2341.9  0.4147214 18.1376286  0.7470453
 2341.9 2347.4  0.4143051 18.1502266  0.7462711
 2347.4 2352.9  0.4138889 18.1628246  0.7454969
 2352.9 2358.5  0.4134727 18.1754227  0.7447227
 2358.5 2364.1  0.4129236 18.1908398  0.7439717
 2364.1 2369.7  0.4123723 18.2063046  0.7432214
 2369.7 2375.3  0.4118210 18.2217693  0.7424711
 2375.3 2381.0  0.4112697 18.2372341  0.7417208
 2381.0 2386.6  0.4107085 18.2529755  0.7409571
 2386.6 2392.3  0.4100685 18.2705364  0.7402693
 2392.3 2398.1  0.4094172 18.2884102  0.7395692
 2398.1 2403.8  0.4087544 18.3065987  0.7388569
 2403.8 2409.6  0.4081031 18.3244743  0.7381568
 2409.6 2415.5  0.4074403 18.3426628  0.7374444
 2415.5 2421.3  0.4067280 18.3630543  0.7367775
 2421.3 2427.2  0.4060251 18.3832378  0.7361261
 2427.2 2433.1  0.4053100 18.4037685  0.7354634
 2433.1 2439.0  0.4045950 18.4243011  0.7348007
 2439.0 2445.0  0.4038799 18.4448318  0.7341380
 2445.0 2451.0  0.4032200 18.4663372  0.7335641
 2451.0 2457.0  0.4025600 18.4878426  0.7329903
 2457.0 2463.1  0.4019001 18.5093479  0.7324163
 2463.1 2469.1  0.4012291 18.5312119  0.7318329
 2469.1 2475.2  0.4005721 18.5527077  0.7312611
 2475.2 2481.4  0.4000757 18.5740242  0.7308073
 2481.4 2487.6  0.3995713 18.5956898  0.7303460
 2487.6 2493.8  0.3990668 18.6173553  0.7298847
 2493.8 2500.0  0.3985624 18.6390209  0.7294234
 2500.0 2506.3  0.3980579 18.6606865  0.7289621
 2506.3 2512.6  0.3978436 18.6805267  0.7286607
 2512.6 2518.9  0.3976294 18.7003670  0.7283593
 2518.9 2525.3  0.3974151 18.7202053  0.7280579
 2525.3 2531.6  0.3971975 18.7403603  0.7277517
 2531.6 2538.1  0.3969832 18.7602005  0.7274503
 2538.1 2544.5  0.3971692 18.7777824  0.7273250
 2544.5 2551.0  0.3973787 18.7949066  0.7272136
 2551.0 2557.5  0.3975914 18.8122997  0.7271004
 2557.5 2564.1  0.3978042 18.8296909  0.7269872
 2564.1 2570.7  0.3980294 18.8472767  0.7268761
 2570.7 2577.3  0.3988510 18.8600006  0.7270085
 2577.3 2584.0  0.3996727 18.8727245  0.7271409
 2584.0 2590.7  0.4005069 18.8856411  0.7272753
 2590.7 2597.4  0.4013410 18.8985558  0.7274097
 2597.4 2604.2  0.4022174 18.9110508  0.7275605
 2604.2 2611.0  0.4037814 18.9169750  0.7279754
 2611.0 2617.8  0.4053454 18.9228973  0.7283903
 2617.8 2624.7  0.4069094 18.9288216  0.7288053
 2624.7 2631.6  0.4084964 18.9348335  0.7292264
 2631.6 2638.5  0.4100834 18.9408436  0.7296474
 2638.5 2645.5  0.4124832 18.9392796  0.7303494
 2645.5 2652.5  0.4149685 18.9372177  0.7310790
 2652.5 2659.6  0.4174539 18.9351578  0.7318087
 2659.6 2666.7  0.4199747 18.9330673  0.7325488
 2666.7 2673.8  0.4224955 18.9309769  0.7332889
 2673.8 2681.0  0.4257737 18.9209785  0.7342544
 2681.0 2688.2  0.4291320 18.9104843  0.7352435
 2688.2 2695.4  0.4324903 18.8999920  0.7362326
 2695.4 2702.7  0.4358486 18.8894978  0.7372217
 2702.7 2710.0  0.4392535 18.8788586  0.7382246
 2710.0 2717.4  0.4433361 18.8603916  0.7393783
 2717.4 2724.8  0.4475039 18.8413296  0.7405543
 2724.8 2732.2  0.4516719 18.8222675  0.7417303
 2732.2 2739.7  0.4558397 18.8032074  0.7429064
 2739.7 2747.3  0.4600639 18.7838879  0.7440983
 2747.3 2754.8  0.4649372 18.7564831  0.7453720
 2754.8 2762.4  0.4697703 18.7291203  0.7466316
 2762.4 2770.1  0.4746677 18.7013931  0.7479080
 2770.1 2777.8  0.4796298 18.6732998  0.7492012
 2777.8 2785.5  0.4845917 18.6452065  0.7504944
 2785.5 2793.3  0.4900376 18.6094208  0.7517539
 2793.3 2801.1  0.4955674 18.5729599  0.7530289
 2801.1 2809.0  0.5010971 18.5365009  0.7543039
 2809.0 2816.9  0.5066977 18.4995747  0.7555951
 2816.9 2824.9  0.5122982 18.4626465  0.7568864
 2824.9 2832.9  0.5184157 18.4168797  0.7580543
 2832.9 2840.9  0.5245389 18.3710060  0.7592204
 2840.9 2849.0  0.5306621 18.3251305  0.7603865
 2849.0 2857.1  0.5368618 18.2786827  0.7615672
 2857.1 2865.3  0.5430625 18.2321568  0.7627441
 2865.3 2873.6  0.5494101 18.1787376  0.7636265
 2873.6 2881.8  0.5558352 18.1246662  0.7645198
 2881.8 2890.2  0.5621828 18.0712452  0.7654023
 2890.2 2898.6  0.5686852 18.0165234  0.7663062
 2898.6 2907.0  0.5751877 17.9617996  0.7672102
 2907.0 2915.5  0.5819002 17.8985672  0.7677103
 2915.5 2924.0  0.5887032 17.8341503  0.7681959
 2924.0 2932.6  0.5955063 17.7697334  0.7686815
 2932.6 2941.2  0.6023894 17.7045574  0.7691728
 2941.2 2949.9  0.6092684 17.6392479  0.7696522
 2949.9 2958.6  0.6160586 17.5673809  0.7696316
 2958.6 2967.4  0.6228490 17.4955120  0.7696109
 2967.4 2976.2  0.6297171 17.4228191  0.7695900
 2976.2 2985.1  0.6365855 17.3501263  0.7695690
 2985.1 2994.0  0.6435303 17.2765350  0.7695425
 2994.0 3003.0  0.6503350 17.1968880  0.7690435
 3003.0 3012.0  0.6572163 17.1163425  0.7685390
 3012.0 3021.1  0.6640974 17.0357990  0.7680343
 3021.1 3030.3  0.6710552 16.9543591  0.7675241
 3030.3 3039.5  0.6780756 16.8719482  0.7669963
 3039.5 3048.8  0.6846904 16.7872772  0.7661126
 3048.8 3058.1  0.6913771 16.7016830  0.7652193
 3058.1 3067.5  0.6980639 16.6160908  0.7643259
 3067.5 3076.9  0.7048224 16.5295773  0.7634230
 3076.9 3086.4  0.7115809 16.4430656  0.7625200
 3086.4 3096.0  0.7179852 16.3537788  0.7613326
 3096.0 3105.6  0.7244523 16.2635326  0.7601296
 3105.6 3115.3  0.7309195 16.1732845  0.7589267
 3115.3 3125.0  0.7374539 16.0820999  0.7577112
 3125.0 3134.8  0.7439883 15.9909134  0.7564958
 3134.8 3144.7  0.7498055 15.9023304  0.7551608
 3144.7 3154.6  0.7556819 15.8128452  0.7538123
 3154.6 3164.6  0.7615585 15.7233582  0.7524637
 3164.6 3174.6  0.7674944 15.6329679  0.7511016
 3174.6 3184.7  0.7734303 15.5425777  0.7497393
 3184.7 3194.9  0.7786217 15.4557076  0.7483744
 3194.9 3205.1  0.7838311 15.3681593  0.7469963
 3205.1 3215.4  0.7890405 15.2806101  0.7456182
 3215.4 3225.8  0.7943009 15.1922054  0.7442267
 3225.8 3236.2  0.7995375 15.1034756  0.7428323
 3236.2 3246.8  0.8038741 15.0211849  0.7415663
 3246.8 3257.3  0.8082941 14.9373112  0.7402759
 3257.3 3268.0  0.8126724 14.8542290  0.7389978
 3268.0 3278.7  0.8171341 14.7695646  0.7376952
 3278.7 3289.5  0.8212634 14.6873531  0.7364563
 3289.5 3300.3  0.8247964 14.6090574  0.7353272
 3300.3 3311.3  0.8283294 14.5307617  0.7341982
 3311.3 3322.3  0.8319278 14.4510164  0.7330483
 3322.3 3333.3  0.8355263 14.3712711  0.7318983
 3333.3 3344.5  0.8385013 14.2956038  0.7308710
 3344.5 3355.7  0.8413239 14.2199116  0.7298657
 3355.7 3367.0  0.8441465 14.1442194  0.7288604
 3367.0 3378.4  0.8469943 14.0678501  0.7278461
 3378.4 3389.8  0.8495325 13.9972134  0.7269230
 3389.8 3401.4  0.8512828 13.9416513  0.7262354
 3401.4 3413.0  0.8530639 13.8851156  0.7255358
 3413.0 3424.7  0.8548449 13.8285780  0.7248362
 3424.7 3436.4  0.8566412 13.7715540  0.7241305
 3436.4 3448.3  0.8606753 13.5892353  0.7221891
 3448.3 3460.2  0.8648382 13.4004421  0.7201813
 3460.2 3472.2  0.8665543 13.3073406  0.7192713
 3472.2 3484.3  0.8678735 13.2295380  0.7185380
 3484.3 3496.5  0.8692038 13.1510859  0.7177987
 3496.5 3508.8  0.8705450 13.0719872  0.7170532
 3508.8 3521.1  0.8718973 12.9922390  0.7163017
 3521.1 3533.6  0.8732495 12.9124908  0.7155501
 3533.6 3546.1  0.8746237 12.8314457  0.7147864
 3546.1 3558.7  0.8759980 12.7504015  0.7140226
 3558.7 3571.4  0.8771006 12.6665134  0.7133248
 3571.4 3584.2  0.8780844 12.5809679  0.7126542
 3584.2 3597.1  0.8790760 12.4947472  0.7119783
 3597.1 3610.1  0.8800753 12.4078531  0.7112971
 3610.1 3623.2  0.8810824 12.3202858  0.7106106
 3623.2 3636.4  0.8820971 12.2320461  0.7099189
 3636.4 3649.6  0.8831197 12.1431322  0.7092218
 3649.6 3663.0  0.8841422 12.0542173  0.7085247
 3663.0 3676.5  0.8849435 11.9624214  0.7079171
 3676.5 3690.0  0.8857433 11.8698921  0.7073080
 3690.0 3703.7  0.8865432 11.7773628  0.7066989
 3703.7 3717.5  0.8873549 11.6834641  0.7060808
 3717.5 3731.3  0.8881726 11.5888786  0.7054582
 3731.3 3745.3  0.8889902 11.4942923  0.7048356
 3745.3 3759.4  0.8898197 11.3983364  0.7042040
 3759.4 3773.6  0.8905816 11.3023472  0.7036425
 3773.6 3787.9  0.8913118 11.2060013  0.7031146
 3787.9 3802.3  0.8920472 11.1089802  0.7025831
 3802.3 3816.8  0.8927878 11.0112791  0.7020478
 3816.8 3831.4  0.8935334 10.9128990  0.7015088
 3831.4 3846.2  0.8942842 10.8138428  0.7009661
 3846.2 3861.0  0.8950453 10.7134275  0.7004160
 3861.0 3876.0  0.8957911 10.6154222  0.6999499
 3876.0 3891.1  0.8965415 10.5169373  0.6995070
 3891.1 3906.2  0.8972969 10.4177952  0.6990612
 3906.2 3921.6  0.8980523 10.3186550  0.6986153
 3921.6 3937.0  0.8988228 10.2175426  0.6981606
 3937.0 3952.6  0.8995932 10.1164322  0.6977059
 3952.6 3968.3  0.9003737 10.0148468  0.6972622
 3968.3 3984.1  0.9011592  9.9168348  0.6969008
 3984.1 4000.0  0.9019498  9.8181982  0.6965371
 4000.0 4016.1  0.9027454  9.7189379  0.6961712
 4016.1 4032.3  0.9035509  9.6184282  0.6958006
 4032.3 4048.6  0.9043615  9.5172949  0.6954277
 4048.6 4065.0  0.9051771  9.4155369  0.6950526
 4065.0 4081.6  0.9059919  9.3191357  0.6947533
 4081.6 4098.4  0.9068161  9.2221231  0.6944579
 4098.4 4115.2  0.9076502  9.1239424  0.6941589
 4115.2 4132.2  0.9084844  9.0257597  0.6938599
 4132.2 4149.4  0.9093285  8.9264097  0.6935573
 4149.4 4166.7  0.9101825  8.8258924  0.6932512
 4166.7 4184.1  0.9110217  8.7317696  0.6930116
 4184.1 4201.7  0.9118651  8.6373568  0.6927732
 4201.7 4219.4  0.9127181  8.5418587  0.6925319
 4219.4 4237.3  0.9135759  8.4458189  0.6922894
 4237.3 4255.3  0.9144436  8.3486929  0.6920440
 4255.3 4273.5  0.9153036  8.2531147  0.6918138
 4273.5 4291.8  0.9161431  8.1615381  0.6916208
 4291.8 4310.3  0.9169872  8.0694609  0.6914268
 4310.3 4329.0  0.9178406  7.9763756  0.6912306
 4329.0 4347.8  0.9187032  7.8822832  0.6910323
 4347.8 4366.8  0.9195704  7.7876902  0.6908329
 4366.8 4386.0  0.9203913  7.6982841  0.6906697
 4386.0 4405.3  0.9212134  7.6087556  0.6905098
 4405.3 4424.8  0.9220398  7.5187631  0.6903491
 4424.8 4444.4  0.9228748  7.4278369  0.6901867
 4444.4 4464.3  0.9237141  7.3364439  0.6900235
 4464.3 4484.3  0.9245168  7.2484069  0.6898827
 4484.3 4504.5  0.9253041  7.1617975  0.6897510
 4504.5 4524.9  0.9260992  7.0743217  0.6896181
 4524.9 4545.5  0.9269022  6.9859810  0.6894838
 4545.5 4566.2  0.9277132  6.8967729  0.6893481
 4566.2 4587.2  0.9284794  6.8118234  0.6892350
 4587.2 4608.3  0.9292430  6.7269650  0.6891268
 4608.3 4629.6  0.9300103  6.6417046  0.6890182
 4629.6 4651.2  0.9307849  6.5556331  0.6889085
 4651.2 4672.9  0.9315673  6.4686546  0.6887986
 4672.9 4694.8  0.9323009  6.3864784  0.6887126
 4694.8 4717.0  0.9330412  6.3035436  0.6886258
 4717.0 4739.3  0.9337917  6.2194719  0.6885377
 4739.3 4761.9  0.9345456  6.1350231  0.6884493
 4761.9 4784.7  0.9352834  6.0521274  0.6883713
 4784.7 4807.7  0.9360040  5.9709377  0.6883032
 4807.7 4830.9  0.9367310  5.8890371  0.6882344
 4830.9 4854.4  0.9374642  5.8064256  0.6881651
 4854.4 4878.0  0.9381986  5.7236481  0.6880984
 4878.0 4902.0  0.9388995  5.6444573  0.6880467
 4902.0 4926.1  0.9396124  5.5639248  0.6879941
 4926.1 4950.5  0.9403282  5.4830565  0.6879413
 4950.5 4975.1  0.9410520  5.4012775  0.6878881
 4975.1 5000.0  0.9417415  5.3234310  0.6878499
 5000.0 5025.1  0.9424394  5.2446361  0.6878113
 5025.1 5050.5  0.9431429  5.1652074  0.6877723
 5050.5 5076.1  0.9438541  5.0849214  0.6877332
 5076.1 5102.0  0.9445334  5.0085874  0.6877065
 5102.0 5128.2  0.9452207  4.9313593  0.6876794
 5128.2 5154.6  0.9459160  4.8532357  0.6876521
 5154.6 5181.3  0.9466103  4.7753448  0.6876262
 5181.3 5208.3  0.9472826  4.7005386  0.6876088
 5208.3 5235.6  0.9479623  4.6248913  0.6875911
 5235.6 5263.2  0.9486497  4.5484023  0.6875732
 5263.2 5291.0  0.9493279  4.4734888  0.6875588
 5291.0 5319.1  0.9499927  4.4006872  0.6875485
 5319.1 5347.6  0.9506646  4.3270993  0.6875380
 5347.6 5376.3  0.9513461  4.2524643  0.6875274
 5376.3 5405.4  0.9520004  4.1823468  0.6875215
 5405.4 5434.8  0.9526610  4.1117172  0.6875160
 5434.8 5464.5  0.9533283  4.0403605  0.6875104
 5464.5 5494.5  0.9539850  3.9712656  0.6875061
 5494.5 5524.9  0.9546301  3.9046404  0.6875032
 5524.9 5555.6  0.9552836  3.8371274  0.6875001
 5555.6 5586.6  0.9559370  3.7701705  0.6874972
 5586.6 5618.0  0.9565668  3.7080951  0.6874946
 5618.0 5649.7  0.9572045  3.6452188  0.6874920
 5649.7 5681.8  0.9578484  3.5817413  0.6874893
 5681.8 5714.3  0.9584659  3.5239971  0.6874859
 5714.3 5747.1  0.9590908  3.4655950  0.6874825
 5747.1 5780.3  0.9597216  3.4066532  0.6874790
 5780.3 5814.0  0.9603323  3.3522141  0.6874747
 5814.0 5848.0  0.9609495  3.2974613  0.6874703
 5848.0 5882.4  0.9615722  3.2422216  0.6874657
 5882.4 5917.2  0.9621780  3.1908967  0.6874605
 5917.2 5952.4  0.9627892  3.1392598  0.6874552
 5952.4 5988.0  0.9634060  3.0873032  0.6874498
 5988.0 6024.1  0.9640093  3.0385332  0.6874435
 6024.1 6060.6  0.9646211  2.9890783  0.6874371
 6060.6 6097.6  0.9652343  2.9400337  0.6874304
 6097.6 6135.0  0.9658428  2.8926911  0.6874231
 6135.0 6172.8  0.9664579  2.8448367  0.6874157
 6172.8 6211.2  0.9670705  2.7980616  0.6874077
 6211.2 6250.0  0.9676867  2.7516065  0.6873992
 6250.0 6289.3  0.9683092  2.7046683  0.6873907
 6289.3 6329.1  0.9689276  2.6591415  0.6873810
 6329.1 6369.4  0.9695538  2.6130352  0.6873713
 6369.4 6410.3  0.9701834  2.5670185  0.6873609
 6410.3 6451.6  0.9708174  2.5210476  0.6873499
 6451.6 6493.5  0.9714574  2.4746563  0.6873387
 6493.5 6535.9  0.9721000  2.4283433  0.6873262
 6535.9 6578.9  0.9727504  2.3814778  0.6873136
 6578.9 6622.5  0.9734072  2.3340490  0.6872998
 6622.5 6666.7  0.9740719  2.2860079  0.6872855
 6666.7 6711.4  0.9747452  2.2371113  0.6872703
 6711.4 6756.8  0.9754251  2.1873388  0.6872540
 6756.8 6802.7  0.9761158  2.1366067  0.6872370
 6802.7 6849.3  0.9768153  2.0842829  0.6872182
 6849.3 6896.6  0.9775254  2.0311618  0.6871991
 6896.6 6944.4  0.9782479  1.9757147  0.6871773
 6944.4 6993.0  0.9789780  1.9196590  0.6871552
 6993.0 7042.3  0.9797190  1.8615878  0.6871302
 7042.3 7092.2  0.9804704  1.8025380  0.6871043
 7092.2 7142.9  0.9812252  1.7422798  0.6870748
 7142.9 7194.2  0.9819911  1.6809654  0.6870443
 7194.2 7246.4  0.9827549  1.6189972  0.6870090
 7246.4 7299.3  0.9835305  1.5559543  0.6869724
 7299.3 7352.9  0.9842985  1.4928013  0.6869295
 7352.9 7407.4  0.9850738  1.4289500  0.6868851
 7407.4 7462.7  0.9858366  1.3655047  0.6868325
 7462.7 7518.8  0.9866025  1.3016779  0.6867770
 7518.8 7575.8  0.9873520  1.2388005  0.6867132
 7575.8 7633.6  0.9880927  1.1764441  0.6866430
 7633.6 7692.3  0.9888183  1.1150887  0.6865653
 7692.3 7751.9  0.9895133  1.0560422  0.6864758
 7751.9 7812.5  0.9902002  0.9975599  0.6863801
 7812.5 7874.0  0.9908273  0.9438113  0.6862654
 7874.0 7936.5  0.9914284  0.8921614  0.6861404
 7936.5 8000.0  0.9919832  0.8442718  0.6859998
 8000.0 8064.5  0.9924582  0.8030040  0.6858356
 8064.5 8130.1  0.9928853  0.7657145  0.6856556
 8130.1 8196.7  0.9932111  0.7369137  0.6854467
 8196.7 8264.5  0.9934222  0.7177941  0.6852062
 8264.5 8333.3  0.9935406  0.7065008  0.6849386
 8333.3 8403.4  0.9934950  0.7091430  0.6846278
 8403.4 8474.6  0.9932525  0.7285443  0.6842648
 8474.6 8547.0  0.9929439  0.7535571  0.6838816
 8547.0 8620.7  0.9926301  0.7789920  0.6834919
 8620.7 8695.7  0.9923107  0.8048835  0.6830952
 8695.7 8771.9  0.9919857  0.8312316  0.6826915
 8771.9 8849.6  0.9916555  0.8580013  0.6822813
 8849.6 8928.6  0.9913187  0.8852977  0.6818630
 8928.6 9009.0  0.9909763  0.9130510  0.6814378
 9009.0 9090.9  0.9906279  0.9412963  0.6810050
 9090.9 9174.3  0.9902729  0.9700686  0.6805641
 9174.3 9259.3  0.9899115  0.9993675  0.6801152
 9259.3 9345.8  0.9895431  1.0292287  0.6796576
 9345.8 9434.0  0.9891682  1.0596168  0.6791920
 9434.0 9523.8  0.9887860  1.0906022  0.6787173
 9523.8 9615.4  0.9883968  1.1221496  0.6782339
 9615.4 9708.7  0.9879999  1.1543295  0.6777408
 9708.7 9803.9  0.9875955  1.1871066  0.6772386
 9803.9 9901.0  0.9871829  1.2205511  0.6767261
 9901.0 9911.0  0.9867621  1.2546630  0.6762034
