 1176.5 1177.9  0.3408532 28.3135548  0.9331360
 1177.9 1179.2  0.3406433 28.3365154  0.9331511
 1179.2 1180.6  0.3404485 28.3578358  0.9331652
 1180.6 1182.0  0.3402386 28.3807964  0.9331804
 1182.0 1183.4  0.3400288 28.4037590  0.9331955
 1183.4 1184.8  0.3398189 28.4267197  0.9332107
 1184.8 1186.2  0.3396091 28.4496822  0.9332258
 1186.2 1187.6  0.3393992 28.4726410  0.9332410
 1187.6 1189.1  0.3391894 28.4956017  0.9332561
 1189.1 1190.5  0.3389646 28.5202026  0.9332724
 1190.5 1191.9  0.3387547 28.5431652  0.9332875
 1191.9 1193.3  0.3385448 28.5661259  0.9333026
 1193.3 1194.7  0.3383350 28.5890884  0.9333178
 1194.7 1196.2  0.3381251 28.6120472  0.9333329
 1196.2 1197.6  0.3379003 28.6366482  0.9333492
 1197.6 1199.0  0.3376904 28.6596088  0.9333643
 1199.0 1200.5  0.3374806 28.6825714  0.9333795
 1200.5 1201.9  0.3372557 28.7071724  0.9333957
 1201.9 1203.4  0.3370459 28.7301331  0.9334108
 1203.4 1204.8  0.3368210 28.7547340  0.9334271
 1204.8 1206.3  0.3366112 28.7776966  0.9334422
 1206.3 1207.7  0.3363864 28.8022976  0.9334584
 1207.7 1209.2  0.3361765 28.8252563  0.9334736
 1209.2 1210.7  0.3359517 28.8498573  0.9334899
 1210.7 1212.1  0.3357268 28.8744583  0.9335061
 1212.1 1213.6  0.3355170 28.8974209  0.9335212
 1213.6 1215.1  0.3352921 28.9220219  0.9335374
 1215.1 1216.5  0.3350673 28.9466228  0.9335537
 1216.5 1218.0  0.3348574 28.9695835  0.9335688
 1218.0 1219.5  0.3346326 28.9941845  0.9335850
 1219.5 1221.0  0.3344077 29.0187874  0.9336013
 1221.0 1222.5  0.3341829 29.0433884  0.9336175
 1222.5 1224.0  0.3339581 29.0679893  0.9336337
 1224.0 1225.5  0.3337332 29.0925903  0.9336500
 1225.5 1227.0  0.3335084 29.1171913  0.9336662
 1227.0 1228.5  0.3332835 29.1417923  0.9336824
 1228.5 1230.0  0.3330587 29.1663933  0.9336987
 1230.0 1231.5  0.3328339 29.1909943  0.9337149
 1231.5 1233.0  0.3326090 29.2155952  0.9337311
 1233.0 1234.6  0.3323842 29.2401962  0.9337474
 1234.6 1236.1  0.3321443 29.2664375  0.9337647
 1236.1 1237.6  0.3319195 29.2910385  0.9337809
 1237.6 1239.2  0.3316947 29.3156395  0.9337971
 1239.2 1240.7  0.3314548 29.3418808  0.9338145
 1240.7 1242.2  0.3312300 29.3664818  0.9338307
 1242.2 1243.8  0.3310052 29.3910828  0.9338469
 1243.8 1245.3  0.3307653 29.4173260  0.9338642
 1245.3 1246.9  0.3305405 29.4419270  0.9338804
 1246.9 1248.4  0.3303007 29.4681664  0.9338977
 1248.4 1250.0  0.3300758 29.4927692  0.9339140
 1250.0 1251.6  0.3298360 29.5190086  0.9339313
 1251.6 1253.1  0.3295962 29.5452499  0.9339486
 1253.1 1254.7  0.3293713 29.5698509  0.9339648
 1254.7 1256.3  0.3291315 29.5960922  0.9339821
 1256.3 1257.9  0.3288917 29.6223354  0.9339995
 1257.9 1259.4  0.3286518 29.6485748  0.9340168
 1259.4 1261.0  0.3284270 29.6731758  0.9340330
 1261.0 1262.6  0.3281872 29.6994171  0.9340503
 1262.6 1264.2  0.3279473 29.7256584  0.9340677
 1264.2 1265.8  0.3277075 29.7518997  0.9340850
 1265.8 1267.4  0.3274677 29.7781410  0.9341022
 1267.4 1269.0  0.3272278 29.8043823  0.9341196
 1269.0 1270.6  0.3269880 29.8306236  0.9341369
 1270.6 1272.3  0.3267482 29.8568649  0.9341542
 1272.3 1273.9  0.3264934 29.8847466  0.9341726
 1273.9 1275.5  0.3262535 29.9109879  0.9341899
 1275.5 1277.1  0.3260137 29.9372292  0.9342072
 1277.1 1278.8  0.3257739 29.9634686  0.9342245
 1278.8 1280.4  0.3255190 29.9913521  0.9342429
 1280.4 1282.1  0.3252792 30.0175915  0.9342602
 1282.1 1283.7  0.3250244 30.0454731  0.9342787
 1283.7 1285.3  0.3247846 30.0717125  0.9342960
 1285.3 1287.0  0.3245447 30.0979557  0.9343132
 1287.0 1288.7  0.3242899 30.1258373  0.9343317
 1288.7 1290.3  0.3240351 30.1537170  0.9343501
 1290.3 1292.0  0.3237953 30.1799603  0.9343674
 1292.0 1293.7  0.3235404 30.2078400  0.9343858
 1293.7 1295.3  0.3232856 30.2357216  0.9344041
 1295.3 1297.0  0.3230458 30.2619629  0.9344215
 1297.0 1298.7  0.3227910 30.2898445  0.9344398
 1298.7 1300.4  0.3225362 30.3177242  0.9344583
 1300.4 1302.1  0.3223006 30.3435345  0.9344734
 1302.1 1303.8  0.3221279 30.3626022  0.9344779
 1303.8 1305.5  0.3219551 30.3816719  0.9344823
 1305.5 1307.2  0.3217824 30.4007397  0.9344869
 1307.2 1308.9  0.3216096 30.4198093  0.9344913
 1308.9 1310.6  0.3214369 30.4388790  0.9344958
 1310.6 1312.3  0.3212641 30.4579468  0.9345003
 1312.3 1314.1  0.3210914 30.4770164  0.9345048
 1314.1 1315.8  0.3209084 30.4972076  0.9345095
 1315.8 1317.5  0.3207357 30.5162773  0.9345140
 1317.5 1319.3  0.3205629 30.5353451  0.9345185
 1319.3 1321.0  0.3203800 30.5555363  0.9345233
 1321.0 1322.8  0.3202072 30.5746059  0.9345278
 1322.8 1324.5  0.3200243 30.5947971  0.9345325
 1324.5 1326.3  0.3198515 30.6138649  0.9345370
 1326.3 1328.0  0.3196687 30.6340561  0.9345418
 1328.0 1329.8  0.3194959 30.6531239  0.9345462
 1329.8 1331.6  0.3193130 30.6733170  0.9345510
 1331.6 1333.3  0.3191301 30.6935062  0.9345557
 1333.3 1335.1  0.3189573 30.7125759  0.9345602
 1335.1 1336.9  0.3187744 30.7327652  0.9345649
 1336.9 1338.7  0.3185914 30.7529564  0.9345697
 1338.7 1340.5  0.3184085 30.7731476  0.9345745
 1340.5 1342.3  0.3182256 30.7933388  0.9345792
 1342.3 1344.1  0.3180427 30.8135300  0.9345840
 1344.1 1345.9  0.3178598 30.8337193  0.9345887
 1345.9 1347.7  0.3176768 30.8539104  0.9345934
 1347.7 1349.5  0.3174939 30.8740997  0.9345982
 1349.5 1351.4  0.3173110 30.8942928  0.9346030
 1351.4 1353.2  0.3171297 30.9143829  0.9346035
 1353.2 1355.0  0.3169620 30.9330006  0.9346024
 1355.0 1356.9  0.3167942 30.9516201  0.9346014
 1356.9 1358.7  0.3166172 30.9712753  0.9346003
 1358.7 1360.5  0.3164495 30.9898930  0.9345992
 1360.5 1362.4  0.3162817 31.0085125  0.9345982
 1362.4 1364.3  0.3161047 31.0281677  0.9345971
 1364.3 1366.1  0.3159276 31.0478210  0.9345960
 1366.1 1368.0  0.3157598 31.0664406  0.9345950
 1368.0 1369.9  0.3155828 31.0860939  0.9345939
 1369.9 1371.7  0.3154057 31.1057472  0.9345928
 1371.7 1373.6  0.3152380 31.1243668  0.9345917
 1373.6 1375.5  0.3150609 31.1440201  0.9345906
 1375.5 1377.4  0.3148839 31.1636753  0.9345895
 1377.4 1379.3  0.3147068 31.1833286  0.9345884
 1379.3 1381.2  0.3145297 31.2029819  0.9345873
 1381.2 1383.1  0.3143527 31.2226353  0.9345862
 1383.1 1385.0  0.3141756 31.2422886  0.9345851
 1385.0 1387.0  0.3139986 31.2619438  0.9345840
 1387.0 1388.9  0.3138122 31.2826309  0.9345828
 1388.9 1390.8  0.3136351 31.3022861  0.9345818
 1390.8 1392.8  0.3134581 31.3219395  0.9345806
 1392.8 1394.7  0.3132717 31.3426285  0.9345795
 1394.7 1396.6  0.3130946 31.3622799  0.9345784
 1396.6 1398.6  0.3129176 31.3819351  0.9345773
 1398.6 1400.6  0.3127312 31.4026222  0.9345762
 1400.6 1402.5  0.3125496 31.4228077  0.9345732
 1402.5 1404.5  0.3123878 31.4408646  0.9345667
 1404.5 1406.5  0.3122175 31.4598732  0.9345598
 1406.5 1408.5  0.3120472 31.4788818  0.9345529
 1408.5 1410.4  0.3118769 31.4978886  0.9345461
 1410.4 1412.4  0.3117151 31.5159473  0.9345395
 1412.4 1414.4  0.3115448 31.5349560  0.9345326
 1414.4 1416.4  0.3113745 31.5539627  0.9345257
 1416.4 1418.4  0.3112042 31.5729713  0.9345188
 1418.4 1420.5  0.3110339 31.5919800  0.9345120
 1420.5 1422.5  0.3108550 31.6119385  0.9345047
 1422.5 1424.5  0.3106847 31.6309452  0.9344978
 1424.5 1426.5  0.3105144 31.6499538  0.9344909
 1426.5 1428.6  0.3103441 31.6689625  0.9344841
 1428.6 1430.6  0.3101653 31.6889210  0.9344768
 1430.6 1432.7  0.3099950 31.7079277  0.9344699
 1432.7 1434.7  0.3098162 31.7278862  0.9344627
 1434.7 1436.8  0.3096459 31.7468948  0.9344558
 1436.8 1438.8  0.3094670 31.7668533  0.9344486
 1438.8 1440.9  0.3092967 31.7858620  0.9344417
 1440.9 1443.0  0.3091179 31.8058205  0.9344345
 1443.0 1445.1  0.3089391 31.8257790  0.9344272
 1445.1 1447.2  0.3087603 31.8457375  0.9344200
 1447.2 1449.3  0.3085814 31.8656960  0.9344128
 1449.3 1451.4  0.3084026 31.8856544  0.9344055
 1451.4 1453.5  0.3082346 31.9044743  0.9343947
 1453.5 1455.6  0.3080719 31.9227238  0.9343822
 1455.6 1457.7  0.3079093 31.9409752  0.9343696
 1457.7 1459.9  0.3077466 31.9592247  0.9343570
 1459.9 1462.0  0.3075762 31.9783440  0.9343439
 1462.0 1464.1  0.3074136 31.9965935  0.9343313
 1464.1 1466.3  0.3072509 32.0148430  0.9343187
 1466.3 1468.4  0.3070805 32.0339622  0.9343055
 1468.4 1470.6  0.3069179 32.0522156  0.9342930
 1470.6 1472.8  0.3067475 32.0713310  0.9342799
 1472.8 1474.9  0.3065771 32.0904541  0.9342667
 1474.9 1477.1  0.3064144 32.1087036  0.9342541
 1477.1 1479.3  0.3062440 32.1278229  0.9342409
 1479.3 1481.5  0.3060736 32.1469421  0.9342278
 1481.5 1483.7  0.3059033 32.1660614  0.9342146
 1483.7 1485.9  0.3057329 32.1851807  0.9342015
 1485.9 1488.1  0.3055625 32.2042999  0.9341883
 1488.1 1490.3  0.3053921 32.2234192  0.9341751
 1490.3 1492.5  0.3052217 32.2425385  0.9341620
 1492.5 1494.8  0.3050513 32.2616577  0.9341488
 1494.8 1497.0  0.3048731 32.2816467  0.9341350
 1497.0 1499.3  0.3047028 32.3007622  0.9341218
 1499.3 1501.5  0.3045246 32.3207512  0.9341081
 1501.5 1503.8  0.3043653 32.3386803  0.9340916
 1503.8 1506.0  0.3042043 32.3568459  0.9340727
 1506.0 1508.3  0.3040502 32.3742180  0.9340546
 1508.3 1510.6  0.3038892 32.3923798  0.9340357
 1510.6 1512.9  0.3037281 32.4105415  0.9340168
 1512.9 1515.2  0.3035670 32.4287071  0.9339979
 1515.2 1517.5  0.3034060 32.4468689  0.9339790
 1517.5 1519.8  0.3032449 32.4650307  0.9339600
 1519.8 1522.1  0.3030838 32.4831963  0.9339411
 1522.1 1524.4  0.3029228 32.5013580  0.9339222
 1524.4 1526.7  0.3027617 32.5195198  0.9339033
 1526.7 1529.1  0.3026007 32.5376854  0.9338844
 1529.1 1531.4  0.3024326 32.5566368  0.9338647
 1531.4 1533.7  0.3022715 32.5747986  0.9338458
 1533.7 1536.1  0.3021105 32.5929642  0.9338269
 1536.1 1538.5  0.3019424 32.6119156  0.9338071
 1538.5 1540.8  0.3017743 32.6308670  0.9337874
 1540.8 1543.2  0.3016132 32.6490326  0.9337685
 1543.2 1545.6  0.3014452 32.6679840  0.9337488
 1545.6 1548.0  0.3012771 32.6869354  0.9337291
 1548.0 1550.4  0.3011090 32.7058907  0.9337093
 1550.4 1552.8  0.3009439 32.7245293  0.9336888
 1552.8 1555.2  0.3007931 32.7416115  0.9336644
 1555.2 1557.6  0.3006424 32.7586937  0.9336400
 1557.6 1560.1  0.3004916 32.7757759  0.9336156
 1560.1 1562.5  0.3003346 32.7935677  0.9335902
 1562.5 1564.9  0.3001839 32.8106499  0.9335658
 1564.9 1567.4  0.3000331 32.8277321  0.9335414
 1567.4 1569.9  0.2998761 32.8455238  0.9335160
 1569.9 1572.3  0.2997190 32.8633156  0.9334906
 1572.3 1574.8  0.2995683 32.8803978  0.9334662
 1574.8 1577.3  0.2994113 32.8981895  0.9334408
 1577.3 1579.8  0.2992542 32.9159851  0.9334154
 1579.8 1582.3  0.2990972 32.9337769  0.9333900
 1582.3 1584.8  0.2989402 32.9515686  0.9333646
 1584.8 1587.3  0.2987832 32.9693642  0.9333391
 1587.3 1589.8  0.2986261 32.9871559  0.9333137
 1589.8 1592.4  0.2984691 33.0049515  0.9332883
 1592.4 1594.9  0.2983058 33.0234528  0.9332619
 1594.9 1597.4  0.2981488 33.0412483  0.9332365
 1597.4 1600.0  0.2979917 33.0590401  0.9332110
 1600.0 1602.6  0.2978284 33.0775452  0.9331846
 1602.6 1605.1  0.2976837 33.0940247  0.9331533
 1605.1 1607.7  0.2975447 33.1098709  0.9331233
 1607.7 1610.3  0.2974000 33.1263504  0.9330920
 1610.3 1612.9  0.2972554 33.1428299  0.9330607
 1612.9 1615.5  0.2971107 33.1593094  0.9330294
 1615.5 1618.1  0.2969661 33.1757889  0.9329981
 1618.1 1620.7  0.2968214 33.1922684  0.9329669
 1620.7 1623.4  0.2966768 33.2087479  0.9329356
 1623.4 1626.0  0.2965266 33.2258644  0.9329031
 1626.0 1628.7  0.2963819 33.2423439  0.9328718
 1628.7 1631.3  0.2962317 33.2594566  0.9328393
 1631.3 1634.0  0.2960871 33.2759361  0.9328080
 1634.0 1636.7  0.2959368 33.2930489  0.9327756
 1636.7 1639.3  0.2957866 33.3101616  0.9327431
 1639.3 1642.0  0.2956420 33.3266411  0.9327118
 1642.0 1644.7  0.2954918 33.3437576  0.9326794
 1644.7 1647.4  0.2953416 33.3608704  0.9326469
 1647.4 1650.2  0.2951913 33.3779831  0.9326144
 1650.2 1652.9  0.2950371 33.3955688  0.9325802
 1652.9 1655.6  0.2949070 33.4105263  0.9325417
 1655.6 1658.4  0.2947770 33.4254799  0.9325033
 1658.4 1661.1  0.2946422 33.4409904  0.9324633
 1661.1 1663.9  0.2945122 33.4559441  0.9324248
 1663.9 1666.7  0.2943773 33.4714546  0.9323849
 1666.7 1669.4  0.2942425 33.4869614  0.9323450
 1669.4 1672.2  0.2941124 33.5019188  0.9323065
 1672.2 1675.0  0.2939776 33.5174255  0.9322666
 1675.0 1677.9  0.2938427 33.5329361  0.9322267
 1677.9 1680.7  0.2937031 33.5489998  0.9321854
 1680.7 1683.5  0.2935683 33.5645065  0.9321454
 1683.5 1686.3  0.2934334 33.5800171  0.9321055
 1686.3 1689.2  0.2932986 33.5955276  0.9320656
 1689.2 1692.0  0.2931589 33.6115875  0.9320242
 1692.0 1694.9  0.2930241 33.6270981  0.9319843
 1694.9 1697.8  0.2928844 33.6431618  0.9319430
 1697.8 1700.7  0.2927448 33.6592255  0.9319016
 1700.7 1703.6  0.2926184 33.6737823  0.9318625
 1703.6 1706.5  0.2925339 33.6836090  0.9318303
 1706.5 1709.4  0.2924494 33.6934395  0.9317982
 1709.4 1712.3  0.2923650 33.7032661  0.9317660
 1712.3 1715.3  0.2922805 33.7130928  0.9317338
 1715.3 1718.2  0.2921931 33.7232628  0.9317006
 1718.2 1721.2  0.2921086 33.7330894  0.9316684
 1721.2 1724.1  0.2920212 33.7432556  0.9316351
 1724.1 1727.1  0.2919367 33.7530861  0.9316030
 1727.1 1730.1  0.2918493 33.7632523  0.9315697
 1730.1 1733.1  0.2917619 33.7734184  0.9315364
 1733.1 1736.1  0.2916745 33.7835846  0.9315031
 1736.1 1739.1  0.2915871 33.7937508  0.9314699
 1739.1 1742.2  0.2914997 33.8039207  0.9314366
 1742.2 1745.2  0.2914094 33.8144264  0.9314022
 1745.2 1748.3  0.2913220 33.8245926  0.9313689
 1748.3 1751.3  0.2912317 33.8350983  0.9313346
 1751.3 1754.4  0.2911443 33.8452644  0.9313012
 1754.4 1757.5  0.2910509 33.8561630  0.9312640
 1757.5 1760.6  0.2909365 33.8696899  0.9312071
 1760.6 1763.7  0.2908221 33.8832169  0.9311501
 1763.7 1766.8  0.2907078 33.8967476  0.9310932
 1766.8 1769.9  0.2905934 33.9102745  0.9310364
 1769.9 1773.0  0.2904791 33.9238052  0.9309794
 1773.0 1776.2  0.2903730 33.9364853  0.9309191
 1776.2 1779.4  0.2902638 33.9495468  0.9308566
 1779.4 1782.5  0.2901546 33.9626045  0.9307942
 1782.5 1785.7  0.2900488 33.9752579  0.9307337
 1785.7 1788.9  0.2899396 33.9883194  0.9306713
 1788.9 1792.1  0.2898386 34.0005493  0.9306054
 1792.1 1795.3  0.2897385 34.0126915  0.9305390
 1795.3 1798.6  0.2896384 34.0248337  0.9304727
 1798.6 1801.8  0.2895351 34.0373535  0.9304043
 1801.8 1805.1  0.2894350 34.0494957  0.9303380
 1805.1 1808.3  0.2893382 34.0614243  0.9302633
 1808.3 1811.6  0.2892448 34.0729523  0.9301904
 1811.6 1814.9  0.2891484 34.0848389  0.9301153
 1814.9 1818.2  0.2890521 34.0967255  0.9300402
 1818.2 1821.5  0.2889566 34.1085320  0.9299650
 1821.5 1824.8  0.2888732 34.1190453  0.9298875
 1824.8 1828.2  0.2887899 34.1295586  0.9298101
 1828.2 1831.5  0.2887041 34.1403923  0.9297302
 1831.5 1834.9  0.2886208 34.1509056  0.9296528
 1834.9 1838.2  0.2885349 34.1617393  0.9295729
 1838.2 1841.6  0.2884620 34.1712189  0.9294906
 1841.6 1845.0  0.2883872 34.1809540  0.9294055
 1845.0 1848.4  0.2883124 34.1906891  0.9293204
 1848.4 1851.9  0.2882376 34.2004242  0.9292353
 1851.9 1855.3  0.2881606 34.2104454  0.9291477
 1855.3 1858.7  0.2880953 34.2193069  0.9290545
 1858.7 1862.2  0.2880302 34.2281380  0.9289610
 1862.2 1865.7  0.2879633 34.2372322  0.9288648
 1865.7 1869.2  0.2878963 34.2463226  0.9287686
 1869.2 1872.7  0.2878302 34.2553329  0.9286723
 1872.7 1876.2  0.2877775 34.2629509  0.9285726
 1876.2 1879.7  0.2877248 34.2705727  0.9284730
 1879.7 1883.2  0.2876720 34.2781906  0.9283734
 1883.2 1886.8  0.2876194 34.2858086  0.9282738
 1886.8 1890.4  0.2875651 34.2936478  0.9281713
 1890.4 1893.9  0.2875235 34.3002434  0.9280623
 1893.9 1897.5  0.2874838 34.3065872  0.9279559
 1897.5 1901.1  0.2874430 34.3131104  0.9278466
 1901.1 1904.8  0.2874022 34.3196335  0.9277371
 1904.8 1908.4  0.2873602 34.3263397  0.9276247
 1908.4 1912.0  0.2873320 34.3316956  0.9275051
 1912.0 1915.7  0.2873046 34.3369789  0.9273850
 1915.7 1919.4  0.2872764 34.3424110  0.9272615
 1919.4 1923.1  0.2872482 34.3478432  0.9271381
 1923.1 1926.8  0.2872205 34.3532333  0.9270145
 1926.8 1930.5  0.2872081 34.3570633  0.9268863
 1930.5 1934.2  0.2871957 34.3608932  0.9267580
 1934.2 1938.0  0.2871833 34.3647232  0.9266298
 1938.0 1941.7  0.2871705 34.3686562  0.9264981
 1941.7 1945.5  0.2871581 34.3724861  0.9263698
 1945.5 1949.3  0.2871603 34.3749733  0.9262300
 1949.3 1953.1  0.2871638 34.3773384  0.9260893
 1953.1 1956.9  0.2871673 34.3797035  0.9259487
 1956.9 1960.8  0.2871707 34.3820686  0.9258081
 1960.8 1964.6  0.2871743 34.3844948  0.9256637
 1964.6 1968.5  0.2871935 34.3854179  0.9255106
 1968.5 1972.4  0.2872141 34.3862839  0.9253527
 1972.4 1976.3  0.2872347 34.3871460  0.9251949
 1976.3 1980.2  0.2872553 34.3880119  0.9250370
 1980.2 1984.1  0.2872766 34.3888054  0.9248788
 1984.1 1988.1  0.2873109 34.3882828  0.9247162
 1988.1 1992.0  0.2873461 34.3877449  0.9245493
 1992.0 1996.0  0.2873805 34.3872223  0.9243867
 1996.0 2000.0  0.2874157 34.3866844  0.9242198
 2000.0 2004.0  0.2874509 34.3861465  0.9240530
 2004.0 2008.0  0.2874995 34.3844070  0.9238732
 2008.0 2012.1  0.2875480 34.3826714  0.9236934
 2012.1 2016.1  0.2875978 34.3808899  0.9235091
 2016.1 2020.2  0.2876464 34.3791504  0.9233293
 2020.2 2024.3  0.2876965 34.3773308  0.9231449
 2024.3 2028.4  0.2877542 34.3747330  0.9229573
 2028.4 2032.5  0.2878119 34.3721390  0.9227698
 2032.5 2036.7  0.2878696 34.3695450  0.9225822
 2036.7 2040.8  0.2879287 34.3668861  0.9223901
 2040.8 2045.0  0.2879864 34.3642883  0.9222025
 2045.0 2049.2  0.2880513 34.3611031  0.9220037
 2049.2 2053.4  0.2881165 34.3578873  0.9218045
 2053.4 2057.6  0.2881816 34.3546753  0.9216053
 2057.6 2061.9  0.2882468 34.3514595  0.9214061
 2061.9 2066.1  0.2883135 34.3481712  0.9212022
 2066.1 2070.4  0.2883827 34.3446846  0.9209922
 2070.4 2074.7  0.2884535 34.3411064  0.9207770
 2074.7 2079.0  0.2885244 34.3375282  0.9205617
 2079.0 2083.3  0.2885953 34.3339500  0.9203465
 2083.3 2087.7  0.2886660 34.3303833  0.9201309
 2087.7 2092.1  0.2887370 34.3269196  0.9199055
 2092.1 2096.4  0.2888080 34.3234520  0.9196801
 2096.4 2100.8  0.2888774 34.3200684  0.9194598
 2100.8 2105.3  0.2889484 34.3166008  0.9192343
 2105.3 2109.7  0.2890204 34.3131027  0.9190038
 2109.7 2114.2  0.2890841 34.3103256  0.9187791
 2114.2 2118.6  0.2891492 34.3074799  0.9185494
 2118.6 2123.1  0.2892129 34.3047028  0.9183246
 2123.1 2127.7  0.2892780 34.3018570  0.9180949
 2127.7 2132.2  0.2893445 34.2989540  0.9178600
 2132.2 2136.8  0.2893999 34.2971191  0.9176274
 2136.8 2141.3  0.2894557 34.2953186  0.9173893
 2141.3 2145.9  0.2895103 34.2935562  0.9171565
 2145.9 2150.5  0.2895661 34.2917557  0.9169185
 2150.5 2155.2  0.2896219 34.2899513  0.9166805
 2155.2 2159.8  0.2896660 34.2896576  0.9164214
 2159.8 2164.5  0.2897076 34.2895508  0.9161659
 2164.5 2169.2  0.2897501 34.2894402  0.9159049
 2169.2 2173.9  0.2897926 34.2893295  0.9156439
 2173.9 2178.6  0.2898351 34.2892189  0.9153829
 2178.6 2183.4  0.2898536 34.2909813  0.9151557
 2183.4 2188.2  0.2898719 34.2928238  0.9149244
 2188.2 2193.0  0.2898903 34.2946663  0.9146931
 2193.0 2197.8  0.2899086 34.2965088  0.9144618
 2197.8 2202.6  0.2899270 34.2983551  0.9142305
 2202.6 2207.5  0.2899299 34.3020630  0.9139802
 2207.5 2212.4  0.2899194 34.3074608  0.9137084
 2212.4 2217.3  0.2899089 34.3128586  0.9134366
 2217.3 2222.2  0.2898985 34.3182564  0.9131647
 2222.2 2227.2  0.2898866 34.3237877  0.9128935
 2227.2 2232.1  0.2898407 34.3326111  0.9126318
 2232.1 2237.1  0.2897957 34.3412628  0.9123752
 2237.1 2242.2  0.2897498 34.3500862  0.9121134
 2242.2 2247.2  0.2897030 34.3590889  0.9118463
 2247.2 2252.3  0.2896554 34.3680801  0.9115849
 2252.3 2257.3  0.2895653 34.3813171  0.9113282
 2257.3 2262.4  0.2894769 34.3942947  0.9110765
 2262.4 2267.6  0.2893867 34.4075317  0.9108198
 2267.6 2272.7  0.2892948 34.4210320  0.9105580
 2272.7 2277.9  0.2892046 34.4342690  0.9103013
 2277.9 2283.1  0.2890589 34.4531898  0.9100419
 2283.1 2288.3  0.2889100 34.4724464  0.9097826
 2288.3 2293.6  0.2887610 34.4917030  0.9095233
 2293.6 2298.9  0.2886092 34.5113297  0.9092590
 2298.9 2304.1  0.2884574 34.5309563  0.9089948
 2304.1 2309.5  0.2882506 34.5558777  0.9087496
 2309.5 2314.8  0.2880347 34.5818710  0.9084952
 2314.8 2320.2  0.2878228 34.6073837  0.9082457
 2320.2 2325.6  0.2876068 34.6333771  0.9079913
 2325.6 2331.0  0.2873909 34.6593704  0.9077370
 2331.0 2336.4  0.2871006 34.6928368  0.9074903
 2336.4 2341.9  0.2868042 34.7268944  0.9072440
 2341.9 2347.4  0.2865024 34.7615891  0.9069933
 2347.4 2352.9  0.2862006 34.7962799  0.9067425
 2352.9 2358.5  0.2858988 34.8309708  0.9064918
 2358.5 2364.1  0.2855068 34.8747253  0.9062527
 2364.1 2369.7  0.2851134 34.9186325  0.9060140
 2369.7 2375.3  0.2847199 34.9625397  0.9057752
 2375.3 2381.0  0.2843264 35.0064468  0.9055365
 2381.0 2386.6  0.2839259 35.0511360  0.9052935
 2386.6 2392.3  0.2834706 35.1014099  0.9050802
 2392.3 2398.1  0.2830072 35.1525803  0.9048630
 2398.1 2403.8  0.2825357 35.2046471  0.9046420
 2403.8 2409.6  0.2820722 35.2558174  0.9044249
 2409.6 2415.5  0.2816007 35.3078842  0.9042040
 2415.5 2421.3  0.2810878 35.3651466  0.9040047
 2421.3 2427.2  0.2805813 35.4217453  0.9038106
 2427.2 2433.1  0.2800660 35.4793167  0.9036132
 2433.1 2439.0  0.2795507 35.5368919  0.9034158
 2439.0 2445.0  0.2790354 35.5944672  0.9032184
 2445.0 2451.0  0.2785430 35.6516457  0.9030589
 2451.0 2457.0  0.2780507 35.7088203  0.9028995
 2457.0 2463.1  0.2775583 35.7659988  0.9027401
 2463.1 2469.1  0.2770577 35.8241272  0.9025779
 2469.1 2475.2  0.2765670 35.8811913  0.9024194
 2475.2 2481.4  0.2761635 35.9323540  0.9023103
 2481.4 2487.6  0.2757533 35.9843597  0.9021994
 2487.6 2493.8  0.2753431 36.0363617  0.9020885
 2493.8 2500.0  0.2749330 36.0883675  0.9019776
 2500.0 2506.3  0.2745228 36.1403694  0.9018667
 2506.3 2512.6  0.2742802 36.1793671  0.9018207
 2512.6 2518.9  0.2740376 36.2183685  0.9017748
 2518.9 2525.3  0.2737950 36.2573662  0.9017289
 2525.3 2531.6  0.2735485 36.2969856  0.9016822
 2531.6 2538.1  0.2733059 36.3359833  0.9016363
 2538.1 2544.5  0.2732930 36.3574753  0.9016652
 2544.5 2551.0  0.2732956 36.3774223  0.9016984
 2551.0 2557.5  0.2732983 36.3976860  0.9017323
 2557.5 2564.1  0.2733010 36.4179459  0.9017661
 2564.1 2570.7  0.2733091 36.4380836  0.9018019
 2570.7 2577.3  0.2736694 36.4297638  0.9019370
 2577.3 2584.0  0.2740296 36.4214439  0.9020721
 2584.0 2590.7  0.2743953 36.4129982  0.9022092
 2590.7 2597.4  0.2747611 36.4045525  0.9023463
 2597.4 2604.2  0.2751523 36.3939705  0.9024898
 2604.2 2611.0  0.2759574 36.3490982  0.9027383
 2611.0 2617.8  0.2767626 36.3042259  0.9029869
 2617.8 2624.7  0.2775678 36.2593536  0.9032354
 2624.7 2631.6  0.2783848 36.2138214  0.9034876
 2631.6 2638.5  0.2792018 36.1682892  0.9037398
 2638.5 2645.5  0.2805226 36.0828819  0.9041057
 2645.5 2652.5  0.2818940 35.9937477  0.9044840
 2652.5 2659.6  0.2832653 35.9046135  0.9048623
 2659.6 2666.7  0.2846563 35.8142052  0.9052461
 2666.7 2673.8  0.2860472 35.7238007  0.9056298
 2673.8 2681.0  0.2879507 35.5957336  0.9061037
 2681.0 2688.2  0.2899038 35.4641800  0.9065883
 2688.2 2695.4  0.2918570 35.3326263  0.9070729
 2695.4 2702.7  0.2938102 35.2010727  0.9075575
 2702.7 2710.0  0.2957905 35.0676918  0.9080489
 2710.0 2717.4  0.2982867 34.9006081  0.9086006
 2717.4 2724.8  0.3008395 34.7297745  0.9091625
 2724.8 2732.2  0.3033924 34.5589371  0.9097243
 2732.2 2739.7  0.3059452 34.3881035  0.9102862
 2739.7 2747.3  0.3085325 34.2149582  0.9108557
 2747.3 2754.8  0.3116803 34.0100021  0.9114588
 2754.8 2762.4  0.3148080 33.8065529  0.9120551
 2762.4 2770.1  0.3179774 33.6003914  0.9126594
 2770.1 2777.8  0.3211886 33.3915100  0.9132717
 2777.8 2785.5  0.3243997 33.1826363  0.9138839
 2785.5 2793.3  0.3281393 32.9496498  0.9144824
 2793.3 2801.1  0.3319418 32.7129860  0.9150882
 2801.1 2809.0  0.3357442 32.4763184  0.9156941
 2809.0 2816.9  0.3395954 32.2366257  0.9163077
 2816.9 2824.9  0.3434465 31.9969292  0.9169214
 2824.9 2832.9  0.3479521 31.7324238  0.9174875
 2832.9 2840.9  0.3524654 31.4676418  0.9180530
 2840.9 2849.0  0.3569787 31.2028599  0.9186184
 2849.0 2857.1  0.3615484 30.9347649  0.9191909
 2857.1 2865.3  0.3661235 30.6666126  0.9197619
 2865.3 2873.6  0.3711851 30.3905811  0.9202133
 2873.6 2881.8  0.3763084 30.1111794  0.9206701
 2881.8 2890.2  0.3813700 29.8351479  0.9211215
 2890.2 2898.6  0.3865551 29.5523853  0.9215838
 2898.6 2907.0  0.3917402 29.2696152  0.9220462
 2907.0 2915.5  0.3975874 28.9771938  0.9223483
 2915.5 2924.0  0.4035378 28.6807995  0.9226460
 2924.0 2932.6  0.4094882 28.3844051  0.9229437
 2932.6 2941.2  0.4155087 28.0845203  0.9232448
 2941.2 2949.9  0.4215388 27.7848206  0.9235412
 2949.9 2958.6  0.4280564 27.4891682  0.9236362
 2958.6 2967.4  0.4345743 27.1935081  0.9237313
 2967.4 2976.2  0.4411667 26.8944607  0.9238274
 2976.2 2985.1  0.4477594 26.5954075  0.9239236
 2985.1 2994.0  0.4544318 26.2930260  0.9240186
 2994.0 3003.0  0.4615306 25.9972229  0.9239241
 3003.0 3012.0  0.4687091 25.6980934  0.9238285
 3012.0 3021.1  0.4758877 25.3989620  0.9237329
 3021.1 3030.3  0.4831461 25.0965061  0.9236363
 3030.3 3039.5  0.4904864 24.7913456  0.9235337
 3039.5 3048.8  0.4978928 24.5044346  0.9232852
 3048.8 3058.1  0.5053799 24.2144032  0.9230341
 3058.1 3067.5  0.5128669 23.9243717  0.9227830
 3067.5 3076.9  0.5204344 23.6312256  0.9225292
 3076.9 3086.4  0.5280018 23.3380795  0.9222754
 3086.4 3096.0  0.5356411 23.0611687  0.9219070
 3096.0 3105.6  0.5433609 22.7815495  0.9215335
 3105.6 3115.3  0.5510806 22.5019302  0.9211600
 3115.3 3125.0  0.5588807 22.2194023  0.9207827
 3125.0 3134.8  0.5666807 21.9368744  0.9204053
 3134.8 3144.7  0.5740500 21.6865044  0.9199753
 3144.7 3154.6  0.5814943 21.4335842  0.9195410
 3154.6 3164.6  0.5889389 21.1806564  0.9191066
 3164.6 3174.6  0.5964585 20.9251785  0.9186679
 3174.6 3184.7  0.6039781 20.6697006  0.9182291
 3184.7 3194.9  0.6109482 20.4477806  0.9177860
 3194.9 3205.1  0.6179613 20.2251625  0.9173384
 3205.1 3215.4  0.6249747 20.0025406  0.9168909
 3215.4 3225.8  0.6320565 19.7777443  0.9164390
 3225.8 3236.2  0.6391380 19.5541115  0.9159865
 3236.2 3246.8  0.6453881 19.3707294  0.9155806
 3246.8 3257.3  0.6517586 19.1838169  0.9151670
 3257.3 3268.0  0.6580689 18.9986706  0.9147572
 3268.0 3278.7  0.6644993 18.8099976  0.9143395
 3278.7 3289.5  0.6705984 18.6359768  0.9139454
 3289.5 3300.3  0.6761217 18.4883060  0.9135925
 3300.3 3311.3  0.6816450 18.3406372  0.9132395
 3311.3 3322.3  0.6872706 18.1902313  0.9128801
 3322.3 3333.3  0.6928962 18.0398273  0.9125206
 3333.3 3344.5  0.6978709 17.9160709  0.9122058
 3344.5 3355.7  0.7027205 17.7988930  0.9119000
 3355.7 3367.0  0.7075700 17.6817131  0.9115943
 3367.0 3378.4  0.7124629 17.5634880  0.9112859
 3378.4 3389.8  0.7168992 17.4580803  0.9110064
 3389.8 3401.4  0.7201594 17.3852921  0.9108015
 3401.4 3413.0  0.7234768 17.3112297  0.9105931
 3413.0 3424.7  0.7267941 17.2371655  0.9103847
 3424.7 3436.4  0.7301401 17.1624622  0.9101744
 3436.4 3448.3  0.7388068 16.9855366  0.9096102
 3448.3 3460.2  0.7477642 16.8028488  0.9090267
 3460.2 3472.2  0.7516350 16.7221889  0.9087626
 3472.2 3484.3  0.7546833 16.6579990  0.9085498
 3484.3 3496.5  0.7577571 16.5932751  0.9083353
 3496.5 3508.8  0.7608563 16.5280151  0.9081190
 3508.8 3521.1  0.7639809 16.4622192  0.9079009
 3521.1 3533.6  0.7671056 16.3964252  0.9076828
 3533.6 3546.1  0.7702810 16.3295612  0.9074612
 3546.1 3558.7  0.7734564 16.2626953  0.9072396
 3558.7 3571.4  0.7761606 16.2013741  0.9070367
 3571.4 3584.2  0.7786620 16.1423111  0.9068415
 3584.2 3597.1  0.7811831 16.0827808  0.9066447
 3597.1 3610.1  0.7837239 16.0227871  0.9064464
 3610.1 3623.2  0.7862844 15.9623280  0.9062466
 3623.2 3636.4  0.7888645 15.9014053  0.9060452
 3636.4 3649.6  0.7914643 15.8400164  0.9058423
 3649.6 3663.0  0.7940643 15.7786264  0.9056394
 3663.0 3676.5  0.7962612 15.7216215  0.9054639
 3676.5 3690.0  0.7984608 15.6643553  0.9052880
 3690.0 3703.7  0.8006604 15.6070890  0.9051122
 3703.7 3717.5  0.8028926 15.5489750  0.9049338
 3717.5 3731.3  0.8051411 15.4904366  0.9047540
 3731.3 3745.3  0.8073896 15.4318972  0.9045743
 3745.3 3759.4  0.8096706 15.3725100  0.9043919
 3759.4 3773.6  0.8118346 15.3156996  0.9042334
 3773.6 3787.9  0.8139467 15.2599955  0.9040864
 3787.9 3802.3  0.8160737 15.2039013  0.9039384
 3802.3 3816.8  0.8182156 15.1474133  0.9037894
 3816.8 3831.4  0.8203723 15.0905333  0.9036393
 3831.4 3846.2  0.8225439 15.0332613  0.9034882
 3846.2 3861.0  0.8247453 14.9752045  0.9033350
 3861.0 3876.0  0.8269104 14.9200668  0.9032114
 3876.0 3891.1  0.8290921 14.8652067  0.9030963
 3891.1 3906.2  0.8312883 14.8099804  0.9029805
 3906.2 3921.6  0.8334845 14.7547550  0.9028648
 3921.6 3937.0  0.8357244 14.6984310  0.9027467
 3937.0 3952.6  0.8379642 14.6421080  0.9026285
 3952.6 3968.3  0.8402231 14.5857153  0.9025148
 3968.3 3984.1  0.8424453 14.5322914  0.9024295
 3984.1 4000.0  0.8446817 14.4785271  0.9023436
 4000.0 4016.1  0.8469323 14.4244232  0.9022572
 4016.1 4032.3  0.8492112 14.3696384  0.9021697
 4032.3 4048.6  0.8515041 14.3145142  0.9020817
 4048.6 4065.0  0.8538114 14.2590485  0.9019932
 4065.0 4081.6  0.8560147 14.2070608  0.9019293
 4081.6 4098.4  0.8582338 14.1548004  0.9018671
 4098.4 4115.2  0.8604796 14.1019106  0.9018041
 4115.2 4132.2  0.8627255 14.0490189  0.9017412
 4132.2 4149.4  0.8649980 13.9954987  0.9016775
 4149.4 4166.7  0.8672973 13.9413500  0.9016131
 4166.7 4184.1  0.8694412 13.8907623  0.9015690
 4184.1 4201.7  0.8715914 13.8400230  0.9015254
 4201.7 4219.4  0.8737662 13.7887001  0.9014814
 4219.4 4237.3  0.8759535 13.7370872  0.9014372
 4237.3 4255.3  0.8781654 13.6848898  0.9013923
 4255.3 4273.5  0.8803312 13.6334209  0.9013520
 4273.5 4291.8  0.8823794 13.5838518  0.9013225
 4291.8 4310.3  0.8844388 13.5340118  0.9012929
 4310.3 4329.0  0.8865207 13.4836254  0.9012629
 4329.0 4347.8  0.8886251 13.4326944  0.9012327
 4347.8 4366.8  0.8907408 13.3814917  0.9012022
 4366.8 4386.0  0.8926843 13.3323793  0.9011813
 4386.0 4405.3  0.8946225 13.2830982  0.9011614
 4405.3 4424.8  0.8965707 13.2335615  0.9011415
 4424.8 4444.4  0.8985392 13.1835108  0.9011213
 4444.4 4464.3  0.9005178 13.1332035  0.9011011
 4464.3 4484.3  0.9023704 13.0839872  0.9010863
 4484.3 4504.5  0.9041708 13.0352545  0.9010739
 4504.5 4524.9  0.9059892 12.9860353  0.9010613
 4524.9 4545.5  0.9078256 12.9363289  0.9010486
 4545.5 4566.2  0.9096801 12.8861341  0.9010357
 4566.2 4587.2  0.9113913 12.8374844  0.9010280
 4587.2 4608.3  0.9130844 12.7886343  0.9010217
 4608.3 4629.6  0.9147856 12.7395525  0.9010153
 4629.6 4651.2  0.9165029 12.6900034  0.9010088
 4651.2 4672.9  0.9182348 12.6398697  0.9010026
 4672.9 4694.8  0.9198101 12.5914421  0.9010016
 4694.8 4717.0  0.9214000 12.5425682  0.9010005
 4717.0 4739.3  0.9230116 12.4930229  0.9009994
 4739.3 4761.9  0.9246305 12.4432564  0.9009984
 4761.9 4784.7  0.9261890 12.3937893  0.9009995
 4784.7 4807.7  0.9276868 12.3447638  0.9010028
 4807.7 4830.9  0.9291976 12.2953091  0.9010061
 4830.9 4854.4  0.9307216 12.2454243  0.9010094
 4854.4 4878.0  0.9322389 12.1952076  0.9010134
 4878.0 4902.0  0.9336476 12.1461401  0.9010201
 4902.0 4926.1  0.9350801 12.0962420  0.9010267
 4926.1 4950.5  0.9365186 12.0461359  0.9010335
 4950.5 4975.1  0.9379724 11.9954376  0.9010404
 4975.1 5000.0  0.9393108 11.9458389  0.9010494
 5000.0 5025.1  0.9406655 11.8956356  0.9010586
 5025.1 5050.5  0.9420310 11.8450279  0.9010678
 5050.5 5076.1  0.9434106 11.7938452  0.9010772
 5076.1 5102.0  0.9446822 11.7436800  0.9010876
 5102.0 5128.2  0.9459688 11.6929283  0.9010981
 5128.2 5154.6  0.9472703 11.6415873  0.9011088
 5154.6 5181.3  0.9485618 11.5900955  0.9011195
 5181.3 5208.3  0.9497726 11.5391693  0.9011302
 5208.3 5235.6  0.9509970 11.4876709  0.9011410
 5235.6 5263.2  0.9522350 11.4356003  0.9011519
 5263.2 5291.0  0.9534332 11.3836088  0.9011622
 5291.0 5319.1  0.9545811 11.3319559  0.9011718
 5319.1 5347.6  0.9557415 11.2797461  0.9011815
 5347.6 5376.3  0.9569184 11.2267933  0.9011914
 5376.3 5405.4  0.9580006 11.1747322  0.9011986
 5405.4 5434.8  0.9590884 11.1220627  0.9012056
 5434.8 5464.5  0.9601874 11.0688496  0.9012127
 5464.5 5494.5  0.9612412 11.0157928  0.9012177
 5494.5 5524.9  0.9622459 10.9629412  0.9012204
 5524.9 5555.6  0.9632641 10.9093847  0.9012231
 5555.6 5586.6  0.9642706 10.8555708  0.9012247
 5586.6 5618.0  0.9651889 10.8024569  0.9012213
 5618.0 5649.7  0.9661190 10.7486582  0.9012178
 5649.7 5681.8  0.9670580 10.6943445  0.9012144
 5681.8 5714.3  0.9678964 10.6407576  0.9012044
 5714.3 5747.1  0.9687442 10.5865154  0.9011943
 5747.1 5780.3  0.9695998 10.5317726  0.9011841
 5780.3 5814.0  0.9703764 10.4774866  0.9011686
 5814.0 5848.0  0.9711559 10.4224920  0.9011524
 5848.0 5882.4  0.9719424 10.3670082  0.9011360
 5882.4 5917.2  0.9726597 10.3118553  0.9011149
 5917.2 5952.4  0.9733805 10.2561207  0.9010933
 5952.4 5988.0  0.9741049 10.1998053  0.9010711
 5988.0 6024.1  0.9747727 10.1436634  0.9010449
 6024.1 6060.6  0.9754499 10.0867338  0.9010183
 6060.6 6097.6  0.9761181 10.0293789  0.9009903
 6097.6 6135.0  0.9767548  9.9717493  0.9009596
 6135.0 6172.8  0.9773983  9.9134970  0.9009284
 6172.8 6211.2  0.9780213  9.8549643  0.9008952
 6211.2 6250.0  0.9786359  9.7957306  0.9008603
 6250.0 6289.3  0.9792569  9.7358809  0.9008250
 6289.3 6329.1  0.9798512  9.6756945  0.9007870
 6329.1 6369.4  0.9804531  9.6147413  0.9007485
 6369.4 6410.3  0.9810509  9.5531664  0.9007087
 6410.3 6451.6  0.9816450  9.4908323  0.9006674
 6451.6 6493.5  0.9822445  9.4278955  0.9006256
 6493.5 6535.9  0.9828395  9.3642063  0.9005819
 6535.9 6578.9  0.9834417  9.2997570  0.9005376
 6578.9 6622.5  0.9840504  9.2344170  0.9004923
 6622.5 6666.7  0.9846667  9.1681747  0.9004461
 6666.7 6711.4  0.9852946  9.1009798  0.9003990
 6711.4 6756.8  0.9859350  9.0329571  0.9003512
 6756.8 6802.7  0.9865884  8.9638290  0.9003027
 6802.7 6849.3  0.9872664  8.8937168  0.9002538
 6849.3 6896.6  0.9879547  8.8225365  0.9002041
 6896.6 6944.4  0.9886791  8.7499571  0.9001539
 6944.4 6993.0  0.9894114  8.6766062  0.9001033
 6993.0 7042.3  0.9901738  8.6017962  0.9000514
 7042.3 7092.2  0.9909495  8.5258789  0.8999986
 7092.2 7142.9  0.9917424  8.4489307  0.8999441
 7142.9 7194.2  0.9925495  8.3707294  0.8998884
 7194.2 7246.4  0.9933640  8.2916193  0.8998299
 7246.4 7299.3  0.9941924  8.2111235  0.8997700
 7299.3 7352.9  0.9950179  8.1297073  0.8997058
 7352.9 7407.4  0.9958519  8.0472441  0.8996401
 7407.4 7462.7  0.9966730  7.9637136  0.8995683
 7462.7 7518.8  0.9974962  7.8790755  0.8994938
 7518.8 7575.8  0.9982978  7.7936177  0.8994129
 7575.8 7633.6  0.9990677  7.7071185  0.8993265
 7633.6 7692.3  0.9997939  7.6198087  0.8992340
 7692.3 7751.9  1.0000000  7.5318441  0.8991318
 7751.9 7812.5  1.0000000  7.4428468  0.8990243
 7812.5 7874.0  1.0000000  7.3535876  0.8989011
 7874.0 7936.5  1.0000000  7.2636275  0.8987692
 7936.5 8000.0  1.0000000  7.1731958  0.8986242
 8000.0 8064.5  1.0000000  7.0829096  0.8984596
 8064.5 8130.1  1.0000000  6.9921985  0.8982815
 8130.1 8196.7  1.0000000  6.9019065  0.8980790
 8196.7 8264.5  1.0000000  6.8124189  0.8978502
 8264.5 8333.3  1.0000000  6.7230797  0.8975984
 8333.3 8403.4  1.0000000  6.6354618  0.8973105
 8403.4 8474.6  1.0000000  6.5497880  0.8969789
 8474.6 8547.0  1.0000000  6.4639153  0.8966299
 8547.0 8620.7  1.0000000  6.3765936  0.8962752
 8620.7 8695.7  1.0000000  6.2877045  0.8959140
 8695.7 8771.9  1.0000000  6.1972475  0.8955464
 8771.9 8849.6  1.0000000  6.1053429  0.8951730
 8849.6 8928.6  1.0000000  6.0116305  0.8947922
 8928.6 9009.0  1.0000000  5.9163489  0.8944051
 9009.0 9090.9  1.0000000  5.8193789  0.8940110
 9090.9 9174.3  1.0000000  5.7205992  0.8936096
 9174.3 9259.3  1.0000000  5.6200118  0.8932009
 9259.3 9345.8  1.0000000  5.5174942  0.8927844
 9345.8 9434.0  1.0000000  5.4131670  0.8923604
 9434.0 9523.8  1.0000000  5.3067894  0.8919283
 9523.8 9615.4  1.0000000  5.1984825  0.8914881
 9615.4 9708.7  1.0000000  5.0880036  0.8910393
 9708.7 9803.9  1.0000000  4.9754753  0.8905820
 9803.9 9901.0  1.0000000  4.8606548  0.8901154
 9901.0 9911.0  1.0000000  4.7435436  0.8896396
