 1176.5 1177.9  0.4585024 16.5741882  0.8579654
 1177.9 1179.2  0.4582692 16.5855637  0.8579702
 1179.2 1180.6  0.4580527 16.5961285  0.8579746
 1180.6 1182.0  0.4578195 16.6075039  0.8579795
 1182.0 1183.4  0.4575863 16.6188812  0.8579843
 1183.4 1184.8  0.4573531 16.6302567  0.8579891
 1184.8 1186.2  0.4571200 16.6416340  0.8579940
 1186.2 1187.6  0.4568868 16.6530094  0.8579988
 1187.6 1189.1  0.4566537 16.6643867  0.8580036
 1189.1 1190.5  0.4564038 16.6765747  0.8580087
 1190.5 1191.9  0.4561706 16.6879520  0.8580136
 1191.9 1193.3  0.4559375 16.6993294  0.8580184
 1193.3 1194.7  0.4557043 16.7107048  0.8580232
 1194.7 1196.2  0.4554711 16.7220802  0.8580281
 1196.2 1197.6  0.4552213 16.7342701  0.8580332
 1197.6 1199.0  0.4549882 16.7456455  0.8580381
 1199.0 1200.5  0.4547549 16.7570229  0.8580428
 1200.5 1201.9  0.4545051 16.7692108  0.8580480
 1201.9 1203.4  0.4542720 16.7805882  0.8580528
 1203.4 1204.8  0.4540221 16.7927780  0.8580580
 1204.8 1206.3  0.4537890 16.8041534  0.8580629
 1206.3 1207.7  0.4535391 16.8163433  0.8580680
 1207.7 1209.2  0.4533060 16.8277187  0.8580728
 1209.2 1210.7  0.4530562 16.8399067  0.8580780
 1210.7 1212.1  0.4528063 16.8520966  0.8580832
 1212.1 1213.6  0.4525732 16.8634739  0.8580880
 1213.6 1215.1  0.4523233 16.8756618  0.8580931
 1215.1 1216.5  0.4520735 16.8878517  0.8580983
 1216.5 1218.0  0.4518403 16.8992271  0.8581032
 1218.0 1219.5  0.4515905 16.9114170  0.8581083
 1219.5 1221.0  0.4513407 16.9236050  0.8581135
 1221.0 1222.5  0.4510909 16.9357948  0.8581187
 1222.5 1224.0  0.4508410 16.9479828  0.8581238
 1224.0 1225.5  0.4505912 16.9601727  0.8581290
 1225.5 1227.0  0.4503414 16.9723606  0.8581342
 1227.0 1228.5  0.4500915 16.9845505  0.8581393
 1228.5 1230.0  0.4498417 16.9967384  0.8581445
 1230.0 1231.5  0.4495919 17.0089283  0.8581496
 1231.5 1233.0  0.4493421 17.0211182  0.8581548
 1233.0 1234.6  0.4490923 17.0333061  0.8581600
 1234.6 1236.1  0.4488258 17.0463085  0.8581655
 1236.1 1237.6  0.4485759 17.0584965  0.8581707
 1237.6 1239.2  0.4483261 17.0706863  0.8581758
 1239.2 1240.7  0.4480596 17.0836868  0.8581814
 1240.7 1242.2  0.4478098 17.0958767  0.8581865
 1242.2 1243.8  0.4475600 17.1080647  0.8581917
 1243.8 1245.3  0.4472935 17.1210670  0.8581972
 1245.3 1246.9  0.4470437 17.1332569  0.8582023
 1246.9 1248.4  0.4467772 17.1462574  0.8582079
 1248.4 1250.0  0.4465274 17.1584473  0.8582131
 1250.0 1251.6  0.4462609 17.1714478  0.8582186
 1251.6 1253.1  0.4459944 17.1844501  0.8582241
 1253.1 1254.7  0.4457446 17.1966381  0.8582292
 1254.7 1256.3  0.4454781 17.2096405  0.8582348
 1256.3 1257.9  0.4452116 17.2226429  0.8582402
 1257.9 1259.4  0.4449452 17.2356434  0.8582458
 1259.4 1261.0  0.4446953 17.2478333  0.8582509
 1261.0 1262.6  0.4444289 17.2608337  0.8582565
 1262.6 1264.2  0.4441624 17.2738361  0.8582619
 1264.2 1265.8  0.4438959 17.2868366  0.8582675
 1265.8 1267.4  0.4436294 17.2998390  0.8582730
 1267.4 1269.0  0.4433629 17.3128395  0.8582785
 1269.0 1270.6  0.4430965 17.3258419  0.8582840
 1270.6 1272.3  0.4428300 17.3388424  0.8582895
 1272.3 1273.9  0.4425468 17.3526573  0.8582954
 1273.9 1275.5  0.4422804 17.3656597  0.8583009
 1275.5 1277.1  0.4420139 17.3786602  0.8583064
 1277.1 1278.8  0.4417474 17.3916626  0.8583119
 1278.8 1280.4  0.4414642 17.4054775  0.8583178
 1280.4 1282.1  0.4411978 17.4184780  0.8583233
 1282.1 1283.7  0.4409146 17.4322929  0.8583291
 1283.7 1285.3  0.4406482 17.4452934  0.8583347
 1285.3 1287.0  0.4403817 17.4582958  0.8583401
 1287.0 1288.7  0.4400985 17.4721088  0.8583460
 1288.7 1290.3  0.4398154 17.4859238  0.8583519
 1290.3 1292.0  0.4395489 17.4989262  0.8583574
 1292.0 1293.7  0.4392658 17.5127392  0.8583633
 1293.7 1295.3  0.4389827 17.5265541  0.8583691
 1295.3 1297.0  0.4387162 17.5395565  0.8583746
 1297.0 1298.7  0.4384331 17.5533695  0.8583805
 1298.7 1300.4  0.4381499 17.5671825  0.8583863
 1300.4 1302.1  0.4378887 17.5799885  0.8583868
 1302.1 1303.8  0.4376986 17.5895157  0.8583697
 1303.8 1305.5  0.4375085 17.5990429  0.8583527
 1305.5 1307.2  0.4373184 17.6085682  0.8583356
 1307.2 1308.9  0.4371284 17.6180954  0.8583185
 1308.9 1310.6  0.4369383 17.6276226  0.8583014
 1310.6 1312.3  0.4367482 17.6371479  0.8582844
 1312.3 1314.1  0.4365582 17.6466751  0.8582672
 1314.1 1315.8  0.4363569 17.6567631  0.8582492
 1315.8 1317.5  0.4361668 17.6662884  0.8582321
 1317.5 1319.3  0.4359767 17.6758156  0.8582150
 1319.3 1321.0  0.4357755 17.6859035  0.8581970
 1321.0 1322.8  0.4355854 17.6954288  0.8581799
 1322.8 1324.5  0.4353842 17.7055168  0.8581618
 1324.5 1326.3  0.4351941 17.7150421  0.8581447
 1326.3 1328.0  0.4349928 17.7251301  0.8581266
 1328.0 1329.8  0.4348028 17.7346573  0.8581095
 1329.8 1331.6  0.4346015 17.7447433  0.8580915
 1331.6 1333.3  0.4344003 17.7548313  0.8580734
 1333.3 1335.1  0.4342102 17.7643585  0.8580563
 1335.1 1336.9  0.4340090 17.7744446  0.8580382
 1336.9 1338.7  0.4338077 17.7845306  0.8580202
 1338.7 1340.5  0.4336064 17.7946186  0.8580021
 1340.5 1342.3  0.4334052 17.8047047  0.8579840
 1342.3 1344.1  0.4332039 17.8147926  0.8579659
 1344.1 1345.9  0.4330027 17.8248787  0.8579478
 1345.9 1347.7  0.4328014 17.8349667  0.8579298
 1347.7 1349.5  0.4326002 17.8450527  0.8579117
 1349.5 1351.4  0.4323989 17.8551407  0.8578936
 1351.4 1353.2  0.4322000 17.8652020  0.8578644
 1353.2 1355.0  0.4320162 17.8745346  0.8578332
 1355.0 1356.9  0.4318323 17.8838692  0.8578021
 1356.9 1358.7  0.4316382 17.8937206  0.8577693
 1358.7 1360.5  0.4314544 17.9030533  0.8577381
 1360.5 1362.4  0.4312706 17.9123859  0.8577070
 1362.4 1364.3  0.4310765 17.9222374  0.8576741
 1364.3 1366.1  0.4308824 17.9320908  0.8576412
 1366.1 1368.0  0.4306986 17.9414234  0.8576101
 1368.0 1369.9  0.4305045 17.9512749  0.8575773
 1369.9 1371.7  0.4303105 17.9611263  0.8575444
 1371.7 1373.6  0.4301266 17.9704590  0.8575132
 1373.6 1375.5  0.4299326 17.9803123  0.8574804
 1375.5 1377.4  0.4297385 17.9901638  0.8574475
 1377.4 1379.3  0.4295444 18.0000153  0.8574147
 1379.3 1381.2  0.4293503 18.0098667  0.8573818
 1381.2 1383.1  0.4291563 18.0197182  0.8573489
 1383.1 1385.0  0.4289622 18.0295696  0.8573161
 1385.0 1387.0  0.4287682 18.0394211  0.8572832
 1387.0 1388.9  0.4285639 18.0497932  0.8572486
 1388.9 1390.8  0.4283698 18.0596447  0.8572158
 1390.8 1392.8  0.4281758 18.0694962  0.8571829
 1392.8 1394.7  0.4279715 18.0798664  0.8571483
 1394.7 1396.6  0.4277774 18.0897179  0.8571154
 1396.6 1398.6  0.4275834 18.0995693  0.8570826
 1398.6 1400.6  0.4273791 18.1099396  0.8570480
 1400.6 1402.5  0.4271802 18.1200619  0.8570095
 1402.5 1404.5  0.4270031 18.1291256  0.8569642
 1404.5 1406.5  0.4268166 18.1386662  0.8569165
 1406.5 1408.5  0.4266302 18.1482067  0.8568689
 1408.5 1410.4  0.4264438 18.1577473  0.8568212
 1410.4 1412.4  0.4262666 18.1668110  0.8567759
 1412.4 1414.4  0.4260802 18.1763515  0.8567283
 1414.4 1416.4  0.4258938 18.1858921  0.8566806
 1416.4 1418.4  0.4257073 18.1954327  0.8566329
 1418.4 1420.5  0.4255209 18.2049732  0.8565853
 1420.5 1422.5  0.4253251 18.2149906  0.8565353
 1422.5 1424.5  0.4251387 18.2245312  0.8564876
 1424.5 1426.5  0.4249523 18.2340717  0.8564399
 1426.5 1428.6  0.4247658 18.2436142  0.8563923
 1428.6 1430.6  0.4245701 18.2536316  0.8563422
 1430.6 1432.7  0.4243836 18.2631721  0.8562946
 1432.7 1434.7  0.4241879 18.2731895  0.8562445
 1434.7 1436.8  0.4240015 18.2827301  0.8561968
 1436.8 1438.8  0.4238057 18.2927475  0.8561468
 1438.8 1440.9  0.4236192 18.3022881  0.8560991
 1440.9 1443.0  0.4234235 18.3123074  0.8560491
 1443.0 1445.1  0.4232277 18.3223248  0.8559991
 1445.1 1447.2  0.4230320 18.3323421  0.8559490
 1447.2 1449.3  0.4228362 18.3423595  0.8558990
 1449.3 1451.4  0.4226404 18.3523769  0.8558489
 1451.4 1453.5  0.4224562 18.3618164  0.8557906
 1453.5 1455.6  0.4222778 18.3709641  0.8557282
 1455.6 1457.7  0.4220993 18.3801136  0.8556658
 1457.7 1459.9  0.4219208 18.3892612  0.8556035
 1459.9 1462.0  0.4217339 18.3988457  0.8555381
 1462.0 1464.1  0.4215554 18.4079933  0.8554757
 1464.1 1466.3  0.4213770 18.4171429  0.8554133
 1466.3 1468.4  0.4211900 18.4267273  0.8553479
 1468.4 1470.6  0.4210115 18.4358749  0.8552855
 1470.6 1472.8  0.4208246 18.4454594  0.8552201
 1472.8 1474.9  0.4206376 18.4550438  0.8551548
 1474.9 1477.1  0.4204592 18.4641933  0.8550923
 1477.1 1479.3  0.4202722 18.4737759  0.8550270
 1479.3 1481.5  0.4200852 18.4833603  0.8549616
 1481.5 1483.7  0.4198983 18.4929447  0.8548962
 1483.7 1485.9  0.4197113 18.5025291  0.8548309
 1485.9 1488.1  0.4195243 18.5121136  0.8547655
 1488.1 1490.3  0.4193374 18.5216980  0.8547001
 1490.3 1492.5  0.4191504 18.5312824  0.8546348
 1492.5 1494.8  0.4189635 18.5408669  0.8545694
 1494.8 1497.0  0.4187680 18.5508862  0.8545011
 1497.0 1499.3  0.4185811 18.5604706  0.8544357
 1499.3 1501.5  0.4183856 18.5704899  0.8543674
 1501.5 1503.8  0.4182101 18.5794506  0.8542941
 1503.8 1506.0  0.4180321 18.5885124  0.8542137
 1506.0 1508.3  0.4178619 18.5971813  0.8541367
 1508.3 1510.6  0.4176840 18.6062431  0.8540562
 1510.6 1512.9  0.4175060 18.6153049  0.8539758
 1512.9 1515.2  0.4173281 18.6243687  0.8538954
 1515.2 1517.5  0.4171501 18.6334305  0.8538149
 1517.5 1519.8  0.4169722 18.6424942  0.8537345
 1519.8 1522.1  0.4167942 18.6515560  0.8536540
 1522.1 1524.4  0.4166163 18.6606178  0.8535736
 1524.4 1526.7  0.4164384 18.6696815  0.8534932
 1526.7 1529.1  0.4162604 18.6787434  0.8534127
 1529.1 1531.4  0.4160748 18.6882000  0.8533288
 1531.4 1533.7  0.4158968 18.6972618  0.8532483
 1533.7 1536.1  0.4157189 18.7063236  0.8531678
 1536.1 1538.5  0.4155332 18.7157803  0.8530839
 1538.5 1540.8  0.4153475 18.7252369  0.8529999
 1540.8 1543.2  0.4151696 18.7343006  0.8529195
 1543.2 1545.6  0.4149839 18.7437553  0.8528355
 1545.6 1548.0  0.4147982 18.7532120  0.8527516
 1548.0 1550.4  0.4146125 18.7626686  0.8526677
 1550.4 1552.8  0.4144297 18.7719574  0.8525819
 1552.8 1555.2  0.4142610 18.7804012  0.8524866
 1555.2 1557.6  0.4140922 18.7888451  0.8523914
 1557.6 1560.1  0.4139235 18.7972889  0.8522962
 1560.1 1562.5  0.4137478 18.8060856  0.8521970
 1562.5 1564.9  0.4135790 18.8145294  0.8521018
 1564.9 1567.4  0.4134103 18.8229733  0.8520066
 1567.4 1569.9  0.4132345 18.8317699  0.8519074
 1569.9 1572.3  0.4130588 18.8405666  0.8518082
 1572.3 1574.8  0.4128901 18.8490105  0.8517130
 1574.8 1577.3  0.4127143 18.8578072  0.8516138
 1577.3 1579.8  0.4125386 18.8666019  0.8515146
 1579.8 1582.3  0.4123628 18.8753986  0.8514154
 1582.3 1584.8  0.4121870 18.8841953  0.8513162
 1584.8 1587.3  0.4120113 18.8929901  0.8512170
 1587.3 1589.8  0.4118355 18.9017868  0.8511178
 1589.8 1592.4  0.4116598 18.9105835  0.8510187
 1592.4 1594.9  0.4114770 18.9197311  0.8509156
 1594.9 1597.4  0.4113013 18.9285259  0.8508164
 1597.4 1600.0  0.4111255 18.9373226  0.8507172
 1600.0 1602.6  0.4109427 18.9464703  0.8506140
 1602.6 1605.1  0.4107779 18.9545116  0.8504990
 1605.1 1607.7  0.4106194 18.9622440  0.8503885
 1607.7 1610.3  0.4104547 18.9702854  0.8502735
 1610.3 1612.9  0.4102899 18.9783268  0.8501586
 1612.9 1615.5  0.4101250 18.9863682  0.8500437
 1615.5 1618.1  0.4099602 18.9944096  0.8499287
 1618.1 1620.7  0.4097955 19.0024509  0.8498137
 1620.7 1623.4  0.4096307 19.0104923  0.8496988
 1623.4 1626.0  0.4094595 19.0188427  0.8495794
 1626.0 1628.7  0.4092947 19.0268841  0.8494644
 1628.7 1631.3  0.4091236 19.0352345  0.8493450
 1631.3 1634.0  0.4089588 19.0432758  0.8492301
 1634.0 1636.7  0.4087876 19.0516262  0.8491107
 1636.7 1639.3  0.4086165 19.0599766  0.8489913
 1639.3 1642.0  0.4084517 19.0680199  0.8488764
 1642.0 1644.7  0.4082806 19.0763702  0.8487570
 1644.7 1647.4  0.4081094 19.0847206  0.8486376
 1647.4 1650.2  0.4079383 19.0930710  0.8485183
 1650.2 1652.9  0.4077623 19.1016464  0.8483934
 1652.9 1655.6  0.4076118 19.1088619  0.8482598
 1655.6 1658.4  0.4074613 19.1160755  0.8481263
 1658.4 1661.1  0.4073052 19.1235580  0.8479878
 1661.1 1663.9  0.4071546 19.1307735  0.8478542
 1663.9 1666.7  0.4069985 19.1382542  0.8477157
 1666.7 1669.4  0.4068424 19.1457367  0.8475772
 1669.4 1672.2  0.4066918 19.1529522  0.8474436
 1672.2 1675.0  0.4065357 19.1604328  0.8473051
 1675.0 1677.9  0.4063796 19.1679153  0.8471667
 1677.9 1680.7  0.4062180 19.1756649  0.8470232
 1680.7 1683.5  0.4060619 19.1831455  0.8468847
 1683.5 1686.3  0.4059057 19.1906281  0.8467461
 1686.3 1689.2  0.4057496 19.1981106  0.8466077
 1689.2 1692.0  0.4055879 19.2058601  0.8464642
 1692.0 1694.9  0.4054318 19.2133408  0.8463257
 1694.9 1697.8  0.4052701 19.2210903  0.8461822
 1697.8 1700.7  0.4051085 19.2288399  0.8460388
 1700.7 1703.6  0.4049620 19.2358570  0.8459041
 1703.6 1706.5  0.4048634 19.2405758  0.8457970
 1706.5 1709.4  0.4047648 19.2452946  0.8456899
 1709.4 1712.3  0.4046662 19.2500134  0.8455828
 1712.3 1715.3  0.4045677 19.2547321  0.8454756
 1715.3 1718.2  0.4044657 19.2596149  0.8453648
 1718.2 1721.2  0.4043671 19.2643337  0.8452577
 1721.2 1724.1  0.4042651 19.2692146  0.8451469
 1724.1 1727.1  0.4041665 19.2739334  0.8450398
 1727.1 1730.1  0.4040645 19.2788143  0.8449290
 1730.1 1733.1  0.4039626 19.2836971  0.8448181
 1733.1 1736.1  0.4038606 19.2885780  0.8447073
 1736.1 1739.1  0.4037586 19.2934589  0.8445965
 1739.1 1742.2  0.4036566 19.2983418  0.8444857
 1742.2 1745.2  0.4035513 19.3033848  0.8443712
 1745.2 1748.3  0.4034493 19.3082676  0.8442604
 1748.3 1751.3  0.4033439 19.3133106  0.8441458
 1751.3 1754.4  0.4032419 19.3181934  0.8440350
 1754.4 1757.5  0.4031329 19.3234253  0.8439118
 1757.5 1760.6  0.4029992 19.3299236  0.8437295
 1760.6 1763.7  0.4028655 19.3364239  0.8435473
 1763.7 1766.8  0.4027318 19.3429241  0.8433650
 1766.8 1769.9  0.4025982 19.3494225  0.8431827
 1769.9 1773.0  0.4024645 19.3559227  0.8430005
 1773.0 1776.2  0.4023408 19.3620338  0.8428106
 1776.2 1779.4  0.4022134 19.3683281  0.8426142
 1779.4 1782.5  0.4020860 19.3746223  0.8424180
 1782.5 1785.7  0.4019626 19.3807201  0.8422278
 1785.7 1788.9  0.4018353 19.3870144  0.8420315
 1788.9 1792.1  0.4017179 19.3929329  0.8418274
 1792.1 1795.3  0.4016016 19.3988132  0.8416225
 1795.3 1798.6  0.4014852 19.4046917  0.8414175
 1798.6 1801.8  0.4013653 19.4107571  0.8412061
 1801.8 1805.1  0.4012490 19.4166355  0.8410012
 1805.1 1808.3  0.4011374 19.4224529  0.8407742
 1808.3 1811.6  0.4010297 19.4280796  0.8405532
 1811.6 1814.9  0.4009187 19.4338799  0.8403252
 1814.9 1818.2  0.4008076 19.4396820  0.8400972
 1818.2 1821.5  0.4006976 19.4454460  0.8398691
 1821.5 1824.8  0.4006027 19.4506340  0.8396378
 1824.8 1828.2  0.4005079 19.4558201  0.8394065
 1828.2 1831.5  0.4004101 19.4611664  0.8391683
 1831.5 1834.9  0.4003153 19.4663525  0.8389370
 1834.9 1838.2  0.4002176 19.4716988  0.8386988
 1838.2 1841.6  0.4001361 19.4764481  0.8384568
 1841.6 1845.0  0.4000526 19.4813290  0.8382071
 1845.0 1848.4  0.3999691 19.4862099  0.8379575
 1848.4 1851.9  0.3998855 19.4910908  0.8377078
 1851.9 1855.3  0.3997996 19.4961147  0.8374508
 1855.3 1858.7  0.3997289 19.5006542  0.8371817
 1858.7 1862.2  0.3996586 19.5051861  0.8369119
 1862.2 1865.7  0.3995863 19.5098495  0.8366343
 1865.7 1869.2  0.3995139 19.5145130  0.8363566
 1869.2 1872.7  0.3994426 19.5191402  0.8360786
 1872.7 1876.2  0.3993888 19.5231781  0.8357955
 1876.2 1879.7  0.3993349 19.5272141  0.8355123
 1879.7 1883.2  0.3992810 19.5312519  0.8352292
 1883.2 1886.8  0.3992271 19.5352898  0.8349460
 1886.8 1890.4  0.3991717 19.5394421  0.8346547
 1890.4 1893.9  0.3991333 19.5431004  0.8343495
 1893.9 1897.5  0.3990970 19.5466290  0.8340518
 1897.5 1901.1  0.3990596 19.5502586  0.8337457
 1901.1 1904.8  0.3990222 19.5538883  0.8334395
 1904.8 1908.4  0.3989838 19.5576191  0.8331249
 1908.4 1912.0  0.3989642 19.5608215  0.8327951
 1912.0 1915.7  0.3989457 19.5639954  0.8324640
 1915.7 1919.4  0.3989268 19.5672607  0.8321236
 1919.4 1923.1  0.3989078 19.5705242  0.8317832
 1923.1 1926.8  0.3988894 19.5737705  0.8314427
 1926.8 1930.5  0.3988917 19.5763893  0.8310942
 1930.5 1934.2  0.3988940 19.5790100  0.8307457
 1934.2 1938.0  0.3988963 19.5816288  0.8303972
 1938.0 1941.7  0.3988987 19.5843182  0.8300393
 1941.7 1945.5  0.3989010 19.5869389  0.8296909
 1945.5 1949.3  0.3989243 19.5890865  0.8293154
 1949.3 1953.1  0.3989494 19.5911865  0.8289383
 1953.1 1956.9  0.3989746 19.5932884  0.8285612
 1956.9 1960.8  0.3989997 19.5953884  0.8281842
 1960.8 1964.6  0.3990255 19.5975456  0.8277972
 1964.6 1968.5  0.3990733 19.5991421  0.8273916
 1968.5 1972.4  0.3991237 19.6007538  0.8269737
 1972.4 1976.3  0.3991741 19.6023636  0.8265558
 1976.3 1980.2  0.3992245 19.6039753  0.8261379
 1980.2 1984.1  0.3992758 19.6055584  0.8257195
 1984.1 1988.1  0.3993451 19.6066246  0.8252935
 1988.1 1992.0  0.3994162 19.6077175  0.8248565
 1992.0 1996.0  0.3994855 19.6087837  0.8244303
 1996.0 2000.0  0.3995565 19.6098766  0.8239933
 2000.0 2004.0  0.3996276 19.6109695  0.8235563
 2004.0 2008.0  0.3997181 19.6116524  0.8230895
 2008.0 2012.1  0.3998086 19.6123371  0.8226228
 2012.1 2016.1  0.3999014 19.6130371  0.8221443
 2016.1 2020.2  0.3999919 19.6137218  0.8216776
 2020.2 2024.3  0.4000852 19.6144047  0.8211989
 2024.3 2028.4  0.4001885 19.6147747  0.8207155
 2028.4 2032.5  0.4002919 19.6151428  0.8202322
 2032.5 2036.7  0.4003953 19.6155109  0.8197488
 2036.7 2040.8  0.4005012 19.6158886  0.8192536
 2040.8 2045.0  0.4006046 19.6162586  0.8187702
 2045.0 2049.2  0.4007186 19.6164436  0.8182605
 2049.2 2053.4  0.4008330 19.6166191  0.8177500
 2053.4 2057.6  0.4009474 19.6167946  0.8172396
 2057.6 2061.9  0.4010618 19.6169701  0.8167291
 2061.9 2066.1  0.4011790 19.6171494  0.8162066
 2066.1 2070.4  0.4012994 19.6172581  0.8156710
 2070.4 2074.7  0.4014229 19.6173668  0.8151219
 2074.7 2079.0  0.4015464 19.6174755  0.8145730
 2079.0 2083.3  0.4016698 19.6175861  0.8140240
 2083.3 2087.7  0.4017932 19.6177006  0.8134742
 2087.7 2092.1  0.4019171 19.6178875  0.8129011
 2092.1 2096.4  0.4020410 19.6180763  0.8123280
 2096.4 2100.8  0.4021622 19.6182594  0.8117679
 2100.8 2105.3  0.4022862 19.6184464  0.8111948
 2105.3 2109.7  0.4024122 19.6186543  0.8106089
 2109.7 2114.2  0.4025251 19.6190662  0.8100392
 2114.2 2118.6  0.4026406 19.6194878  0.8094566
 2118.6 2123.1  0.4027536 19.6198997  0.8088869
 2123.1 2127.7  0.4028690 19.6203194  0.8083043
 2127.7 2132.2  0.4029871 19.6207504  0.8077087
 2132.2 2136.8  0.4030885 19.6215496  0.8071195
 2136.8 2141.3  0.4031911 19.6223946  0.8065167
 2141.3 2145.9  0.4032915 19.6232204  0.8059270
 2145.9 2150.5  0.4033941 19.6240635  0.8053243
 2150.5 2155.2  0.4034967 19.6249084  0.8047215
 2155.2 2159.8  0.4035844 19.6264381  0.8040656
 2159.8 2164.5  0.4036681 19.6280136  0.8034189
 2164.5 2169.2  0.4037537 19.6296234  0.8027582
 2169.2 2173.9  0.4038393 19.6312332  0.8020974
 2173.9 2178.6  0.4039249 19.6328430  0.8014367
 2178.6 2183.4  0.4039729 19.6349354  0.8008611
 2183.4 2188.2  0.4040210 19.6370831  0.8002751
 2188.2 2193.0  0.4040692 19.6392326  0.7996892
 2193.0 2197.8  0.4041173 19.6413803  0.7991033
 2197.8 2202.6  0.4041655 19.6435280  0.7985173
 2202.6 2207.5  0.4041934 19.6464958  0.7978827
 2207.5 2212.4  0.4042044 19.6502323  0.7971928
 2212.4 2217.3  0.4042155 19.6539688  0.7965028
 2217.3 2222.2  0.4042265 19.6577053  0.7958128
 2222.2 2227.2  0.4042354 19.6614876  0.7951244
 2227.2 2232.1  0.4041951 19.6664543  0.7944577
 2232.1 2237.1  0.4041557 19.6713238  0.7938045
 2237.1 2242.2  0.4041154 19.6762905  0.7931379
 2242.2 2247.2  0.4040743 19.6813564  0.7924580
 2247.2 2252.3  0.4040316 19.6863842  0.7917923
 2252.3 2257.3  0.4039282 19.6929932  0.7911356
 2257.3 2262.4  0.4038268 19.6994705  0.7904918
 2262.4 2267.6  0.4037234 19.7060795  0.7898350
 2267.6 2272.7  0.4036179 19.7128181  0.7891654
 2272.7 2277.9  0.4035145 19.7194252  0.7885087
 2277.9 2283.1  0.4033328 19.7282124  0.7878411
 2283.1 2288.3  0.4031465 19.7371235  0.7871736
 2288.3 2293.6  0.4029602 19.7460365  0.7865061
 2293.6 2298.9  0.4027703 19.7551193  0.7858257
 2298.9 2304.1  0.4025804 19.7642021  0.7851454
 2304.1 2309.5  0.4023111 19.7751865  0.7845089
 2309.5 2314.8  0.4020298 19.7866344  0.7838486
 2314.8 2320.2  0.4017536 19.7978725  0.7832005
 2320.2 2325.6  0.4014723 19.8093204  0.7825403
 2325.6 2331.0  0.4011909 19.8207684  0.7818799
 2331.0 2336.4  0.4008039 19.8350239  0.7812322
 2336.4 2341.9  0.4004084 19.8495026  0.7805856
 2341.9 2347.4  0.4000055 19.8642502  0.7799269
 2347.4 2352.9  0.3996027 19.8789978  0.7792683
 2352.9 2358.5  0.3991998 19.8937454  0.7786096
 2358.5 2364.1  0.3986693 19.9119129  0.7779722
 2364.1 2369.7  0.3981366 19.9301357  0.7773355
 2369.7 2375.3  0.3976040 19.9483604  0.7766988
 2375.3 2381.0  0.3970713 19.9665833  0.7760621
 2381.0 2386.6  0.3965291 19.9851322  0.7754140
 2386.6 2392.3  0.3959107 20.0058517  0.7748324
 2392.3 2398.1  0.3952813 20.0269413  0.7742404
 2398.1 2403.8  0.3946409 20.0484009  0.7736381
 2403.8 2409.6  0.3940115 20.0694904  0.7730461
 2409.6 2415.5  0.3933711 20.0909500  0.7724438
 2415.5 2421.3  0.3926811 20.1148758  0.7718830
 2421.3 2427.2  0.3920001 20.1385479  0.7713354
 2427.2 2433.1  0.3913074 20.1626263  0.7707784
 2433.1 2439.0  0.3906146 20.1867046  0.7702213
 2439.0 2445.0  0.3899218 20.2107830  0.7696642
 2445.0 2451.0  0.3892784 20.2356548  0.7691866
 2451.0 2457.0  0.3886349 20.2605267  0.7687089
 2457.0 2463.1  0.3879914 20.2854004  0.7682312
 2463.1 2469.1  0.3873372 20.3106861  0.7677455
 2469.1 2475.2  0.3866964 20.3355389  0.7672697
 2475.2 2481.4  0.3862047 20.3595867  0.7668990
 2481.4 2487.6  0.3857049 20.3840275  0.7665223
 2487.6 2493.8  0.3852050 20.4084721  0.7661456
 2493.8 2500.0  0.3847052 20.4329128  0.7657689
 2500.0 2506.3  0.3842054 20.4573555  0.7653921
 2506.3 2512.6  0.3839771 20.4787979  0.7651572
 2512.6 2518.9  0.3837487 20.5002384  0.7649221
 2518.9 2525.3  0.3835204 20.5216808  0.7646872
 2525.3 2531.6  0.3832884 20.5434628  0.7644485
 2531.6 2538.1  0.3830601 20.5649033  0.7642135
 2538.1 2544.5  0.3832061 20.5824852  0.7641361
 2544.5 2551.0  0.3833744 20.5995026  0.7640706
 2551.0 2557.5  0.3835454 20.6167850  0.7640041
 2557.5 2564.1  0.3837163 20.6340694  0.7639375
 2564.1 2570.7  0.3838986 20.6515064  0.7638732
 2570.7 2577.3  0.3846408 20.6616383  0.7640252
 2577.3 2584.0  0.3853831 20.6717701  0.7641772
 2584.0 2590.7  0.3861366 20.6820564  0.7643315
 2590.7 2597.4  0.3868901 20.6923428  0.7644858
 2597.4 2604.2  0.3876834 20.7020302  0.7646546
 2604.2 2611.0  0.3891242 20.7023029  0.7650568
 2611.0 2617.8  0.3905651 20.7025738  0.7654592
 2617.8 2624.7  0.3920059 20.7028465  0.7658615
 2624.7 2631.6  0.3934678 20.7031212  0.7662696
 2631.6 2638.5  0.3949299 20.7033978  0.7666779
 2638.5 2645.5  0.3971596 20.6927795  0.7673354
 2645.5 2652.5  0.3994696 20.6813278  0.7680179
 2652.5 2659.6  0.4017796 20.6698761  0.7687005
 2659.6 2666.7  0.4041226 20.6582623  0.7693929
 2666.7 2673.8  0.4064656 20.6466465  0.7700852
 2673.8 2681.0  0.4095318 20.6240940  0.7709773
 2681.0 2688.2  0.4126734 20.6007366  0.7718908
 2688.2 2695.4  0.4158151 20.5773773  0.7728042
 2695.4 2702.7  0.4189568 20.5540180  0.7737177
 2702.7 2710.0  0.4221421 20.5303345  0.7746439
 2710.0 2717.4  0.4259845 20.4962158  0.7757039
 2717.4 2724.8  0.4299079 20.4611759  0.7767842
 2724.8 2732.2  0.4338316 20.4261341  0.7778645
 2732.2 2739.7  0.4377550 20.3910942  0.7789448
 2739.7 2747.3  0.4417316 20.3555813  0.7800397
 2747.3 2754.8  0.4463491 20.3096161  0.7812078
 2754.8 2762.4  0.4509295 20.2638512  0.7823629
 2762.4 2770.1  0.4555710 20.2174778  0.7835335
 2770.1 2777.8  0.4602737 20.1704922  0.7847195
 2777.8 2785.5  0.4649763 20.1235085  0.7859054
 2785.5 2793.3  0.4701762 20.0672531  0.7870619
 2793.3 2801.1  0.4754573 20.0100155  0.7882327
 2801.1 2809.0  0.4807383 19.9527798  0.7894036
 2809.0 2816.9  0.4860868 19.8948097  0.7905894
 2816.9 2824.9  0.4914354 19.8368397  0.7917752
 2824.9 2832.9  0.4973309 19.7685356  0.7928533
 2832.9 2840.9  0.5032325 19.7001114  0.7939299
 2840.9 2849.0  0.5091341 19.6316853  0.7950065
 2849.0 2857.1  0.5151095 19.5624046  0.7960965
 2857.1 2865.3  0.5210866 19.4930496  0.7971832
 2865.3 2873.6  0.5272722 19.4168873  0.7980093
 2873.6 2881.8  0.5335333 19.3397942  0.7988456
 2881.8 2890.2  0.5397189 19.2636337  0.7996718
 2890.2 2898.6  0.5460553 19.1856136  0.8005181
 2898.6 2907.0  0.5523919 19.1075916  0.8013644
 2907.0 2915.5  0.5590201 19.0211830  0.8018550
 2915.5 2924.0  0.5657420 18.9333210  0.8023334
 2924.0 2932.6  0.5724638 18.8454571  0.8028117
 2932.6 2941.2  0.5792649 18.7565594  0.8032957
 2941.2 2949.9  0.5860641 18.6675663  0.8037692
 2949.9 2958.6  0.5928741 18.5734005  0.8038006
 2958.6 2967.4  0.5996844 18.4792309  0.8038321
 2967.4 2976.2  0.6065725 18.3839836  0.8038639
 2976.2 2985.1  0.6134609 18.2887325  0.8038957
 2985.1 2994.0  0.6204271 18.1923504  0.8039230
 2994.0 3003.0  0.6273485 18.0915852  0.8035330
 3003.0 3012.0  0.6343478 17.9896870  0.8031384
 3012.0 3021.1  0.6413470 17.8877869  0.8027440
 3021.1 3030.3  0.6484241 17.7847557  0.8023451
 3030.3 3039.5  0.6555676 17.6806030  0.8019312
 3039.5 3048.8  0.6623794 17.5767174  0.8012011
 3048.8 3058.1  0.6692652 17.4717007  0.8004631
 3058.1 3067.5  0.6761510 17.3666840  0.7997251
 3067.5 3076.9  0.6831108 17.2605400  0.7989792
 3076.9 3086.4  0.6900706 17.1543980  0.7982332
 3086.4 3096.0  0.6967390 17.0480175  0.7972353
 3096.0 3105.6  0.7034736 16.9405270  0.7962241
 3105.6 3115.3  0.7102083 16.8330364  0.7952129
 3115.3 3125.0  0.7170130 16.7244263  0.7941913
 3125.0 3134.8  0.7238177 16.6158180  0.7931696
 3134.8 3144.7  0.7299371 16.5134697  0.7920395
 3144.7 3154.6  0.7361190 16.4100780  0.7908978
 3154.6 3164.6  0.7423009 16.3066826  0.7897561
 3164.6 3174.6  0.7485452 16.2022457  0.7886029
 3174.6 3184.7  0.7547896 16.0978088  0.7874497
 3184.7 3194.9  0.7603014 16.0007381  0.7862914
 3194.9 3205.1  0.7658348 15.9030552  0.7851219
 3205.1 3215.4  0.7713683 15.8053713  0.7839524
 3215.4 3225.8  0.7769558 15.7067327  0.7827715
 3225.8 3236.2  0.7825217 15.6080227  0.7815883
 3236.2 3246.8  0.7871746 15.5199957  0.7805149
 3246.8 3257.3  0.7919170 15.4302731  0.7794209
 3257.3 3268.0  0.7966146 15.3413982  0.7783372
 3268.0 3278.7  0.8014017 15.2508316  0.7772329
 3278.7 3289.5  0.8058479 15.1642389  0.7761834
 3289.5 3300.3  0.8096849 15.0844250  0.7752288
 3300.3 3311.3  0.8135217 15.0046110  0.7742742
 3311.3 3322.3  0.8174297 14.9233198  0.7733019
 3322.3 3333.3  0.8213376 14.8420286  0.7723296
 3333.3 3344.5  0.8246038 14.7675943  0.7714629
 3344.5 3355.7  0.8277168 14.6940784  0.7706153
 3355.7 3367.0  0.8308299 14.6205626  0.7697676
 3367.0 3378.4  0.8339707 14.5463896  0.7689125
 3378.4 3389.8  0.8367785 14.4783249  0.7681345
 3389.8 3401.4  0.8387372 14.4261751  0.7675560
 3401.4 3413.0  0.8407302 14.3731117  0.7669672
 3413.0 3424.7  0.8427233 14.3200474  0.7663785
 3424.7 3436.4  0.8447335 14.2665262  0.7657847
 3436.4 3448.3  0.8493870 14.1029730  0.7641537
 3448.3 3460.2  0.8541908 13.9336748  0.7624669
 3460.2 3472.2  0.8561972 13.8509560  0.7617018
 3472.2 3484.3  0.8577503 13.7820911  0.7610852
 3484.3 3496.5  0.8593163 13.7126522  0.7604634
 3496.5 3508.8  0.8608954 13.6426411  0.7598364
 3508.8 3521.1  0.8624874 13.5720539  0.7592043
 3521.1 3533.6  0.8640794 13.5014677  0.7585723
 3533.6 3546.1  0.8656972 13.4297342  0.7579299
 3546.1 3558.7  0.8673151 13.3580008  0.7572876
 3558.7 3571.4  0.8686392 13.2840624  0.7567000
 3571.4 3584.2  0.8698355 13.2087994  0.7561349
 3584.2 3597.1  0.8710411 13.1329432  0.7555654
 3597.1 3610.1  0.8722562 13.0564947  0.7549914
 3610.1 3623.2  0.8734807 12.9794540  0.7544129
 3623.2 3636.4  0.8747146 12.9018211  0.7538300
 3636.4 3649.6  0.8759579 12.8235950  0.7532427
 3649.6 3663.0  0.8772013 12.7453680  0.7526553
 3663.0 3676.5  0.8782018 12.6643362  0.7521436
 3676.5 3690.0  0.8792017 12.5826483  0.7516307
 3690.0 3703.7  0.8802016 12.5009604  0.7511178
 3703.7 3717.5  0.8812163 12.4180622  0.7505972
 3717.5 3731.3  0.8822384 12.3345594  0.7500729
 3731.3 3745.3  0.8832605 12.2510557  0.7495486
 3745.3 3759.4  0.8842975 12.1663427  0.7490167
 3759.4 3773.6  0.8852577 12.0811081  0.7485455
 3773.6 3787.9  0.8861824 11.9953098  0.7481034
 3787.9 3802.3  0.8871137 11.9089098  0.7476583
 3802.3 3816.8  0.8880514 11.8219023  0.7472100
 3816.8 3831.4  0.8889956 11.7342930  0.7467586
 3831.4 3846.2  0.8899464 11.6460791  0.7463041
 3846.2 3861.0  0.8909102 11.5566559  0.7458434
 3861.0 3876.0  0.8918503 11.4686270  0.7454559
 3876.0 3891.1  0.8927947 11.3798962  0.7450887
 3891.1 3906.2  0.8937455 11.2905731  0.7447191
 3906.2 3921.6  0.8946962 11.2012510  0.7443495
 3921.6 3937.0  0.8956659 11.1101532  0.7439726
 3937.0 3952.6  0.8966355 11.0190573  0.7435957
 3952.6 3968.3  0.8976154 10.9273653  0.7432284
 3968.3 3984.1  0.8985891 10.8380527  0.7429321
 3984.1 4000.0  0.8995691 10.7481699  0.7426339
 4000.0 4016.1  0.9005553 10.6577187  0.7423339
 4016.1 4032.3  0.9015539 10.5661297  0.7420300
 4032.3 4048.6  0.9025587 10.4739723  0.7417243
 4048.6 4065.0  0.9035696 10.3812456  0.7414166
 4065.0 4081.6  0.9045621 10.2925463  0.7411730
 4081.6 4098.4  0.9055644 10.2031984  0.7409327
 4098.4 4115.2  0.9065787 10.1127758  0.7406895
 4115.2 4132.2  0.9075930 10.0223503  0.7404462
 4132.2 4149.4  0.9086193  9.9308500  0.7402000
 4149.4 4166.7  0.9096578  9.8382750  0.7399510
 4166.7 4184.1  0.9106597  9.7506199  0.7397572
 4184.1 4201.7  0.9116658  9.6626577  0.7395644
 4201.7 4219.4  0.9126835  9.5736837  0.7393693
 4219.4 4237.3  0.9137070  9.4842062  0.7391732
 4237.3 4255.3  0.9147420  9.3937168  0.7389748
 4255.3 4273.5  0.9157636  9.3043232  0.7387890
 4273.5 4291.8  0.9167498  9.2178144  0.7386342
 4291.8 4310.3  0.9177414  9.1308327  0.7384784
 4310.3 4329.0  0.9187438  9.0428991  0.7383211
 4329.0 4347.8  0.9197571  8.9540138  0.7381620
 4347.8 4366.8  0.9207758  8.8646555  0.7380020
 4366.8 4386.0  0.9217293  8.7789803  0.7378722
 4386.0 4405.3  0.9226828  8.6930161  0.7377452
 4405.3 4424.8  0.9236413  8.6066055  0.7376176
 4424.8 4444.4  0.9246097  8.5192995  0.7374886
 4444.4 4464.3  0.9255830  8.4315443  0.7373589
 4464.3 4484.3  0.9265063  8.3459835  0.7372480
 4484.3 4504.5  0.9274086  8.2613831  0.7371447
 4504.5 4524.9  0.9283201  8.1759357  0.7370403
 4524.9 4545.5  0.9292404  8.0896444  0.7369349
 4545.5 4566.2  0.9301699  8.0025063  0.7368284
 4566.2 4587.2  0.9310402  7.9184756  0.7367407
 4587.2 4608.3  0.9319052  7.8342237  0.7366571
 4608.3 4629.6  0.9327742  7.7495723  0.7365732
 4629.6 4651.2  0.9336516  7.6641154  0.7364884
 4651.2 4672.9  0.9345373  7.5776896  0.7364036
 4672.9 4694.8  0.9353585  7.4948525  0.7363384
 4694.8 4717.0  0.9361872  7.4112511  0.7362725
 4717.0 4739.3  0.9370273  7.3265033  0.7362058
 4739.3 4761.9  0.9378712  7.2413754  0.7361387
 4761.9 4784.7  0.9386922  7.1572099  0.7360802
 4784.7 4807.7  0.9394895  7.0742121  0.7360297
 4807.7 4830.9  0.9402937  6.9904871  0.7359789
 4830.9 4854.4  0.9411050  6.9060354  0.7359276
 4854.4 4878.0  0.9419158  6.8212180  0.7358784
 4878.0 4902.0  0.9426823  6.7392120  0.7358412
 4902.0 4926.1  0.9434618  6.6558166  0.7358034
 4926.1 4950.5  0.9442446  6.5720730  0.7357655
 4950.5 4975.1  0.9450361  6.4873672  0.7357273
 4975.1 5000.0  0.9457815  6.4057913  0.7357008
 5000.0 5025.1  0.9465359  6.3232212  0.7356741
 5025.1 5050.5  0.9472965  6.2399874  0.7356472
 5050.5 5076.1  0.9480652  6.1558375  0.7356201
 5076.1 5102.0  0.9487911  6.0749655  0.7356024
 5102.0 5128.2  0.9495256  5.9931459  0.7355846
 5128.2 5154.6  0.9502686  5.9103780  0.7355665
 5154.6 5181.3  0.9510091  5.8277164  0.7355495
 5181.3 5208.3  0.9517192  5.7476478  0.7355383
 5208.3 5235.6  0.9524372  5.6666789  0.7355270
 5235.6 5263.2  0.9531633  5.5848098  0.7355156
 5263.2 5291.0  0.9538757  5.5042639  0.7355064
 5291.0 5319.1  0.9545696  5.4255781  0.7354995
 5319.1 5347.6  0.9552709  5.3460417  0.7354926
 5347.6 5376.3  0.9559822  5.2653742  0.7354857
 5376.3 5405.4  0.9566573  5.1889234  0.7354807
 5405.4 5434.8  0.9573380  5.1118488  0.7354759
 5434.8 5464.5  0.9580258  5.0339804  0.7354710
 5464.5 5494.5  0.9586982  4.9582300  0.7354659
 5494.5 5524.9  0.9593537  4.8848004  0.7354605
 5524.9 5555.6  0.9600180  4.8103919  0.7354551
 5555.6 5586.6  0.9606804  4.7364631  0.7354491
 5586.6 5618.0  0.9613106  4.6673069  0.7354407
 5618.0 5649.7  0.9619489  4.5972590  0.7354323
 5649.7 5681.8  0.9625933  4.5265412  0.7354237
 5681.8 5714.3  0.9632018  4.4614725  0.7354113
 5714.3 5747.1  0.9638175  4.3956547  0.7353987
 5747.1 5780.3  0.9644389  4.3292284  0.7353860
 5780.3 5814.0  0.9650326  4.2672272  0.7353699
 5814.0 5848.0  0.9656318  4.2047992  0.7353533
 5848.0 5882.4  0.9662364  4.1418161  0.7353365
 5882.4 5917.2  0.9668171  4.0826707  0.7353167
 5917.2 5952.4  0.9674026  4.0231233  0.7352965
 5952.4 5988.0  0.9679930  3.9631665  0.7352759
 5988.0 6024.1  0.9685643  3.9063199  0.7352526
 6024.1 6060.6  0.9691435  3.8486750  0.7352290
 6060.6 6097.6  0.9697225  3.7913549  0.7352044
 6097.6 6135.0  0.9702930  3.7356358  0.7351778
 6135.0 6172.8  0.9708697  3.6793141  0.7351509
 6172.8 6211.2  0.9714411  3.6239934  0.7351224
 6211.2 6250.0  0.9720141  3.5688646  0.7350928
 6250.0 6289.3  0.9725931  3.5131626  0.7350628
 6289.3 6329.1  0.9731647  3.4587822  0.7350307
 6329.1 6369.4  0.9737435  3.4037094  0.7349981
 6369.4 6410.3  0.9743243  3.3486264  0.7349643
 6410.3 6451.6  0.9749081  3.2934682  0.7349292
 6451.6 6493.5  0.9754971  3.2378008  0.7348937
 6493.5 6535.9  0.9760877  3.1821079  0.7348562
 6535.9 6578.9  0.9766854  3.1257503  0.7348182
 6578.9 6622.5  0.9772890  3.0687208  0.7347788
 6622.5 6666.7  0.9778998  3.0109575  0.7347385
 6666.7 6711.4  0.9785191  2.9522223  0.7346971
 6711.4 6756.8  0.9791455  2.8925288  0.7346544
 6756.8 6802.7  0.9797822  2.8317285  0.7346108
 6802.7 6849.3  0.9804294  2.7692728  0.7345657
 6849.3 6896.6  0.9810864  2.7058659  0.7345200
 6896.6 6944.4  0.9817585  2.6400466  0.7344720
 6944.4 6993.0  0.9824377  2.5735102  0.7344236
 6993.0 7042.3  0.9831299  2.5048604  0.7343722
 7042.3 7092.2  0.9838322  2.4350903  0.7343197
 7092.2 7142.9  0.9845399  2.3640749  0.7342638
 7142.9 7194.2  0.9852581  2.2918484  0.7342066
 7194.2 7246.4  0.9859759  2.2189589  0.7341444
 7246.4 7299.3  0.9867048  2.1448226  0.7340804
 7299.3 7352.9  0.9874272  2.0705891  0.7340099
 7352.9 7407.4  0.9881566  1.9955338  0.7339375
 7407.4 7462.7  0.9888740  1.9209003  0.7338563
 7462.7 7518.8  0.9895941  1.8457813  0.7337716
 7518.8 7575.8  0.9902979  1.7716537  0.7336777
 7575.8 7633.6  0.9909924  1.6980132  0.7335766
 7633.6 7692.3  0.9916716  1.6253952  0.7334670
 7692.3 7751.9  0.9923195  1.5551989  0.7333443
 7751.9 7812.5  0.9929585  1.4855248  0.7332146
 7812.5 7874.0  0.9935369  1.4208745  0.7330636
 7874.0 7936.5  0.9940884  1.3583946  0.7329009
 7936.5 8000.0  0.9945922  1.2998698  0.7327208
 8000.0 8064.5  0.9950145  1.2483780  0.7325143
 8064.5 8130.1  0.9953874  1.2010639  0.7322899
 8130.1 8196.7  0.9956569  1.1627733  0.7320331
 8196.7 8264.5  0.9958091  1.1347927  0.7317411
 8264.5 8333.3  0.9958662  1.1151011  0.7314186
 8333.3 8403.4  0.9957557  1.1102904  0.7310478
 8403.4 8474.6  0.9954441  1.1233575  0.7306188
 8474.6 8547.0  0.9950644  1.1423370  0.7301669
 8547.0 8620.7  0.9946783  1.1616367  0.7297074
 8620.7 8695.7  0.9942853  1.1812828  0.7292396
 8695.7 8771.9  0.9938853  1.2012755  0.7287635
 8771.9 8849.6  0.9934790  1.2215880  0.7282799
 8849.6 8928.6  0.9930646  1.2423003  0.7277867
 8928.6 9009.0  0.9926434  1.2633592  0.7272853
 9009.0 9090.9  0.9922146  1.2847914  0.7267749
 9090.9 9174.3  0.9917778  1.3066235  0.7262551
 9174.3 9259.3  0.9913331  1.3288552  0.7257257
 9259.3 9345.8  0.9908798  1.3515135  0.7251862
 9345.8 9434.0  0.9904185  1.3745717  0.7246372
 9434.0 9523.8  0.9899482  1.3980831  0.7240773
 9523.8 9615.4  0.9894692  1.4220209  0.7235073
 9615.4 9708.7  0.9889808  1.4464388  0.7229260
 9708.7 9803.9  0.9884832  1.4713095  0.7223337
 9803.9 9901.0  0.9879755  1.4966869  0.7217295
 9901.0 9911.0  0.9874577  1.5225706  0.7211131
