 1176.5 1177.9  0.4243139 18.9570637  0.8888047
 1177.9 1179.2  0.4240844 18.9707355  0.8888168
 1179.2 1180.6  0.4238713 18.9834328  0.8888280
 1180.6 1182.0  0.4236419 18.9971046  0.8888401
 1182.0 1183.4  0.4234124 19.0107784  0.8888522
 1183.4 1184.8  0.4231828 19.0244522  0.8888643
 1184.8 1186.2  0.4229534 19.0381260  0.8888763
 1186.2 1187.6  0.4227239 19.0517979  0.8888884
 1187.6 1189.1  0.4224944 19.0654697  0.8889005
 1189.1 1190.5  0.4222485 19.0801201  0.8889135
 1190.5 1191.9  0.4220190 19.0937939  0.8889256
 1191.9 1193.3  0.4217895 19.1074677  0.8889376
 1193.3 1194.7  0.4215600 19.1211395  0.8889497
 1194.7 1196.2  0.4213305 19.1348114  0.8889618
 1196.2 1197.6  0.4210847 19.1494617  0.8889747
 1197.6 1199.0  0.4208552 19.1631355  0.8889868
 1199.0 1200.5  0.4206257 19.1768093  0.8889989
 1200.5 1201.9  0.4203798 19.1914577  0.8890119
 1201.9 1203.4  0.4201503 19.2051315  0.8890239
 1203.4 1204.8  0.4199044 19.2197819  0.8890369
 1204.8 1206.3  0.4196749 19.2334538  0.8890489
 1206.3 1207.7  0.4194290 19.2481041  0.8890619
 1207.7 1209.2  0.4191996 19.2617760  0.8890740
 1209.2 1210.7  0.4189537 19.2764263  0.8890869
 1210.7 1212.1  0.4187078 19.2910748  0.8890999
 1212.1 1213.6  0.4184783 19.3047485  0.8891119
 1213.6 1215.1  0.4182324 19.3193989  0.8891249
 1215.1 1216.5  0.4179865 19.3340473  0.8891379
 1216.5 1218.0  0.4177570 19.3477211  0.8891499
 1218.0 1219.5  0.4175111 19.3623714  0.8891629
 1219.5 1221.0  0.4172653 19.3770218  0.8891758
 1221.0 1222.5  0.4170194 19.3916702  0.8891888
 1222.5 1224.0  0.4167735 19.4063206  0.8892017
 1224.0 1225.5  0.4165276 19.4209709  0.8892146
 1225.5 1227.0  0.4162817 19.4356194  0.8892276
 1227.0 1228.5  0.4160358 19.4502697  0.8892406
 1228.5 1230.0  0.4157900 19.4649200  0.8892535
 1230.0 1231.5  0.4155441 19.4795685  0.8892664
 1231.5 1233.0  0.4152982 19.4942188  0.8892794
 1233.0 1234.6  0.4150523 19.5088673  0.8892924
 1234.6 1236.1  0.4147900 19.5244942  0.8893061
 1236.1 1237.6  0.4145442 19.5391445  0.8893191
 1237.6 1239.2  0.4142983 19.5537930  0.8893321
 1239.2 1240.7  0.4140360 19.5694199  0.8893458
 1240.7 1242.2  0.4137901 19.5840702  0.8893588
 1242.2 1243.8  0.4135442 19.5987186  0.8893718
 1243.8 1245.3  0.4132819 19.6143456  0.8893855
 1245.3 1246.9  0.4130360 19.6289959  0.8893985
 1246.9 1248.4  0.4127738 19.6446228  0.8894123
 1248.4 1250.0  0.4125279 19.6592712  0.8894252
 1250.0 1251.6  0.4122656 19.6748981  0.8894390
 1251.6 1253.1  0.4120034 19.6905251  0.8894529
 1253.1 1254.7  0.4117575 19.7051735  0.8894658
 1254.7 1256.3  0.4114952 19.7208004  0.8894796
 1256.3 1257.9  0.4112329 19.7364273  0.8894934
 1257.9 1259.4  0.4109706 19.7520542  0.8895072
 1259.4 1261.0  0.4107248 19.7667027  0.8895202
 1261.0 1262.6  0.4104625 19.7823296  0.8895340
 1262.6 1264.2  0.4102002 19.7979546  0.8895478
 1264.2 1265.8  0.4099379 19.8135815  0.8895616
 1265.8 1267.4  0.4096757 19.8292084  0.8895754
 1267.4 1269.0  0.4094134 19.8448353  0.8895893
 1269.0 1270.6  0.4091511 19.8604603  0.8896030
 1270.6 1272.3  0.4088888 19.8760872  0.8896168
 1272.3 1273.9  0.4086102 19.8926907  0.8896315
 1273.9 1275.5  0.4083479 19.9083176  0.8896453
 1275.5 1277.1  0.4080856 19.9239426  0.8896591
 1277.1 1278.8  0.4078233 19.9395695  0.8896729
 1278.8 1280.4  0.4075447 19.9561729  0.8896876
 1280.4 1282.1  0.4072824 19.9717979  0.8897014
 1282.1 1283.7  0.4070037 19.9884014  0.8897161
 1283.7 1285.3  0.4067414 20.0040283  0.8897299
 1285.3 1287.0  0.4064792 20.0196552  0.8897437
 1287.0 1288.7  0.4062005 20.0362568  0.8897584
 1288.7 1290.3  0.4059218 20.0528603  0.8897731
 1290.3 1292.0  0.4056596 20.0684872  0.8897868
 1292.0 1293.7  0.4053809 20.0850887  0.8898016
 1293.7 1295.3  0.4051022 20.1016922  0.8898162
 1295.3 1297.0  0.4048399 20.1173191  0.8898300
 1297.0 1298.7  0.4045613 20.1339226  0.8898447
 1298.7 1300.4  0.4042826 20.1505241  0.8898594
 1300.4 1302.1  0.4040253 20.1659069  0.8898693
 1302.1 1303.8  0.4038377 20.1773167  0.8898640
 1303.8 1305.5  0.4036500 20.1887283  0.8898587
 1305.5 1307.2  0.4034623 20.2001381  0.8898534
 1307.2 1308.9  0.4032746 20.2115498  0.8898482
 1308.9 1310.6  0.4030869 20.2229614  0.8898429
 1310.6 1312.3  0.4028992 20.2343712  0.8898376
 1312.3 1314.1  0.4027115 20.2457829  0.8898323
 1314.1 1315.8  0.4025128 20.2578640  0.8898267
 1315.8 1317.5  0.4023251 20.2692757  0.8898214
 1317.5 1319.3  0.4021374 20.2806854  0.8898160
 1319.3 1321.0  0.4019386 20.2927685  0.8898104
 1321.0 1322.8  0.4017510 20.3041782  0.8898051
 1322.8 1324.5  0.4015522 20.3162613  0.8897995
 1324.5 1326.3  0.4013645 20.3276711  0.8897942
 1326.3 1328.0  0.4011658 20.3397541  0.8897886
 1328.0 1329.8  0.4009781 20.3511639  0.8897833
 1329.8 1331.6  0.4007793 20.3632469  0.8897777
 1331.6 1333.3  0.4005806 20.3753281  0.8897721
 1333.3 1335.1  0.4003929 20.3867397  0.8897668
 1335.1 1336.9  0.4001942 20.3988209  0.8897612
 1336.9 1338.7  0.3999954 20.4109039  0.8897556
 1338.7 1340.5  0.3997967 20.4229851  0.8897500
 1340.5 1342.3  0.3995980 20.4350681  0.8897444
 1342.3 1344.1  0.3993993 20.4471512  0.8897388
 1344.1 1345.9  0.3992005 20.4592323  0.8897331
 1345.9 1347.7  0.3990018 20.4713154  0.8897275
 1347.7 1349.5  0.3988031 20.4833965  0.8897219
 1349.5 1351.4  0.3986043 20.4954777  0.8897163
 1351.4 1353.2  0.3984077 20.5075169  0.8897027
 1353.2 1355.0  0.3982259 20.5186806  0.8896871
 1355.0 1356.9  0.3980441 20.5298443  0.8896716
 1356.9 1358.7  0.3978522 20.5416279  0.8896552
 1358.7 1360.5  0.3976704 20.5527916  0.8896396
 1360.5 1362.4  0.3974887 20.5639553  0.8896241
 1362.4 1364.3  0.3972968 20.5757389  0.8896077
 1364.3 1366.1  0.3971049 20.5875244  0.8895912
 1366.1 1368.0  0.3969231 20.5986862  0.8895757
 1368.0 1369.9  0.3967312 20.6104717  0.8895593
 1369.9 1371.7  0.3965393 20.6222553  0.8895429
 1371.7 1373.6  0.3963575 20.6334171  0.8895273
 1373.6 1375.5  0.3961656 20.6452026  0.8895109
 1375.5 1377.4  0.3959737 20.6569862  0.8894945
 1377.4 1379.3  0.3957818 20.6687698  0.8894781
 1379.3 1381.2  0.3955899 20.6805534  0.8894616
 1381.2 1383.1  0.3953981 20.6923370  0.8894452
 1383.1 1385.0  0.3952062 20.7041206  0.8894288
 1385.0 1387.0  0.3950143 20.7159042  0.8894124
 1387.0 1388.9  0.3948123 20.7283096  0.8893951
 1388.9 1390.8  0.3946204 20.7400932  0.8893787
 1390.8 1392.8  0.3944285 20.7518768  0.8893623
 1392.8 1394.7  0.3942265 20.7642803  0.8893450
 1394.7 1396.6  0.3940346 20.7760639  0.8893286
 1396.6 1398.6  0.3938427 20.7878475  0.8893122
 1398.6 1400.6  0.3936407 20.8002529  0.8892949
 1400.6 1402.5  0.3934440 20.8123569  0.8892747
 1402.5 1404.5  0.3932688 20.8231907  0.8892489
 1404.5 1406.5  0.3930843 20.8345966  0.8892217
 1406.5 1408.5  0.3928998 20.8460026  0.8891945
 1408.5 1410.4  0.3927154 20.8574066  0.8891674
 1410.4 1412.4  0.3925402 20.8682423  0.8891416
 1412.4 1414.4  0.3923557 20.8796463  0.8891145
 1414.4 1416.4  0.3921713 20.8910522  0.8890873
 1416.4 1418.4  0.3919868 20.9024563  0.8890601
 1418.4 1420.5  0.3918024 20.9138622  0.8890330
 1420.5 1422.5  0.3916087 20.9258366  0.8890045
 1422.5 1424.5  0.3914243 20.9372425  0.8889773
 1424.5 1426.5  0.3912398 20.9486485  0.8889502
 1426.5 1428.6  0.3910554 20.9600525  0.8889230
 1428.6 1430.6  0.3908617 20.9720287  0.8888945
 1430.6 1432.7  0.3906772 20.9834328  0.8888674
 1432.7 1434.7  0.3904836 20.9954090  0.8888389
 1434.7 1436.8  0.3902991 21.0068130  0.8888117
 1436.8 1438.8  0.3901055 21.0187893  0.8887832
 1438.8 1440.9  0.3899210 21.0301952  0.8887560
 1440.9 1443.0  0.3897273 21.0421696  0.8887275
 1443.0 1445.1  0.3895337 21.0541458  0.8886990
 1445.1 1447.2  0.3893400 21.0661201  0.8886705
 1447.2 1449.3  0.3891463 21.0780945  0.8886420
 1449.3 1451.4  0.3889526 21.0900707  0.8886135
 1451.4 1453.5  0.3887705 21.1013565  0.8885788
 1453.5 1455.6  0.3885940 21.1122990  0.8885411
 1455.6 1457.7  0.3884176 21.1232395  0.8885034
 1457.7 1459.9  0.3882411 21.1341801  0.8884657
 1459.9 1462.0  0.3880562 21.1456432  0.8884262
 1462.0 1464.1  0.3878798 21.1565838  0.8883885
 1464.1 1466.3  0.3877034 21.1675243  0.8883507
 1466.3 1468.4  0.3875185 21.1789875  0.8883112
 1468.4 1470.6  0.3873420 21.1899281  0.8882735
 1470.6 1472.8  0.3871572 21.2013893  0.8882340
 1472.8 1474.9  0.3869723 21.2128525  0.8881945
 1474.9 1477.1  0.3867959 21.2237930  0.8881568
 1477.1 1479.3  0.3866110 21.2352562  0.8881173
 1479.3 1481.5  0.3864262 21.2467175  0.8880777
 1481.5 1483.7  0.3862413 21.2581806  0.8880382
 1483.7 1485.9  0.3860565 21.2696419  0.8879988
 1485.9 1488.1  0.3858716 21.2811050  0.8879592
 1488.1 1490.3  0.3856868 21.2925663  0.8879197
 1490.3 1492.5  0.3855019 21.3040295  0.8878802
 1492.5 1494.8  0.3853171 21.3154907  0.8878407
 1494.8 1497.0  0.3851238 21.3274746  0.8877994
 1497.0 1499.3  0.3849390 21.3389359  0.8877599
 1499.3 1501.5  0.3847457 21.3509197  0.8877186
 1501.5 1503.8  0.3845724 21.3616486  0.8876733
 1503.8 1506.0  0.3843968 21.3725052  0.8876230
 1506.0 1508.3  0.3842289 21.3828907  0.8875750
 1508.3 1510.6  0.3840533 21.3937492  0.8875248
 1510.6 1512.9  0.3838778 21.4046078  0.8874747
 1512.9 1515.2  0.3837022 21.4154644  0.8874244
 1515.2 1517.5  0.3835267 21.4263229  0.8873742
 1517.5 1519.8  0.3833511 21.4371815  0.8873240
 1519.8 1522.1  0.3831756 21.4480381  0.8872738
 1522.1 1524.4  0.3830000 21.4588966  0.8872236
 1524.4 1526.7  0.3828245 21.4697552  0.8871734
 1526.7 1529.1  0.3826489 21.4806118  0.8871232
 1529.1 1531.4  0.3824657 21.4919415  0.8870708
 1531.4 1533.7  0.3822901 21.5028000  0.8870206
 1533.7 1536.1  0.3821146 21.5136566  0.8869705
 1536.1 1538.5  0.3819314 21.5249882  0.8869181
 1538.5 1540.8  0.3817482 21.5363178  0.8868657
 1540.8 1543.2  0.3815726 21.5471764  0.8868155
 1543.2 1545.6  0.3813894 21.5585041  0.8867631
 1545.6 1548.0  0.3812062 21.5698357  0.8867107
 1548.0 1550.4  0.3810230 21.5811653  0.8866583
 1550.4 1552.8  0.3808428 21.5922985  0.8866046
 1552.8 1555.2  0.3806770 21.6024532  0.8865440
 1555.2 1557.6  0.3805112 21.6126060  0.8864836
 1557.6 1560.1  0.3803454 21.6227608  0.8864231
 1560.1 1562.5  0.3801727 21.6333370  0.8863600
 1562.5 1564.9  0.3800069 21.6434917  0.8862995
 1564.9 1567.4  0.3798411 21.6536465  0.8862389
 1567.4 1569.9  0.3796684 21.6642227  0.8861759
 1569.9 1572.3  0.3794957 21.6747990  0.8861129
 1572.3 1574.8  0.3793299 21.6849537  0.8860523
 1574.8 1577.3  0.3791572 21.6955299  0.8859893
 1577.3 1579.8  0.3789845 21.7061081  0.8859262
 1579.8 1582.3  0.3788118 21.7166843  0.8858632
 1582.3 1584.8  0.3786391 21.7272625  0.8858001
 1584.8 1587.3  0.3784664 21.7378387  0.8857371
 1587.3 1589.8  0.3782937 21.7484150  0.8856741
 1589.8 1592.4  0.3781210 21.7589931  0.8856110
 1592.4 1594.9  0.3779414 21.7699928  0.8855454
 1594.9 1597.4  0.3777687 21.7805691  0.8854824
 1597.4 1600.0  0.3775960 21.7911472  0.8854194
 1600.0 1602.6  0.3774164 21.8021469  0.8853538
 1602.6 1605.1  0.3772554 21.8118668  0.8852798
 1605.1 1607.7  0.3771005 21.8212128  0.8852086
 1607.7 1610.3  0.3769394 21.8309326  0.8851346
 1610.3 1612.9  0.3767784 21.8406525  0.8850605
 1612.9 1615.5  0.3766173 21.8503723  0.8849866
 1615.5 1618.1  0.3764563 21.8600922  0.8849126
 1618.1 1620.7  0.3762952 21.8698120  0.8848385
 1620.7 1623.4  0.3761342 21.8795319  0.8847645
 1623.4 1626.0  0.3759669 21.8896255  0.8846877
 1626.0 1628.7  0.3758059 21.8993454  0.8846136
 1628.7 1631.3  0.3756386 21.9094391  0.8845367
 1631.3 1634.0  0.3754776 21.9191589  0.8844627
 1634.0 1636.7  0.3753103 21.9292526  0.8843859
 1636.7 1639.3  0.3751431 21.9393463  0.8843090
 1639.3 1642.0  0.3749820 21.9490662  0.8842350
 1642.0 1644.7  0.3748147 21.9591599  0.8841581
 1644.7 1647.4  0.3746475 21.9692535  0.8840812
 1647.4 1650.2  0.3744802 21.9793472  0.8840044
 1650.2 1652.9  0.3743083 21.9897156  0.8839239
 1652.9 1655.6  0.3741619 21.9984760  0.8838367
 1655.6 1658.4  0.3740155 22.0072365  0.8837494
 1658.4 1661.1  0.3738637 22.0163212  0.8836589
 1661.1 1663.9  0.3737173 22.0250816  0.8835717
 1663.9 1666.7  0.3735655 22.0341644  0.8834811
 1666.7 1669.4  0.3734136 22.0432491  0.8833907
 1669.4 1672.2  0.3732672 22.0520096  0.8833034
 1672.2 1675.0  0.3731154 22.0610943  0.8832129
 1675.0 1677.9  0.3729635 22.0701790  0.8831224
 1677.9 1680.7  0.3728063 22.0795879  0.8830287
 1680.7 1683.5  0.3726545 22.0886726  0.8829382
 1683.5 1686.3  0.3725026 22.0977573  0.8828477
 1686.3 1689.2  0.3723508 22.1068420  0.8827572
 1689.2 1692.0  0.3721935 22.1162510  0.8826635
 1692.0 1694.9  0.3720417 22.1253357  0.8825731
 1694.9 1697.8  0.3718845 22.1347446  0.8824793
 1697.8 1700.7  0.3717272 22.1441536  0.8823856
 1700.7 1703.6  0.3715848 22.1526756  0.8822974
 1703.6 1706.5  0.3714891 22.1584167  0.8822265
 1706.5 1709.4  0.3713935 22.1641560  0.8821557
 1709.4 1712.3  0.3712978 22.1698971  0.8820848
 1712.3 1715.3  0.3712022 22.1756363  0.8820140
 1715.3 1718.2  0.3711032 22.1815739  0.8819407
 1718.2 1721.2  0.3710075 22.1873150  0.8818699
 1721.2 1724.1  0.3709086 22.1932526  0.8817966
 1724.1 1727.1  0.3708129 22.1989937  0.8817257
 1727.1 1730.1  0.3707139 22.2049313  0.8816525
 1730.1 1733.1  0.3706150 22.2108688  0.8815792
 1733.1 1736.1  0.3705160 22.2168064  0.8815058
 1736.1 1739.1  0.3704171 22.2227440  0.8814326
 1739.1 1742.2  0.3703181 22.2286835  0.8813593
 1742.2 1745.2  0.3702159 22.2348194  0.8812835
 1745.2 1748.3  0.3701169 22.2407570  0.8812103
 1748.3 1751.3  0.3700146 22.2468929  0.8811345
 1751.3 1754.4  0.3699157 22.2528305  0.8810613
 1754.4 1757.5  0.3698099 22.2591953  0.8809795
 1757.5 1760.6  0.3696802 22.2670975  0.8808575
 1760.6 1763.7  0.3695505 22.2749977  0.8807354
 1763.7 1766.8  0.3694208 22.2828999  0.8806134
 1766.8 1769.9  0.3692911 22.2908020  0.8804913
 1769.9 1773.0  0.3691614 22.2987041  0.8803692
 1773.0 1776.2  0.3690412 22.3061256  0.8802413
 1776.2 1779.4  0.3689175 22.3137684  0.8801090
 1779.4 1782.5  0.3687938 22.3214111  0.8799767
 1782.5 1785.7  0.3686740 22.3288136  0.8798485
 1785.7 1788.9  0.3685503 22.3364563  0.8797162
 1788.9 1792.1  0.3684362 22.3436298  0.8795779
 1792.1 1795.3  0.3683230 22.3507557  0.8794389
 1795.3 1798.6  0.3682099 22.3578815  0.8792999
 1798.6 1801.8  0.3680932 22.3652287  0.8791566
 1801.8 1805.1  0.3679801 22.3723545  0.8790176
 1805.1 1808.3  0.3678713 22.3793812  0.8788627
 1808.3 1811.6  0.3677662 22.3861752  0.8787118
 1811.6 1814.9  0.3676580 22.3931808  0.8785563
 1814.9 1818.2  0.3675497 22.4001865  0.8784006
 1818.2 1821.5  0.3674423 22.4071465  0.8782449
 1821.5 1824.8  0.3673494 22.4133816  0.8780860
 1824.8 1828.2  0.3672565 22.4196167  0.8779272
 1828.2 1831.5  0.3671607 22.4260406  0.8777635
 1831.5 1834.9  0.3670678 22.4322758  0.8776047
 1834.9 1838.2  0.3669721 22.4386997  0.8774410
 1838.2 1841.6  0.3668917 22.4443722  0.8772738
 1841.6 1845.0  0.3668093 22.4502010  0.8771012
 1845.0 1848.4  0.3667269 22.4560280  0.8769286
 1848.4 1851.9  0.3666445 22.4618549  0.8767561
 1851.9 1855.3  0.3665597 22.4678535  0.8765784
 1855.3 1858.7  0.3664892 22.4732265  0.8763912
 1858.7 1862.2  0.3664191 22.4785862  0.8762035
 1862.2 1865.7  0.3663469 22.4841022  0.8760103
 1865.7 1869.2  0.3662747 22.4896202  0.8758171
 1869.2 1872.7  0.3662035 22.4950905  0.8756236
 1872.7 1876.2  0.3661486 22.4998035  0.8754253
 1876.2 1879.7  0.3660937 22.5045166  0.8752271
 1879.7 1883.2  0.3660388 22.5092297  0.8750288
 1883.2 1886.8  0.3659840 22.5139427  0.8748305
 1886.8 1890.4  0.3659275 22.5187912  0.8746266
 1890.4 1893.9  0.3658869 22.5229855  0.8744116
 1893.9 1897.5  0.3658483 22.5270271  0.8742019
 1897.5 1901.1  0.3658086 22.5311832  0.8739862
 1901.1 1904.8  0.3657689 22.5353394  0.8737705
 1904.8 1908.4  0.3657281 22.5396118  0.8735489
 1908.4 1912.0  0.3657047 22.5431786  0.8733152
 1912.0 1915.7  0.3656824 22.5467110  0.8730804
 1915.7 1919.4  0.3656593 22.5503426  0.8728392
 1919.4 1923.1  0.3656363 22.5539742  0.8725979
 1923.1 1926.8  0.3656138 22.5575809  0.8723565
 1926.8 1930.5  0.3656105 22.5603657  0.8721080
 1930.5 1934.2  0.3656073 22.5631485  0.8718594
 1934.2 1938.0  0.3656040 22.5659313  0.8716109
 1938.0 1941.7  0.3656006 22.5687904  0.8713557
 1941.7 1945.5  0.3655974 22.5715752  0.8711072
 1945.5 1949.3  0.3656132 22.5736961  0.8708379
 1949.3 1953.1  0.3656307 22.5757561  0.8705674
 1953.1 1956.9  0.3656483 22.5778160  0.8702969
 1956.9 1960.8  0.3656658 22.5798740  0.8700264
 1960.8 1964.6  0.3656838 22.5819874  0.8697488
 1964.6 1968.5  0.3657219 22.5833359  0.8694563
 1968.5 1972.4  0.3657623 22.5846806  0.8691548
 1972.4 1976.3  0.3658026 22.5860233  0.8688534
 1976.3 1980.2  0.3658430 22.5873680  0.8685520
 1980.2 1984.1  0.3658842 22.5886745  0.8682501
 1984.1 1988.1  0.3659421 22.5892944  0.8679414
 1988.1 1992.0  0.3660013 22.5899315  0.8676247
 1992.0 1996.0  0.3660592 22.5905533  0.8673159
 1996.0 2000.0  0.3661184 22.5911903  0.8669993
 2000.0 2004.0  0.3661777 22.5918274  0.8666826
 2004.0 2008.0  0.3662547 22.5918827  0.8663431
 2008.0 2012.1  0.3663316 22.5919380  0.8660036
 2012.1 2016.1  0.3664104 22.5919952  0.8656555
 2016.1 2020.2  0.3664874 22.5920506  0.8653160
 2020.2 2024.3  0.3665667 22.5920849  0.8649678
 2024.3 2028.4  0.3666555 22.5917091  0.8646150
 2028.4 2032.5  0.3667442 22.5913334  0.8642623
 2032.5 2036.7  0.3668329 22.5909576  0.8639096
 2036.7 2040.8  0.3669238 22.5905743  0.8635483
 2040.8 2045.0  0.3670126 22.5901985  0.8631955
 2045.0 2049.2  0.3671110 22.5895500  0.8628227
 2049.2 2053.4  0.3672097 22.5888901  0.8624493
 2053.4 2057.6  0.3673085 22.5882301  0.8620759
 2057.6 2061.9  0.3674072 22.5875702  0.8617025
 2061.9 2066.1  0.3675084 22.5868950  0.8613202
 2066.1 2070.4  0.3676126 22.5861244  0.8609276
 2070.4 2074.7  0.3677194 22.5853310  0.8605253
 2074.7 2079.0  0.3678262 22.5845375  0.8601229
 2079.0 2083.3  0.3679330 22.5837460  0.8597206
 2083.3 2087.7  0.3680397 22.5829601  0.8593176
 2087.7 2092.1  0.3681469 22.5822544  0.8588970
 2092.1 2096.4  0.3682542 22.5815487  0.8584763
 2096.4 2100.8  0.3683589 22.5808582  0.8580652
 2100.8 2105.3  0.3684662 22.5801525  0.8576446
 2105.3 2109.7  0.3685752 22.5794544  0.8572146
 2109.7 2114.2  0.3686725 22.5790806  0.8567961
 2114.2 2118.6  0.3687721 22.5786972  0.8563681
 2118.6 2123.1  0.3688695 22.5783234  0.8559496
 2123.1 2127.7  0.3689691 22.5779419  0.8555216
 2127.7 2132.2  0.3690709 22.5775509  0.8550841
 2132.2 2136.8  0.3691577 22.5776901  0.8546510
 2136.8 2141.3  0.3692455 22.5778675  0.8542080
 2141.3 2145.9  0.3693314 22.5780430  0.8537747
 2145.9 2150.5  0.3694192 22.5782223  0.8533316
 2150.5 2155.2  0.3695071 22.5784016  0.8528886
 2155.2 2159.8  0.3695808 22.5794430  0.8524066
 2159.8 2164.5  0.3696511 22.5805626  0.8519313
 2164.5 2169.2  0.3697230 22.5817051  0.8514457
 2169.2 2173.9  0.3697948 22.5828495  0.8509602
 2173.9 2178.6  0.3698667 22.5839920  0.8504746
 2178.6 2183.4  0.3699051 22.5859394  0.8500518
 2183.4 2188.2  0.3699437 22.5879459  0.8496215
 2188.2 2193.0  0.3699822 22.5899506  0.8491911
 2193.0 2197.8  0.3700208 22.5919571  0.8487607
 2197.8 2202.6  0.3700593 22.5939636  0.8483303
 2202.6 2207.5  0.3700790 22.5970154  0.8478645
 2207.5 2212.4  0.3700828 22.6010323  0.8473583
 2212.4 2217.3  0.3700866 22.6050491  0.8468522
 2217.3 2222.2  0.3700903 22.6090660  0.8463461
 2222.2 2227.2  0.3700922 22.6131477  0.8458411
 2227.2 2232.1  0.3700495 22.6188850  0.8453529
 2232.1 2237.1  0.3700077 22.6245060  0.8448746
 2237.1 2242.2  0.3699650 22.6302433  0.8443864
 2242.2 2247.2  0.3699214 22.6360950  0.8438885
 2247.2 2252.3  0.3698765 22.6419144  0.8434011
 2252.3 2257.3  0.3697762 22.6499043  0.8429213
 2257.3 2262.4  0.3696780 22.6577377  0.8424510
 2262.4 2267.6  0.3695778 22.6657276  0.8419712
 2267.6 2272.7  0.3694756 22.6738739  0.8414820
 2272.7 2277.9  0.3693754 22.6818638  0.8410023
 2277.9 2283.1  0.3692037 22.6928005  0.8405161
 2283.1 2288.3  0.3690279 22.7039108  0.8400301
 2288.3 2293.6  0.3688520 22.7150211  0.8395441
 2293.6 2298.9  0.3686727 22.7263432  0.8390487
 2298.9 2304.1  0.3684934 22.7376671  0.8385534
 2304.1 2309.5  0.3682420 22.7516441  0.8380920
 2309.5 2314.8  0.3679795 22.7662163  0.8376134
 2314.8 2320.2  0.3677218 22.7805176  0.8371436
 2320.2 2325.6  0.3674592 22.7950897  0.8366650
 2325.6 2331.0  0.3671966 22.8096619  0.8361863
 2331.0 2336.4  0.3668377 22.8280659  0.8357194
 2336.4 2341.9  0.3664711 22.8467751  0.8352534
 2341.9 2347.4  0.3660976 22.8658333  0.8347787
 2347.4 2352.9  0.3657242 22.8848896  0.8343041
 2352.9 2358.5  0.3653508 22.9039459  0.8338295
 2358.5 2364.1  0.3648608 22.9276619  0.8333735
 2364.1 2369.7  0.3643689 22.9514542  0.8329182
 2369.7 2375.3  0.3638769 22.9752464  0.8324627
 2375.3 2381.0  0.3633849 22.9990406  0.8320073
 2381.0 2386.6  0.3628842 23.0232582  0.8315438
 2386.6 2392.3  0.3623133 23.0503788  0.8311321
 2392.3 2398.1  0.3617322 23.0779819  0.8307130
 2398.1 2403.8  0.3611409 23.1060715  0.8302866
 2403.8 2409.6  0.3605598 23.1336746  0.8298675
 2409.6 2415.5  0.3599685 23.1617641  0.8294411
 2415.5 2421.3  0.3593289 23.1928501  0.8290496
 2421.3 2427.2  0.3586974 23.2235909  0.8286677
 2427.2 2433.1  0.3580551 23.2548599  0.8282793
 2433.1 2439.0  0.3574127 23.2861309  0.8278908
 2439.0 2445.0  0.3567703 23.3174000  0.8275023
 2445.0 2451.0  0.3561670 23.3490734  0.8271771
 2451.0 2457.0  0.3555637 23.3807468  0.8268520
 2457.0 2463.1  0.3549605 23.4124222  0.8265268
 2463.1 2469.1  0.3543471 23.4446239  0.8261962
 2469.1 2475.2  0.3537461 23.4762535  0.8258725
 2475.2 2481.4  0.3532722 23.5057659  0.8256316
 2481.4 2487.6  0.3527906 23.5357647  0.8253868
 2487.6 2493.8  0.3523089 23.5657635  0.8251420
 2493.8 2500.0  0.3518273 23.5957623  0.8248971
 2500.0 2506.3  0.3513456 23.6257591  0.8246523
 2506.3 2512.6  0.3510997 23.6502991  0.8245175
 2512.6 2518.9  0.3508538 23.6748409  0.8243828
 2518.9 2525.3  0.3506079 23.6993790  0.8242481
 2525.3 2531.6  0.3503581 23.7243099  0.8241112
 2531.6 2538.1  0.3501122 23.7488499  0.8239765
 2538.1 2544.5  0.3501909 23.7661667  0.8239658
 2544.5 2551.0  0.3502899 23.7826996  0.8239635
 2551.0 2557.5  0.3503903 23.7994919  0.8239613
 2557.5 2564.1  0.3504908 23.8162823  0.8239591
 2564.1 2570.7  0.3506004 23.8331413  0.8239594
 2570.7 2577.3  0.3511997 23.8375893  0.8241271
 2577.3 2584.0  0.3517990 23.8420353  0.8242949
 2584.0 2590.7  0.3524073 23.8465500  0.8244652
 2590.7 2597.4  0.3530156 23.8510647  0.8246354
 2597.4 2604.2  0.3536590 23.8546143  0.8248168
 2604.2 2611.0  0.3548717 23.8428059  0.8251770
 2611.0 2617.8  0.3560844 23.8309975  0.8255373
 2617.8 2624.7  0.3572971 23.8191872  0.8258975
 2624.7 2631.6  0.3585276 23.8072052  0.8262630
 2631.6 2638.5  0.3597582 23.7952232  0.8266286
 2638.5 2645.5  0.3616686 23.7654228  0.8271862
 2645.5 2652.5  0.3636492 23.7340775  0.8277640
 2652.5 2659.6  0.3656299 23.7027321  0.8283418
 2659.6 2666.7  0.3676388 23.6709385  0.8289279
 2666.7 2673.8  0.3696477 23.6391449  0.8295139
 2673.8 2681.0  0.3723120 23.5900974  0.8302531
 2681.0 2688.2  0.3750431 23.5395889  0.8310096
 2688.2 2695.4  0.3777742 23.4890804  0.8317660
 2695.4 2702.7  0.3805053 23.4385700  0.8325225
 2702.7 2710.0  0.3832744 23.3873596  0.8332894
 2710.0 2717.4  0.3866585 23.3202801  0.8341588
 2717.4 2724.8  0.3901156 23.2515965  0.8350445
 2724.8 2732.2  0.3935728 23.1829090  0.8359302
 2732.2 2739.7  0.3970298 23.1142235  0.8368159
 2739.7 2747.3  0.4005337 23.0446091  0.8377135
 2747.3 2754.8  0.4046596 22.9596291  0.8386678
 2754.8 2762.4  0.4087545 22.8751812  0.8396113
 2762.4 2770.1  0.4129039 22.7896080  0.8405673
 2770.1 2777.8  0.4171081 22.7029076  0.8415359
 2777.8 2785.5  0.4213121 22.6162071  0.8425046
 2785.5 2793.3  0.4260354 22.5169754  0.8434498
 2793.3 2801.1  0.4308342 22.4161167  0.8444068
 2801.1 2809.0  0.4356329 22.3152561  0.8453638
 2809.0 2816.9  0.4404931 22.2131042  0.8463330
 2816.9 2824.9  0.4453532 22.1109543  0.8473022
 2824.9 2832.9  0.4508126 21.9953880  0.8481892
 2832.9 2840.9  0.4562788 21.8796673  0.8490751
 2840.9 2849.0  0.4617449 21.7639465  0.8499609
 2849.0 2857.1  0.4672795 21.6467800  0.8508579
 2857.1 2865.3  0.4728172 21.5295486  0.8517522
 2865.3 2873.6  0.4786758 21.4057465  0.8524445
 2873.6 2881.8  0.4846059 21.2804356  0.8531452
 2881.8 2890.2  0.4904645 21.1566334  0.8538375
 2890.2 2898.6  0.4964660 21.0298138  0.8545467
 2898.6 2907.0  0.5024676 20.9029903  0.8552560
 2907.0 2915.5  0.5089103 20.7680950  0.8556917
 2915.5 2924.0  0.5154520 20.6311836  0.8561189
 2924.0 2932.6  0.5219938 20.4942722  0.8565461
 2932.6 2941.2  0.5286126 20.3557472  0.8569783
 2941.2 2949.9  0.5352340 20.2172108  0.8574023
 2949.9 2958.6  0.5420508 20.0764141  0.8574851
 2958.6 2967.4  0.5488678 19.9356136  0.8575678
 2967.4 2976.2  0.5557628 19.7931995  0.8576514
 2976.2 2985.1  0.5626581 19.6507835  0.8577351
 2985.1 2994.0  0.5696332 19.5067348  0.8578161
 2994.0 3003.0  0.5767422 19.3617229  0.8575750
 3003.0 3012.0  0.5839312 19.2150803  0.8573312
 3012.0 3021.1  0.5911201 19.0684357  0.8570874
 3021.1 3030.3  0.5983890 18.9201622  0.8568409
 3030.3 3039.5  0.6057312 18.7704411  0.8565834
 3039.5 3048.8  0.6128834 18.6260433  0.8560802
 3048.8 3058.1  0.6201134 18.4800758  0.8555716
 3058.1 3067.5  0.6273434 18.3341064  0.8550629
 3067.5 3076.9  0.6346509 18.1865711  0.8545488
 3076.9 3086.4  0.6419585 18.0390358  0.8540347
 3086.4 3096.0  0.6490988 17.8961334  0.8533255
 3096.0 3105.6  0.6563116 17.7517929  0.8526070
 3105.6 3115.3  0.6635245 17.6074524  0.8518884
 3115.3 3125.0  0.6708124 17.4616089  0.8511623
 3125.0 3134.8  0.6781002 17.3157673  0.8504362
 3134.8 3144.7  0.6847735 17.1832199  0.8496233
 3144.7 3154.6  0.6915148 17.0493221  0.8488021
 3154.6 3164.6  0.6982563 16.9154205  0.8479809
 3164.6 3174.6  0.7050657 16.7801685  0.8471513
 3174.6 3184.7  0.7118751 16.6449165  0.8463219
 3184.7 3194.9  0.7179888 16.5242443  0.8454860
 3194.9 3205.1  0.7241315 16.4030399  0.8446420
 3205.1 3215.4  0.7302741 16.2818336  0.8437979
 3215.4 3225.8  0.7364768 16.1594429  0.8429456
 3225.8 3236.2  0.7426633 16.0374107  0.8420918
 3236.2 3246.8  0.7479290 15.9340076  0.8413191
 3246.8 3257.3  0.7532960 15.8286133  0.8405316
 3257.3 3268.0  0.7586123 15.7242146  0.8397516
 3268.0 3278.7  0.7640300 15.6178274  0.8389567
 3278.7 3289.5  0.7690966 15.5182753  0.8382026
 3289.5 3300.3  0.7735404 15.4308453  0.8375195
 3300.3 3311.3  0.7779843 15.3434143  0.8368365
 3311.3 3322.3  0.7825103 15.2543650  0.8361408
 3322.3 3333.3  0.7870365 15.1653156  0.8354450
 3333.3 3344.5  0.7908950 15.0884409  0.8348276
 3344.5 3355.7  0.7946026 15.0142021  0.8342249
 3355.7 3367.0  0.7983102 14.9399624  0.8336222
 3367.0 3378.4  0.8020509 14.8650599  0.8330140
 3378.4 3389.8  0.8054124 14.7973356  0.8324613
 3389.8 3401.4  0.8078039 14.7480574  0.8320517
 3401.4 3413.0  0.8102372 14.6979151  0.8316349
 3413.0 3424.7  0.8126706 14.6477728  0.8312181
 3424.7 3436.4  0.8151249 14.5971985  0.8307977
 3436.4 3448.3  0.8210753 14.4585619  0.8296480
 3448.3 3460.2  0.8272212 14.3151951  0.8284591
 3460.2 3472.2  0.8298305 14.2474527  0.8279194
 3472.2 3484.3  0.8318676 14.1918507  0.8274841
 3484.3 3496.5  0.8339217 14.1357841  0.8270453
 3496.5 3508.8  0.8359926 14.0792551  0.8266029
 3508.8 3521.1  0.8380806 14.0222626  0.8261568
 3521.1 3533.6  0.8401686 13.9652700  0.8257107
 3533.6 3546.1  0.8422905 13.9073505  0.8252574
 3546.1 3558.7  0.8444124 13.8494310  0.8248041
 3558.7 3571.4  0.8461871 13.7914963  0.8243884
 3571.4 3584.2  0.8478112 13.7333040  0.8239880
 3584.2 3597.1  0.8494482 13.6746521  0.8235846
 3597.1 3610.1  0.8510979 13.6155424  0.8231779
 3610.1 3623.2  0.8527605 13.5559740  0.8227681
 3623.2 3636.4  0.8544357 13.4959488  0.8223552
 3636.4 3649.6  0.8561239 13.4354658  0.8219391
 3649.6 3663.0  0.8578120 13.3749800  0.8215229
 3663.0 3676.5  0.8592073 13.3134918  0.8211600
 3676.5 3690.0  0.8606033 13.2515402  0.8207963
 3690.0 3703.7  0.8619992 13.1895895  0.8204325
 3703.7 3717.5  0.8634158 13.1267204  0.8200634
 3717.5 3731.3  0.8648427 13.0633926  0.8196916
 3731.3 3745.3  0.8662697 13.0000648  0.8193197
 3745.3 3759.4  0.8677173 12.9358196  0.8189425
 3759.4 3773.6  0.8690716 12.8714733  0.8186094
 3773.6 3787.9  0.8703833 12.8068495  0.8182975
 3787.9 3802.3  0.8717042 12.7417717  0.8179834
 3802.3 3816.8  0.8730344 12.6762381  0.8176671
 3816.8 3831.4  0.8743738 12.6102495  0.8173485
 3831.4 3846.2  0.8757224 12.5438061  0.8170279
 3846.2 3861.0  0.8770896 12.4764528  0.8167027
 3861.0 3876.0  0.8784215 12.4100599  0.8164315
 3876.0 3891.1  0.8797592 12.3431072  0.8161755
 3891.1 3906.2  0.8811058 12.2757072  0.8159177
 3906.2 3921.6  0.8824524 12.2083082  0.8156599
 3921.6 3937.0  0.8838257 12.1395693  0.8153970
 3937.0 3952.6  0.8851991 12.0708313  0.8151341
 3952.6 3968.3  0.8865836 12.0015736  0.8148785
 3968.3 3984.1  0.8879437 11.9337559  0.8146750
 3984.1 4000.0  0.8893126 11.8655052  0.8144702
 4000.0 4016.1  0.8906900 11.7968235  0.8142641
 4016.1 4032.3  0.8920848 11.7272768  0.8140554
 4032.3 4048.6  0.8934883 11.6572990  0.8138454
 4048.6 4065.0  0.8949004 11.5868893  0.8136341
 4065.0 4081.6  0.8962585 11.5189219  0.8134693
 4081.6 4098.4  0.8976272 11.4503956  0.8133069
 4098.4 4115.2  0.8990124 11.3810463  0.8131426
 4115.2 4132.2  0.9003977 11.3116941  0.8129783
 4132.2 4149.4  0.9017994 11.2415171  0.8128120
 4149.4 4166.7  0.9032176 11.1705170  0.8126438
 4166.7 4184.1  0.9045545 11.1023483  0.8125150
 4184.1 4201.7  0.9058958 11.0339060  0.8123869
 4201.7 4219.4  0.9072526 10.9646749  0.8122572
 4219.4 4237.3  0.9086171 10.8950529  0.8121269
 4237.3 4255.3  0.9099969 10.8246431  0.8119951
 4255.3 4273.5  0.9113515 10.7546997  0.8118721
 4273.5 4291.8  0.9126410 10.6860609  0.8117706
 4291.8 4310.3  0.9139376 10.6170473  0.8116685
 4310.3 4329.0  0.9152483 10.5472775  0.8115653
 4329.0 4347.8  0.9165732 10.4767532  0.8114609
 4347.8 4366.8  0.9179052 10.4058542  0.8113561
 4366.8 4386.0  0.9191359 10.3364153  0.8112713
 4386.0 4405.3  0.9203642 10.2665377  0.8111885
 4405.3 4424.8  0.9215989 10.1962976  0.8111053
 4424.8 4444.4  0.9228465 10.1253290  0.8110211
 4444.4 4464.3  0.9241004 10.0539961  0.8109366
 4464.3 4484.3  0.9252790  9.9831791  0.8108642
 4484.3 4504.5  0.9264264  9.9126387  0.8107967
 4504.5 4524.9  0.9275852  9.8413916  0.8107285
 4524.9 4545.5  0.9287556  9.7694407  0.8106596
 4545.5 4566.2  0.9299374  9.6967840  0.8105901
 4566.2 4587.2  0.9310327  9.6254196  0.8105325
 4587.2 4608.3  0.9321180  9.5534859  0.8104774
 4608.3 4629.6  0.9332084  9.4812107  0.8104222
 4629.6 4651.2  0.9343092  9.4082479  0.8103664
 4651.2 4672.9  0.9354197  9.3343716  0.8103105
 4672.9 4694.8  0.9364360  9.2620916  0.8102670
 4694.8 4717.0  0.9374616  9.1891451  0.8102230
 4717.0 4739.3  0.9385014  9.1151981  0.8101784
 4739.3 4761.9  0.9395458  9.0409203  0.8101336
 4761.9 4784.7  0.9405547  8.9667168  0.8100941
 4784.7 4807.7  0.9415277  8.8928337  0.8100594
 4807.7 4830.9  0.9425093  8.8183022  0.8100244
 4830.9 4854.4  0.9434993  8.7431240  0.8099892
 4854.4 4878.0  0.9444863  8.6673651  0.8099551
 4878.0 4902.0  0.9454085  8.5929937  0.8099282
 4902.0 4926.1  0.9463462  8.5173626  0.8099008
 4926.1 4950.5  0.9472879  8.4414158  0.8098733
 4950.5 4975.1  0.9482396  8.3645687  0.8098456
 4975.1 5000.0  0.9491233  8.2892771  0.8098244
 5000.0 5025.1  0.9500177  8.2130661  0.8098029
 5025.1 5050.5  0.9509193  8.1362438  0.8097814
 5050.5 5076.1  0.9518303  8.0585508  0.8097596
 5076.1 5102.0  0.9526780  7.9826293  0.8097425
 5102.0 5128.2  0.9535356  7.9058185  0.8097251
 5128.2 5154.6  0.9544031  7.8281169  0.8097076
 5154.6 5181.3  0.9552656  7.7502942  0.8096904
 5181.3 5208.3  0.9560817  7.6738424  0.8096755
 5208.3 5235.6  0.9569070  7.5965304  0.8096604
 5235.6 5263.2  0.9577414  7.5183592  0.8096451
 5263.2 5291.0  0.9585539  7.4408178  0.8096300
 5291.0 5319.1  0.9593378  7.3643508  0.8096152
 5319.1 5347.6  0.9601302  7.2870579  0.8096002
 5347.6 5376.3  0.9609339  7.2086649  0.8095850
 5376.3 5405.4  0.9616839  7.1330566  0.8095685
 5405.4 5434.8  0.9624388  7.0567021  0.8095516
 5434.8 5464.5  0.9632016  6.9795613  0.8095345
 5464.5 5494.5  0.9639398  6.9037304  0.8095154
 5494.5 5524.9  0.9646514  6.8293562  0.8094941
 5524.9 5555.6  0.9653724  6.7539907  0.8094725
 5555.6 5586.6  0.9660884  6.6787748  0.8094496
 5586.6 5618.0  0.9667558  6.6068716  0.8094215
 5618.0 5649.7  0.9674318  6.5340414  0.8093930
 5649.7 5681.8  0.9681144  6.4605141  0.8093644
 5681.8 5714.3  0.9687420  6.3909249  0.8093286
 5714.3 5747.1  0.9693769  6.3205137  0.8092922
 5747.1 5780.3  0.9700177  6.2494526  0.8092555
 5780.3 5814.0  0.9706157  6.1814275  0.8092129
 5814.0 5848.0  0.9712178  6.1127558  0.8091691
 5848.0 5882.4  0.9718252  6.0434737  0.8091249
 5882.4 5917.2  0.9723956  5.9767957  0.8090754
 5917.2 5952.4  0.9729698  5.9095550  0.8090249
 5952.4 5988.0  0.9735479  5.8417482  0.8089737
 5988.0 6024.1  0.9740958  5.7760100  0.8089176
 6024.1 6060.6  0.9746513  5.7093482  0.8088608
 6060.6 6097.6  0.9752036  5.6426725  0.8088022
 6097.6 6135.0  0.9757403  5.5768781  0.8087402
 6135.0 6172.8  0.9762827  5.5103722  0.8086774
 6172.8 6211.2  0.9768152  5.4443688  0.8086122
 6211.2 6250.0  0.9773456  5.3781271  0.8085446
 6250.0 6289.3  0.9778815  5.3111963  0.8084763
 6289.3 6329.1  0.9784040  5.2449651  0.8084046
 6329.1 6369.4  0.9789333  5.1778908  0.8083318
 6369.4 6410.3  0.9794622  5.1105084  0.8082572
 6410.3 6451.6  0.9799914  5.0427065  0.8081803
 6451.6 6493.5  0.9805255  4.9742665  0.8081026
 6493.5 6535.9  0.9810587  4.9054837  0.8080222
 6535.9 6578.9  0.9815983  4.8358793  0.8079408
 6578.9 6622.5  0.9821435  4.7654433  0.8078574
 6622.5 6666.7  0.9826953  4.6940994  0.8077724
 6666.7 6711.4  0.9832559  4.6216826  0.8076859
 6711.4 6756.8  0.9838247  4.5482974  0.8075979
 6756.8 6802.7  0.9844038  4.4736547  0.8075084
 6802.7 6849.3  0.9849971  4.3975716  0.8074177
 6849.3 6896.6  0.9855995  4.3203297  0.8073255
 6896.6 6944.4  0.9862225  4.2410073  0.8072315
 6944.4 6993.0  0.9868523  4.1608334  0.8071365
 6993.0 7042.3  0.9874997  4.0787601  0.8070388
 7042.3 7092.2  0.9881573  3.9954319  0.8069394
 7092.2 7142.9  0.9888235  3.9110150  0.8068365
 7142.9 7194.2  0.9895006  3.8252323  0.8067316
 7194.2 7246.4  0.9901800  3.7388556  0.8066219
 7246.4 7299.3  0.9908704  3.6510336  0.8065097
 7299.3 7352.9  0.9915560  3.5630755  0.8063906
 7352.9 7407.4  0.9922484  3.4741268  0.8062691
 7407.4 7462.7  0.9929296  3.3854051  0.8061382
 7462.7 7518.8  0.9936129  3.2959731  0.8060031
 7518.8 7575.8  0.9942794  3.2072644  0.8058583
 7575.8 7633.6  0.9949358  3.1187158  0.8057054
 7633.6 7692.3  0.9955755  3.0308659  0.8055432
 7692.3 7751.9  0.9961819  2.9449501  0.8053670
 7751.9 7812.5  0.9967780  2.8592002  0.8051829
 7812.5 7874.0  0.9973088  2.7777097  0.8049762
 7874.0 7936.5  0.9978098  2.6978710  0.8047568
 7936.5 8000.0  0.9982592  2.6212780  0.8045186
 8000.0 8064.5  0.9986203  2.5507138  0.8042526
 8064.5 8130.1  0.9989272  2.4835715  0.8039673
 8130.1 8196.7  0.9991219  2.4242060  0.8036477
 8196.7 8264.5  0.9991897  2.3738022  0.8032908
 8264.5 8333.3  0.9991539  2.3304496  0.8029015
 8333.3 8403.4  0.9989370  2.3001795  0.8024616
 8403.4 8474.6  0.9985022  2.2855744  0.8019605
 8474.6 8547.0  0.9979927  2.2758977  0.8014346
 8547.0 8620.7  0.9974746  2.2660580  0.8009000
 8620.7 8695.7  0.9969472  2.2560415  0.8003557
 8695.7 8771.9  0.9964104  2.2458484  0.7998018
 8771.9 8849.6  0.9958652  2.2354922  0.7992391
 8849.6 8928.6  0.9953091  2.2249322  0.7986653
 8928.6 9009.0  0.9947438  2.2141955  0.7980819
 9009.0 9090.9  0.9941684  2.2032685  0.7974881
 9090.9 9174.3  0.9935824  2.1921375  0.7968832
 9174.3 9259.3  0.9929855  2.1808028  0.7962673
 9259.3 9345.8  0.9923772  2.1692507  0.7956396
 9345.8 9434.0  0.9917582  2.1574945  0.7950008
 9434.0 9523.8  0.9911271  2.1455076  0.7943494
 9523.8 9615.4  0.9904845  2.1333029  0.7936863
 9615.4 9708.7  0.9898289  2.1208537  0.7930098
 9708.7 9803.9  0.9891613  2.1081736  0.7923208
 9803.9 9901.0  0.9884800  2.0952351  0.7916178
 9901.0 9911.0  0.9877852  2.0820384  0.7909006
