 1176.5 1177.9  0.4862595 12.7504635  0.8139476
 1177.9 1179.2  0.4860257 12.7588701  0.8139392
 1179.2 1180.6  0.4858086 12.7666759  0.8139313
 1180.6 1182.0  0.4855747 12.7750826  0.8139229
 1182.0 1183.4  0.4853408 12.7834892  0.8139144
 1183.4 1184.8  0.4851070 12.7918949  0.8139060
 1184.8 1186.2  0.4848731 12.8003016  0.8138975
 1186.2 1187.6  0.4846393 12.8087072  0.8138890
 1187.6 1189.1  0.4844055 12.8171139  0.8138806
 1189.1 1190.5  0.4841549 12.8261204  0.8138715
 1190.5 1191.9  0.4839211 12.8345270  0.8138630
 1191.9 1193.3  0.4836872 12.8429337  0.8138546
 1193.3 1194.7  0.4834534 12.8513403  0.8138461
 1194.7 1196.2  0.4832195 12.8597460  0.8138376
 1196.2 1197.6  0.4829690 12.8687525  0.8138286
 1197.6 1199.0  0.4827351 12.8771591  0.8138201
 1199.0 1200.5  0.4825013 12.8855658  0.8138117
 1200.5 1201.9  0.4822507 12.8945723  0.8138026
 1201.9 1203.4  0.4820169 12.9029789  0.8137941
 1203.4 1204.8  0.4817663 12.9119854  0.8137851
 1204.8 1206.3  0.4815325 12.9203920  0.8137766
 1206.3 1207.7  0.4812819 12.9293985  0.8137676
 1207.7 1209.2  0.4810481 12.9378042  0.8137591
 1209.2 1210.7  0.4807975 12.9468117  0.8137500
 1210.7 1212.1  0.4805470 12.9558182  0.8137409
 1212.1 1213.6  0.4803132 12.9642248  0.8137324
 1213.6 1215.1  0.4800626 12.9732313  0.8137234
 1215.1 1216.5  0.4798120 12.9822378  0.8137143
 1216.5 1218.0  0.4795782 12.9906445  0.8137059
 1218.0 1219.5  0.4793276 12.9996510  0.8136968
 1219.5 1221.0  0.4790771 13.0086584  0.8136877
 1221.0 1222.5  0.4788265 13.0176649  0.8136787
 1222.5 1224.0  0.4785760 13.0266714  0.8136696
 1224.0 1225.5  0.4783254 13.0356789  0.8136606
 1225.5 1227.0  0.4780749 13.0446854  0.8136515
 1227.0 1228.5  0.4778243 13.0536919  0.8136424
 1228.5 1230.0  0.4775738 13.0626984  0.8136333
 1230.0 1231.5  0.4773232 13.0717058  0.8136243
 1231.5 1233.0  0.4770727 13.0807123  0.8136152
 1233.0 1234.6  0.4768221 13.0897188  0.8136061
 1234.6 1236.1  0.4765549 13.0993261  0.8135965
 1236.1 1237.6  0.4763043 13.1083326  0.8135874
 1237.6 1239.2  0.4760538 13.1173401  0.8135784
 1239.2 1240.7  0.4757865 13.1269464  0.8135687
 1240.7 1242.2  0.4755360 13.1359539  0.8135596
 1242.2 1243.8  0.4752854 13.1449604  0.8135505
 1243.8 1245.3  0.4750182 13.1545677  0.8135409
 1245.3 1246.9  0.4747676 13.1635752  0.8135318
 1246.9 1248.4  0.4745004 13.1731815  0.8135222
 1248.4 1250.0  0.4742498 13.1821890  0.8135130
 1250.0 1251.6  0.4739826 13.1917953  0.8135034
 1251.6 1253.1  0.4737153 13.2014027  0.8134937
 1253.1 1254.7  0.4734648 13.2104101  0.8134847
 1254.7 1256.3  0.4731975 13.2200165  0.8134750
 1256.3 1257.9  0.4729303 13.2296247  0.8134653
 1257.9 1259.4  0.4726630 13.2392321  0.8134556
 1259.4 1261.0  0.4724124 13.2482386  0.8134466
 1261.0 1262.6  0.4721452 13.2578459  0.8134369
 1262.6 1264.2  0.4718779 13.2674522  0.8134273
 1264.2 1265.8  0.4716107 13.2770596  0.8134176
 1265.8 1267.4  0.4713434 13.2866678  0.8134079
 1267.4 1269.0  0.4710762 13.2962742  0.8133982
 1269.0 1270.6  0.4708089 13.3058815  0.8133886
 1270.6 1272.3  0.4705417 13.3154888  0.8133789
 1272.3 1273.9  0.4702577 13.3256969  0.8133686
 1273.9 1275.5  0.4699905 13.3353043  0.8133590
 1275.5 1277.1  0.4697232 13.3449106  0.8133492
 1277.1 1278.8  0.4694560 13.3545179  0.8133396
 1278.8 1280.4  0.4691720 13.3647261  0.8133293
 1280.4 1282.1  0.4689047 13.3743334  0.8133197
 1282.1 1283.7  0.4686208 13.3845406  0.8133094
 1283.7 1285.3  0.4683535 13.3941479  0.8132997
 1285.3 1287.0  0.4680863 13.4037552  0.8132901
 1287.0 1288.7  0.4678023 13.4139633  0.8132797
 1288.7 1290.3  0.4675184 13.4241705  0.8132695
 1290.3 1292.0  0.4672511 13.4337778  0.8132598
 1292.0 1293.7  0.4669672 13.4439850  0.8132495
 1293.7 1295.3  0.4666832 13.4541931  0.8132393
 1295.3 1297.0  0.4664159 13.4638004  0.8132296
 1297.0 1298.7  0.4661320 13.4740076  0.8132193
 1298.7 1300.4  0.4658480 13.4842157  0.8132091
 1300.4 1302.1  0.4655862 13.4936867  0.8131924
 1302.1 1303.8  0.4653965 13.5007629  0.8131548
 1303.8 1305.5  0.4652067 13.5078402  0.8131172
 1305.5 1307.2  0.4650170 13.5149164  0.8130796
 1307.2 1308.9  0.4648273 13.5219936  0.8130420
 1308.9 1310.6  0.4646375 13.5290699  0.8130044
 1310.6 1312.3  0.4644478 13.5361462  0.8129668
 1312.3 1314.1  0.4642580 13.5432234  0.8129293
 1314.1 1315.8  0.4640571 13.5507164  0.8128895
 1315.8 1317.5  0.4638674 13.5577936  0.8128519
 1317.5 1319.3  0.4636776 13.5648699  0.8128143
 1319.3 1321.0  0.4634767 13.5723629  0.8127745
 1321.0 1322.8  0.4632870 13.5794392  0.8127369
 1322.8 1324.5  0.4630860 13.5869322  0.8126971
 1324.5 1326.3  0.4628963 13.5940094  0.8126596
 1326.3 1328.0  0.4626954 13.6015024  0.8126197
 1328.0 1329.8  0.4625056 13.6085787  0.8125822
 1329.8 1331.6  0.4623047 13.6160717  0.8125424
 1331.6 1333.3  0.4621038 13.6235647  0.8125026
 1333.3 1335.1  0.4619141 13.6306410  0.8124650
 1335.1 1336.9  0.4617132 13.6381340  0.8124252
 1336.9 1338.7  0.4615123 13.6456270  0.8123854
 1338.7 1340.5  0.4613114 13.6531200  0.8123456
 1340.5 1342.3  0.4611104 13.6606131  0.8123059
 1342.3 1344.1  0.4609095 13.6681061  0.8122661
 1344.1 1345.9  0.4607086 13.6755991  0.8122262
 1345.9 1347.7  0.4605077 13.6830921  0.8121865
 1347.7 1349.5  0.4603068 13.6905842  0.8121467
 1349.5 1351.4  0.4601059 13.6980782  0.8121068
 1351.4 1353.2  0.4599077 13.7055655  0.8120507
 1353.2 1355.0  0.4597247 13.7125158  0.8119926
 1355.0 1356.9  0.4595416 13.7194662  0.8119346
 1356.9 1358.7  0.4593483 13.7268038  0.8118734
 1358.7 1360.5  0.4591653 13.7337542  0.8118154
 1360.5 1362.4  0.4589822 13.7407045  0.8117574
 1362.4 1364.3  0.4587889 13.7480421  0.8116961
 1364.3 1366.1  0.4585957 13.7553787  0.8116349
 1366.1 1368.0  0.4584126 13.7623291  0.8115768
 1368.0 1369.9  0.4582194 13.7696657  0.8115156
 1369.9 1371.7  0.4580261 13.7770033  0.8114544
 1371.7 1373.6  0.4578431 13.7839537  0.8113964
 1373.6 1375.5  0.4576498 13.7912903  0.8113351
 1375.5 1377.4  0.4574566 13.7986279  0.8112739
 1377.4 1379.3  0.4572634 13.8059645  0.8112126
 1379.3 1381.2  0.4570701 13.8133011  0.8111514
 1381.2 1383.1  0.4568769 13.8206377  0.8110901
 1383.1 1385.0  0.4566836 13.8279743  0.8110289
 1385.0 1387.0  0.4564904 13.8353119  0.8109676
 1387.0 1388.9  0.4562870 13.8430347  0.8109031
 1388.9 1390.8  0.4560937 13.8503714  0.8108419
 1390.8 1392.8  0.4559005 13.8577089  0.8107806
 1392.8 1394.7  0.4556971 13.8654318  0.8107162
 1394.7 1396.6  0.4555038 13.8727684  0.8106549
 1396.6 1398.6  0.4553106 13.8801050  0.8105937
 1398.6 1400.6  0.4551072 13.8878279  0.8105292
 1400.6 1402.5  0.4549092 13.8953695  0.8104592
 1402.5 1404.5  0.4547332 13.9021311  0.8103803
 1404.5 1406.5  0.4545479 13.9092484  0.8102973
 1406.5 1408.5  0.4543626 13.9163666  0.8102143
 1408.5 1410.4  0.4541773 13.9234838  0.8101313
 1410.4 1412.4  0.4540013 13.9302454  0.8100524
 1412.4 1414.4  0.4538160 13.9373636  0.8099694
 1414.4 1416.4  0.4536307 13.9444809  0.8098864
 1416.4 1418.4  0.4534455 13.9515982  0.8098034
 1418.4 1420.5  0.4532602 13.9587164  0.8097203
 1420.5 1422.5  0.4530656 13.9661894  0.8096332
 1422.5 1424.5  0.4528804 13.9733067  0.8095502
 1424.5 1426.5  0.4526951 13.9804249  0.8094671
 1426.5 1428.6  0.4525098 13.9875422  0.8093841
 1428.6 1430.6  0.4523152 13.9950151  0.8092970
 1430.6 1432.7  0.4521300 14.0021334  0.8092139
 1432.7 1434.7  0.4519354 14.0096064  0.8091268
 1434.7 1436.8  0.4517501 14.0167236  0.8090438
 1436.8 1438.8  0.4515556 14.0241976  0.8089566
 1438.8 1440.9  0.4513703 14.0313158  0.8088736
 1440.9 1443.0  0.4511757 14.0387888  0.8087864
 1443.0 1445.1  0.4509812 14.0462618  0.8086993
 1445.1 1447.2  0.4507867 14.0537357  0.8086120
 1447.2 1449.3  0.4505921 14.0612087  0.8085249
 1449.3 1451.4  0.4503976 14.0686827  0.8084377
 1451.4 1453.5  0.4502146 14.0757265  0.8083387
 1453.5 1455.6  0.4500374 14.0825567  0.8082337
 1455.6 1457.7  0.4498603 14.0893860  0.8081287
 1457.7 1459.9  0.4496832 14.0962152  0.8080237
 1459.9 1462.0  0.4494976 14.1033707  0.8079137
 1462.0 1464.1  0.4493204 14.1101999  0.8078087
 1464.1 1466.3  0.4491433 14.1170292  0.8077037
 1466.3 1468.4  0.4489577 14.1241846  0.8075937
 1468.4 1470.6  0.4487805 14.1310139  0.8074887
 1470.6 1472.8  0.4485950 14.1381693  0.8073787
 1472.8 1474.9  0.4484094 14.1453238  0.8072687
 1474.9 1477.1  0.4482322 14.1521540  0.8071637
 1477.1 1479.3  0.4480467 14.1593084  0.8070537
 1479.3 1481.5  0.4478611 14.1664629  0.8069438
 1481.5 1483.7  0.4476755 14.1736183  0.8068337
 1483.7 1485.9  0.4474899 14.1807728  0.8067238
 1485.9 1488.1  0.4473043 14.1879282  0.8066137
 1488.1 1490.3  0.4471187 14.1950827  0.8065038
 1490.3 1492.5  0.4469332 14.2022371  0.8063938
 1492.5 1494.8  0.4467476 14.2093925  0.8062838
 1494.8 1497.0  0.4465536 14.2168722  0.8061688
 1497.0 1499.3  0.4463680 14.2240267  0.8060588
 1499.3 1501.5  0.4461739 14.2315073  0.8059438
 1501.5 1503.8  0.4459997 14.2381926  0.8058221
 1503.8 1506.0  0.4458231 14.2449541  0.8056892
 1506.0 1508.3  0.4456542 14.2514200  0.8055621
 1508.3 1510.6  0.4454776 14.2581816  0.8054292
 1510.6 1512.9  0.4453010 14.2649422  0.8052964
 1512.9 1515.2  0.4451244 14.2717028  0.8051634
 1515.2 1517.5  0.4449478 14.2784634  0.8050306
 1517.5 1519.8  0.4447712 14.2852240  0.8048977
 1519.8 1522.1  0.4445946 14.2919846  0.8047648
 1522.1 1524.4  0.4444180 14.2987452  0.8046319
 1524.4 1526.7  0.4442414 14.3055067  0.8044990
 1526.7 1529.1  0.4440648 14.3122673  0.8043661
 1529.1 1531.4  0.4438805 14.3193216  0.8042275
 1531.4 1533.7  0.4437039 14.3260822  0.8040946
 1533.7 1536.1  0.4435273 14.3328428  0.8039617
 1536.1 1538.5  0.4433431 14.3398981  0.8038230
 1538.5 1540.8  0.4431588 14.3469524  0.8036844
 1540.8 1543.2  0.4429822 14.3537140  0.8035514
 1543.2 1545.6  0.4427979 14.3607683  0.8034128
 1545.6 1548.0  0.4426136 14.3678226  0.8032741
 1548.0 1550.4  0.4424294 14.3748779  0.8031355
 1550.4 1552.8  0.4422478 14.3818035  0.8029939
 1552.8 1555.2  0.4420802 14.3880873  0.8028381
 1555.2 1557.6  0.4419126 14.3943710  0.8026823
 1557.6 1560.1  0.4417449 14.4006548  0.8025265
 1560.1 1562.5  0.4415703 14.4071999  0.8023643
 1562.5 1564.9  0.4414027 14.4134846  0.8022085
 1564.9 1567.4  0.4412350 14.4197683  0.8020527
 1567.4 1569.9  0.4410604 14.4263134  0.8018904
 1569.9 1572.3  0.4408858 14.4328594  0.8017281
 1572.3 1574.8  0.4407181 14.4391432  0.8015723
 1574.8 1577.3  0.4405435 14.4456882  0.8014100
 1577.3 1579.8  0.4403689 14.4522343  0.8012478
 1579.8 1582.3  0.4401942 14.4587793  0.8010855
 1582.3 1584.8  0.4400196 14.4653254  0.8009232
 1584.8 1587.3  0.4398450 14.4718704  0.8007609
 1587.3 1589.8  0.4396704 14.4784164  0.8005986
 1589.8 1592.4  0.4394957 14.4849615  0.8004363
 1592.4 1594.9  0.4393142 14.4917688  0.8002676
 1594.9 1597.4  0.4391395 14.4983149  0.8001053
 1597.4 1600.0  0.4389649 14.5048599  0.7999430
 1600.0 1602.6  0.4387833 14.5116673  0.7997742
 1602.6 1605.1  0.4386192 14.5176277  0.7995874
 1605.1 1607.7  0.4384615 14.5233603  0.7994077
 1607.7 1610.3  0.4382975 14.5293207  0.7992209
 1610.3 1612.9  0.4381334 14.5352821  0.7990339
 1612.9 1615.5  0.4379693 14.5412426  0.7988471
 1615.5 1618.1  0.4378053 14.5472040  0.7986602
 1618.1 1620.7  0.4376412 14.5531645  0.7984734
 1620.7 1623.4  0.4374772 14.5591259  0.7982865
 1623.4 1626.0  0.4373068 14.5653162  0.7980925
 1626.0 1628.7  0.4371428 14.5712767  0.7979056
 1628.7 1631.3  0.4369724 14.5774670  0.7977116
 1631.3 1634.0  0.4368083 14.5834284  0.7975247
 1634.0 1636.7  0.4366380 14.5896177  0.7973306
 1636.7 1639.3  0.4364676 14.5958080  0.7971366
 1639.3 1642.0  0.4363036 14.6017694  0.7969497
 1642.0 1644.7  0.4361332 14.6079597  0.7967557
 1644.7 1647.4  0.4359628 14.6141491  0.7965617
 1647.4 1650.2  0.4357925 14.6203403  0.7963676
 1650.2 1652.9  0.4356173 14.6266956  0.7961648
 1652.9 1655.6  0.4354674 14.6320314  0.7959497
 1655.6 1658.4  0.4353175 14.6373672  0.7957346
 1658.4 1661.1  0.4351620 14.6429005  0.7955116
 1661.1 1663.9  0.4350121 14.6482353  0.7952965
 1663.9 1666.7  0.4348567 14.6537685  0.7950735
 1666.7 1669.4  0.4347012 14.6593018  0.7948505
 1669.4 1672.2  0.4345513 14.6646376  0.7946354
 1672.2 1675.0  0.4343958 14.6701708  0.7944124
 1675.0 1677.9  0.4342404 14.6757030  0.7941893
 1677.9 1680.7  0.4340794 14.6814346  0.7939583
 1680.7 1683.5  0.4339239 14.6869669  0.7937353
 1683.5 1686.3  0.4337685 14.6925001  0.7935122
 1686.3 1689.2  0.4336130 14.6980333  0.7932892
 1689.2 1692.0  0.4334520 14.7037640  0.7930582
 1692.0 1694.9  0.4332966 14.7092972  0.7928351
 1694.9 1697.8  0.4331355 14.7150278  0.7926041
 1697.8 1700.7  0.4329745 14.7207584  0.7923731
 1700.7 1703.6  0.4328287 14.7259493  0.7921566
 1703.6 1706.5  0.4327308 14.7294416  0.7919857
 1706.5 1709.4  0.4326328 14.7329330  0.7918148
 1709.4 1712.3  0.4325348 14.7364254  0.7916439
 1712.3 1715.3  0.4324368 14.7399178  0.7914729
 1715.3 1718.2  0.4323354 14.7435303  0.7912961
 1718.2 1721.2  0.4322375 14.7470217  0.7911252
 1721.2 1724.1  0.4321361 14.7506342  0.7909484
 1724.1 1727.1  0.4320381 14.7541265  0.7907774
 1727.1 1730.1  0.4319368 14.7577391  0.7906007
 1730.1 1733.1  0.4318354 14.7613516  0.7904238
 1733.1 1736.1  0.4317340 14.7649641  0.7902470
 1736.1 1739.1  0.4316327 14.7685766  0.7900702
 1739.1 1742.2  0.4315313 14.7721891  0.7898934
 1742.2 1745.2  0.4314266 14.7759218  0.7897106
 1745.2 1748.3  0.4313252 14.7795343  0.7895339
 1748.3 1751.3  0.4312205 14.7832670  0.7893511
 1751.3 1754.4  0.4311191 14.7868795  0.7891743
 1754.4 1757.5  0.4310108 14.7907534  0.7889780
 1757.5 1760.6  0.4308786 14.7955828  0.7886903
 1760.6 1763.7  0.4307464 14.8004112  0.7884026
 1763.7 1766.8  0.4306143 14.8052406  0.7881149
 1766.8 1769.9  0.4304821 14.8100691  0.7878272
 1769.9 1773.0  0.4303499 14.8148985  0.7875395
 1773.0 1776.2  0.4302279 14.8194542  0.7872412
 1776.2 1779.4  0.4301024 14.8241472  0.7869330
 1779.4 1782.5  0.4299769 14.8288403  0.7866248
 1782.5 1785.7  0.4298554 14.8333864  0.7863262
 1785.7 1788.9  0.4297299 14.8380804  0.7860180
 1788.9 1792.1  0.4296148 14.8425131  0.7856991
 1792.1 1795.3  0.4295008 14.8469191  0.7853792
 1795.3 1798.6  0.4293868 14.8513250  0.7850592
 1798.6 1801.8  0.4292692 14.8558683  0.7847293
 1801.8 1805.1  0.4291552 14.8602743  0.7844093
 1805.1 1808.3  0.4290467 14.8646593  0.7840570
 1808.3 1811.6  0.4289420 14.8689013  0.7837140
 1811.6 1814.9  0.4288340 14.8732767  0.7833602
 1814.9 1818.2  0.4287260 14.8776512  0.7830065
 1818.2 1821.5  0.4286191 14.8820000  0.7826526
 1821.5 1824.8  0.4285278 14.8859453  0.7822959
 1824.8 1828.2  0.4284365 14.8898897  0.7819391
 1828.2 1831.5  0.4283426 14.8939552  0.7815716
 1831.5 1834.9  0.4282513 14.8978996  0.7812149
 1834.9 1838.2  0.4281573 14.9019651  0.7808474
 1838.2 1841.6  0.4280801 14.9056168  0.7804764
 1841.6 1845.0  0.4280010 14.9093704  0.7800937
 1845.0 1848.4  0.4279220 14.9131241  0.7797109
 1848.4 1851.9  0.4278429 14.9168777  0.7793282
 1851.9 1855.3  0.4277615 14.9207420  0.7789342
 1855.3 1858.7  0.4276963 14.9242868  0.7785242
 1858.7 1862.2  0.4276315 14.9278259  0.7781134
 1862.2 1865.7  0.4275647 14.9314680  0.7776905
 1865.7 1869.2  0.4274980 14.9351110  0.7772676
 1869.2 1872.7  0.4274324 14.9387293  0.7768443
 1872.7 1876.2  0.4273849 14.9419460  0.7764159
 1876.2 1879.7  0.4273375 14.9451618  0.7759874
 1879.7 1883.2  0.4272901 14.9483786  0.7755589
 1883.2 1886.8  0.4272426 14.9515953  0.7751304
 1886.8 1890.4  0.4271938 14.9549036  0.7746897
 1890.4 1893.9  0.4271632 14.9578943  0.7742305
 1893.9 1897.5  0.4271344 14.9607849  0.7737831
 1897.5 1901.1  0.4271048 14.9637566  0.7733229
 1901.1 1904.8  0.4270752 14.9667292  0.7728627
 1904.8 1908.4  0.4270447 14.9697838  0.7723897
 1908.4 1912.0  0.4270345 14.9725027  0.7718970
 1912.0 1915.7  0.4270253 14.9752064  0.7714025
 1915.7 1919.4  0.4270159 14.9779854  0.7708942
 1919.4 1923.1  0.4270065 14.9807644  0.7703859
 1923.1 1926.8  0.4269977 14.9835320  0.7698774
 1926.8 1930.5  0.4270107 14.9858875  0.7693603
 1930.5 1934.2  0.4270237 14.9882431  0.7688432
 1934.2 1938.0  0.4270367 14.9905987  0.7683261
 1938.0 1941.7  0.4270501 14.9930182  0.7677950
 1941.7 1945.5  0.4270632 14.9953747  0.7672780
 1945.5 1949.3  0.4270990 14.9974604  0.7667241
 1949.3 1953.1  0.4271367 14.9995184  0.7661682
 1953.1 1956.9  0.4271745 15.0015755  0.7656124
 1956.9 1960.8  0.4272123 15.0036335  0.7650566
 1960.8 1964.6  0.4272510 15.0057449  0.7644861
 1964.6 1968.5  0.4273134 15.0075150  0.7638916
 1968.5 1972.4  0.4273788 15.0093145  0.7632794
 1972.4 1976.3  0.4274443 15.0111141  0.7626672
 1976.3 1980.2  0.4275097 15.0129147  0.7620549
 1980.2 1984.1  0.4275762 15.0146961  0.7614422
 1984.1 1988.1  0.4276615 15.0161409  0.7608213
 1988.1 1992.0  0.4277491 15.0176239  0.7601845
 1992.0 1996.0  0.4278345 15.0190687  0.7595636
 1996.0 2000.0  0.4279220 15.0205517  0.7589267
 2000.0 2004.0  0.4280096 15.0220337  0.7582899
 2004.0 2008.0  0.4281181 15.0232840  0.7576129
 2008.0 2012.1  0.4282267 15.0245342  0.7569359
 2012.1 2016.1  0.4283379 15.0258150  0.7562420
 2016.1 2020.2  0.4284465 15.0270653  0.7555650
 2020.2 2024.3  0.4285583 15.0283356  0.7548709
 2024.3 2028.4  0.4286804 15.0293875  0.7541724
 2028.4 2032.5  0.4288026 15.0304403  0.7534739
 2032.5 2036.7  0.4289248 15.0314922  0.7527754
 2036.7 2040.8  0.4290499 15.0325708  0.7520599
 2040.8 2045.0  0.4291721 15.0336227  0.7513614
 2045.0 2049.2  0.4293057 15.0345755  0.7506272
 2049.2 2053.4  0.4294397 15.0355206  0.7498920
 2053.4 2057.6  0.4295737 15.0364666  0.7491568
 2057.6 2061.9  0.4297076 15.0374126  0.7484215
 2061.9 2066.1  0.4298448 15.0383806  0.7476688
 2066.1 2070.4  0.4299852 15.0392942  0.7468994
 2070.4 2074.7  0.4301291 15.0402279  0.7461109
 2074.7 2079.0  0.4302730 15.0411625  0.7453223
 2079.0 2083.3  0.4304169 15.0420961  0.7445338
 2083.3 2087.7  0.4305606 15.0430317  0.7437443
 2087.7 2092.1  0.4307048 15.0440168  0.7429229
 2092.1 2096.4  0.4308490 15.0450010  0.7421014
 2096.4 2100.8  0.4309898 15.0459633  0.7412987
 2100.8 2105.3  0.4311340 15.0469484  0.7404773
 2105.3 2109.7  0.4312806 15.0479612  0.7396376
 2109.7 2114.2  0.4314121 15.0490446  0.7388225
 2114.2 2118.6  0.4315467 15.0501518  0.7379887
 2118.6 2123.1  0.4316782 15.0512352  0.7371735
 2123.1 2127.7  0.4318127 15.0523424  0.7363397
 2127.7 2132.2  0.4319502 15.0534754  0.7354875
 2132.2 2136.8  0.4320690 15.0547905  0.7346454
 2136.8 2141.3  0.4321892 15.0561504  0.7337840
 2141.3 2145.9  0.4323068 15.0574818  0.7329413
 2145.9 2150.5  0.4324270 15.0588417  0.7320799
 2150.5 2155.2  0.4325472 15.0602016  0.7312185
 2155.2 2159.8  0.4326513 15.0620193  0.7302817
 2159.8 2164.5  0.4327510 15.0638485  0.7293581
 2164.5 2169.2  0.4328529 15.0657177  0.7284145
 2169.2 2173.9  0.4329548 15.0675869  0.7274708
 2173.9 2178.6  0.4330566 15.0694551  0.7265272
 2178.6 2183.4  0.4331160 15.0714741  0.7257053
 2183.4 2188.2  0.4331757 15.0735397  0.7248688
 2188.2 2193.0  0.4332354 15.0756044  0.7240321
 2193.0 2197.8  0.4332951 15.0776701  0.7231955
 2197.8 2202.6  0.4333549 15.0797348  0.7223588
 2202.6 2207.5  0.4333928 15.0823402  0.7214525
 2207.5 2212.4  0.4334128 15.0854654  0.7204673
 2212.4 2217.3  0.4334328 15.0885906  0.7194819
 2217.3 2222.2  0.4334527 15.0917168  0.7184966
 2222.2 2227.2  0.4334704 15.0948668  0.7175134
 2227.2 2232.1  0.4334339 15.0986748  0.7165607
 2232.1 2237.1  0.4333981 15.1024065  0.7156271
 2237.1 2242.2  0.4333616 15.1062145  0.7146744
 2242.2 2247.2  0.4333243 15.1100988  0.7137027
 2247.2 2252.3  0.4332851 15.1139402  0.7127513
 2252.3 2257.3  0.4331793 15.1186953  0.7118113
 2257.3 2262.4  0.4330755 15.1233568  0.7108899
 2262.4 2267.6  0.4329696 15.1281109  0.7099500
 2267.6 2272.7  0.4328616 15.1329584  0.7089916
 2272.7 2277.9  0.4327557 15.1377134  0.7080517
 2277.9 2283.1  0.4325644 15.1437616  0.7070943
 2283.1 2288.3  0.4323679 15.1498852  0.7061368
 2288.3 2293.6  0.4321715 15.1560078  0.7051795
 2293.6 2298.9  0.4319712 15.1622477  0.7042036
 2298.9 2304.1  0.4317710 15.1684875  0.7032278
 2304.1 2309.5  0.4314835 15.1757936  0.7023123
 2309.5 2314.8  0.4311832 15.1834040  0.7013624
 2314.8 2320.2  0.4308884 15.1908741  0.7004302
 2320.2 2325.6  0.4305880 15.1984844  0.6994804
 2325.6 2331.0  0.4302876 15.2060947  0.6985304
 2331.0 2336.4  0.4298717 15.2153502  0.6975953
 2336.4 2341.9  0.4294465 15.2247362  0.6966614
 2341.9 2347.4  0.4290134 15.2342968  0.6957101
 2347.4 2352.9  0.4285803 15.2438574  0.6947589
 2352.9 2358.5  0.4281472 15.2534180  0.6938076
 2358.5 2364.1  0.4275748 15.2649965  0.6928822
 2364.1 2369.7  0.4270000 15.2766085  0.6919575
 2369.7 2375.3  0.4264252 15.2882195  0.6910329
 2375.3 2381.0  0.4258505 15.2998323  0.6901082
 2381.0 2386.6  0.4252654 15.3116512  0.6891670
 2386.6 2392.3  0.4245985 15.3248177  0.6883156
 2392.3 2398.1  0.4239198 15.3382187  0.6874490
 2398.1 2403.8  0.4232291 15.3518543  0.6865671
 2403.8 2409.6  0.4225504 15.3652554  0.6857005
 2409.6 2415.5  0.4218597 15.3788919  0.6848187
 2415.5 2421.3  0.4211203 15.3943453  0.6839874
 2421.3 2427.2  0.4203908 15.4096498  0.6831749
 2427.2 2433.1  0.4196486 15.4252186  0.6823484
 2433.1 2439.0  0.4189065 15.4407873  0.6815219
 2439.0 2445.0  0.4181644 15.4563560  0.6806954
 2445.0 2451.0  0.4174862 15.4730740  0.6799704
 2451.0 2457.0  0.4168080 15.4897919  0.6792455
 2457.0 2463.1  0.4161299 15.5065098  0.6785206
 2463.1 2469.1  0.4154404 15.5235062  0.6777835
 2469.1 2475.2  0.4147653 15.5402288  0.6770610
 2475.2 2481.4  0.4142681 15.5575008  0.6764736
 2481.4 2487.6  0.4137628 15.5750570  0.6758767
 2487.6 2493.8  0.4132574 15.5926123  0.6752796
 2493.8 2500.0  0.4127521 15.6101685  0.6746827
 2500.0 2506.3  0.4122467 15.6277237  0.6740857
 2506.3 2512.6  0.4120581 15.6448860  0.6736733
 2512.6 2518.9  0.4118695 15.6620493  0.6732609
 2518.9 2525.3  0.4116809 15.6792107  0.6728486
 2525.3 2531.6  0.4114893 15.6966457  0.6724297
 2531.6 2538.1  0.4113007 15.7138090  0.6720173
 2538.1 2544.5  0.4115495 15.7306576  0.6718053
 2544.5 2551.0  0.4118231 15.7471924  0.6716103
 2551.0 2557.5  0.4121009 15.7639856  0.6714123
 2557.5 2564.1  0.4123788 15.7807779  0.6712142
 2564.1 2570.7  0.4126709 15.7978010  0.6710175
 2570.7 2577.3  0.4136108 15.8129826  0.6711010
 2577.3 2584.0  0.4145507 15.8281641  0.6711845
 2584.0 2590.7  0.4155048 15.8435745  0.6712692
 2590.7 2597.4  0.4164589 15.8589859  0.6713540
 2597.4 2604.2  0.4174587 15.8741941  0.6714578
 2604.2 2611.0  0.4192022 15.8863878  0.6718675
 2611.0 2617.8  0.4209458 15.8985806  0.6722773
 2617.8 2624.7  0.4226893 15.9107742  0.6726871
 2624.7 2631.6  0.4244585 15.9231462  0.6731028
 2631.6 2638.5  0.4262277 15.9355192  0.6735186
 2638.5 2645.5  0.4288729 15.9444551  0.6742576
 2645.5 2652.5  0.4316111 15.9533052  0.6750277
 2652.5 2659.6  0.4343492 15.9621563  0.6757976
 2659.6 2666.7  0.4371266 15.9711332  0.6765786
 2666.7 2673.8  0.4399038 15.9801102  0.6773596
 2673.8 2681.0  0.4434867 15.9850063  0.6784003
 2681.0 2688.2  0.4471560 15.9897890  0.6794673
 2688.2 2695.4  0.4508252 15.9945717  0.6805343
 2695.4 2702.7  0.4544945 15.9993544  0.6816013
 2702.7 2710.0  0.4582148 16.0042038  0.6826831
 2710.0 2717.4  0.4626416 16.0045662  0.6839383
 2717.4 2724.8  0.4671597 16.0047379  0.6852182
 2724.8 2732.2  0.4716779 16.0049114  0.6864980
 2732.2 2739.7  0.4761959 16.0050850  0.6877779
 2739.7 2747.3  0.4807751 16.0052586  0.6890751
 2747.3 2754.8  0.4860151 16.0004272  0.6904644
 2754.8 2762.4  0.4912105 15.9954567  0.6918384
 2762.4 2770.1  0.4964750 15.9904194  0.6932307
 2770.1 2777.8  0.5018091 15.9853153  0.6946414
 2777.8 2785.5  0.5071429 15.9802122  0.6960520
 2785.5 2793.3  0.5129423 15.9695816  0.6974219
 2793.3 2801.1  0.5188296 15.9586630  0.6988086
 2801.1 2809.0  0.5247170 15.9477444  0.7001953
 2809.0 2816.9  0.5306796 15.9366856  0.7015996
 2816.9 2824.9  0.5366423 15.9256277  0.7030040
 2824.9 2832.9  0.5430809 15.9078598  0.7042612
 2832.9 2840.9  0.5495246 15.8900080  0.7055163
 2840.9 2849.0  0.5559683 15.8721561  0.7067713
 2849.0 2857.1  0.5624925 15.8540821  0.7080421
 2857.1 2865.3  0.5690166 15.8359270  0.7093084
 2865.3 2873.6  0.5756021 15.8111134  0.7102328
 2873.6 2881.8  0.5822679 15.7859974  0.7111684
 2881.8 2890.2  0.5888534 15.7611837  0.7120928
 2890.2 2898.6  0.5955995 15.7357645  0.7130396
 2898.6 2907.0  0.6023458 15.7103453  0.7139865
 2907.0 2915.5  0.6091887 15.6766949  0.7144608
 2915.5 2924.0  0.6161182 15.6422281  0.7149170
 2924.0 2932.6  0.6230476 15.6077604  0.7153732
 2932.6 2941.2  0.6300586 15.5728874  0.7158346
 2941.2 2949.9  0.6370623 15.5378408  0.7162824
 2949.9 2958.6  0.6438389 15.4949579  0.7161488
 2958.6 2967.4  0.6506159 15.4520750  0.7160153
 2967.4 2976.2  0.6574703 15.4087009  0.7158802
 2976.2 2985.1  0.6643251 15.3653250  0.7157451
 2985.1 2994.0  0.6712546 15.3213682  0.7156022
 2994.0 3003.0  0.6779122 15.2696590  0.7149102
 3003.0 3012.0  0.6846446 15.2173691  0.7142103
 3012.0 3021.1  0.6913770 15.1650782  0.7135105
 3021.1 3030.3  0.6981844 15.1122065  0.7128029
 3030.3 3039.5  0.7050493 15.0585794  0.7120737
 3039.5 3048.8  0.7114071 14.9997683  0.7109345
 3048.8 3058.1  0.7178341 14.9403172  0.7097829
 3058.1 3067.5  0.7242610 14.8808661  0.7086313
 3067.5 3076.9  0.7307571 14.8207769  0.7074674
 3076.9 3086.4  0.7372530 14.7606878  0.7063034
 3086.4 3096.0  0.7433097 14.6948175  0.7048107
 3096.0 3105.6  0.7494248 14.6281977  0.7032988
 3105.6 3115.3  0.7555398 14.5615778  0.7017869
 3115.3 3125.0  0.7617184 14.4942646  0.7002594
 3125.0 3134.8  0.7678970 14.4269524  0.6987318
 3134.8 3144.7  0.7733166 14.3576097  0.6970726
 3144.7 3154.6  0.7787915 14.2875605  0.6953964
 3154.6 3164.6  0.7842665 14.2175102  0.6937202
 3164.6 3174.6  0.7897967 14.1467524  0.6920272
 3174.6 3184.7  0.7953269 14.0759954  0.6903341
 3184.7 3194.9  0.8000997 14.0037584  0.6886446
 3194.9 3205.1  0.8048860 13.9307728  0.6869392
 3205.1 3215.4  0.8096724 13.8577852  0.6852337
 3215.4 3225.8  0.8145055 13.7840853  0.6835116
 3225.8 3236.2  0.8193126 13.7097340  0.6817859
 3236.2 3246.8  0.8232415 13.6361866  0.6802186
 3246.8 3257.3  0.8272461 13.5612230  0.6786212
 3257.3 3268.0  0.8312129 13.4869671  0.6770388
 3268.0 3278.7  0.8352553 13.4112968  0.6754264
 3278.7 3289.5  0.8389781 13.3360653  0.6738912
 3289.5 3300.3  0.8421254 13.2609663  0.6724897
 3300.3 3311.3  0.8452728 13.1858664  0.6710881
 3311.3 3322.3  0.8484784 13.1093769  0.6696606
 3322.3 3333.3  0.8516840 13.0328865  0.6682330
 3333.3 3344.5  0.8542929 12.9568787  0.6669551
 3344.5 3355.7  0.8567514 12.8796482  0.6657035
 3355.7 3367.0  0.8592100 12.8024178  0.6644519
 3367.0 3378.4  0.8616905 12.7244968  0.6631891
 3378.4 3389.8  0.8638912 12.6517563  0.6620393
 3389.8 3401.4  0.8653821 12.5928202  0.6611814
 3401.4 3413.0  0.8668991 12.5328512  0.6603085
 3413.0 3424.7  0.8684162 12.4728823  0.6594357
 3424.7 3436.4  0.8699463 12.4123964  0.6585553
 3436.4 3448.3  0.8732091 12.2105408  0.6561279
 3448.3 3460.2  0.8765741 12.0014477  0.6536175
 3460.2 3472.2  0.8779256 11.8978729  0.6524798
 3472.2 3484.3  0.8789501 11.8111591  0.6515633
 3484.3 3496.5  0.8799831 11.7237225  0.6506391
 3496.5 3508.8  0.8810247 11.6355639  0.6497072
 3508.8 3521.1  0.8820748 11.5466824  0.6487677
 3521.1 3533.6  0.8831249 11.4578009  0.6478282
 3533.6 3546.1  0.8841921 11.3674736  0.6468735
 3546.1 3558.7  0.8852593 11.2771473  0.6459187
 3558.7 3571.4  0.8860777 11.1839371  0.6450468
 3571.4 3584.2  0.8867864 11.0890093  0.6442090
 3584.2 3597.1  0.8875007 10.9933338  0.6433645
 3597.1 3610.1  0.8882205 10.8969097  0.6425135
 3610.1 3623.2  0.8889460 10.7997398  0.6416558
 3623.2 3636.4  0.8896770 10.7018232  0.6407915
 3636.4 3649.6  0.8904136 10.6031580  0.6399207
 3649.6 3663.0  0.8911502 10.5044909  0.6390498
 3663.0 3676.5  0.8916866 10.4038248  0.6382892
 3676.5 3690.0  0.8922204 10.3023911  0.6375268
 3690.0 3703.7  0.8927542 10.2009573  0.6367643
 3703.7 3717.5  0.8932959 10.0980206  0.6359906
 3717.5 3731.3  0.8938416  9.9943323  0.6352111
 3731.3 3745.3  0.8943872  9.8906441  0.6344317
 3745.3 3759.4  0.8949409  9.7854528  0.6336410
 3759.4 3773.6  0.8954356  9.6813707  0.6329351
 3773.6 3787.9  0.8959024  9.5774841  0.6322697
 3787.9 3802.3  0.8963724  9.4728699  0.6315995
 3802.3 3816.8  0.8968456  9.3675203  0.6309248
 3816.8 3831.4  0.8973222  9.2614403  0.6302453
 3831.4 3846.2  0.8978021  9.1546297  0.6295611
 3846.2 3861.0  0.8982885  9.0463552  0.6288676
 3861.0 3876.0  0.8987694  8.9422226  0.6282745
 3876.0 3891.1  0.8992549  8.8381348  0.6277086
 3891.1 3906.2  0.8997436  8.7333517  0.6271389
 3906.2 3921.6  0.9002323  8.6285696  0.6265693
 3921.6 3937.0  0.9007307  8.5217047  0.6259882
 3937.0 3952.6  0.9012291  8.4148407  0.6254072
 3952.6 3968.3  0.9017376  8.3078384  0.6248388
 3968.3 3984.1  0.9022670  8.2064447  0.6243678
 3984.1 4000.0  0.9027998  8.1044054  0.6238937
 4000.0 4016.1  0.9033360  8.0017204  0.6234168
 4016.1 4032.3  0.9038790  7.8977423  0.6229337
 4032.3 4048.6  0.9044253  7.7931194  0.6224477
 4048.6 4065.0  0.9049750  7.6878505  0.6219587
 4065.0 4081.6  0.9055513  7.5901499  0.6215593
 4081.6 4098.4  0.9061369  7.4920321  0.6211638
 4098.4 4115.2  0.9067295  7.3927345  0.6207635
 4115.2 4132.2  0.9073222  7.2934337  0.6203632
 4132.2 4149.4  0.9079219  7.1929522  0.6199581
 4149.4 4166.7  0.9085286  7.0912905  0.6195483
 4166.7 4184.1  0.9091535  6.9981990  0.6192175
 4184.1 4201.7  0.9097825  6.9049020  0.6188877
 4201.7 4219.4  0.9104188  6.8105321  0.6185541
 4219.4 4237.3  0.9110587  6.7156277  0.6182186
 4237.3 4255.3  0.9117058  6.6196499  0.6178793
 4255.3 4273.5  0.9123538  6.5257864  0.6175581
 4273.5 4291.8  0.9130025  6.4373016  0.6172819
 4291.8 4310.3  0.9136547  6.3483324  0.6170040
 4310.3 4329.0  0.9143140  6.2583899  0.6167232
 4329.0 4347.8  0.9149805  6.1674743  0.6164393
 4347.8 4366.8  0.9156505  6.0760741  0.6161540
 4366.8 4386.0  0.9162989  5.9912982  0.6159137
 4386.0 4405.3  0.9169502  5.9066343  0.6156773
 4405.3 4424.8  0.9176050  5.8215313  0.6154397
 4424.8 4444.4  0.9182665  5.7355456  0.6151996
 4444.4 4464.3  0.9189314  5.6491189  0.6149583
 4464.3 4484.3  0.9195767  5.5670738  0.6147455
 4484.3 4504.5  0.9202135  5.4868612  0.6145443
 4504.5 4524.9  0.9208567  5.4058461  0.6143411
 4524.9 4545.5  0.9215063  5.3240299  0.6141359
 4545.5 4566.2  0.9221622  5.2414107  0.6139286
 4566.2 4587.2  0.9227917  5.1639495  0.6137507
 4587.2 4608.3  0.9234219  5.0869327  0.6135787
 4608.3 4629.6  0.9240550  5.0095510  0.6134059
 4629.6 4651.2  0.9246942  4.9314332  0.6132315
 4651.2 4672.9  0.9253405  4.8525715  0.6130564
 4672.9 4694.8  0.9259579  4.7794213  0.6129125
 4694.8 4717.0  0.9265810  4.7055960  0.6127673
 4717.0 4739.3  0.9272126  4.6307583  0.6126201
 4739.3 4761.9  0.9278470  4.5555854  0.6124722
 4761.9 4784.7  0.9284742  4.4824810  0.6123377
 4784.7 4807.7  0.9290925  4.4115248  0.6122161
 4807.7 4830.9  0.9297162  4.3399467  0.6120933
 4830.9 4854.4  0.9303454  4.2677474  0.6119695
 4854.4 4878.0  0.9309776  4.1956234  0.6118488
 4878.0 4902.0  0.9315904  4.1275959  0.6117483
 4902.0 4926.1  0.9322136  4.0584154  0.6116461
 4926.1 4950.5  0.9328394  3.9889464  0.6115434
 4950.5 4975.1  0.9334725  3.9187169  0.6114398
 4975.1 5000.0  0.9340865  3.8529067  0.6113568
 5000.0 5025.1  0.9347081  3.7862947  0.6112728
 5025.1 5050.5  0.9353346  3.7191470  0.6111881
 5050.5 5076.1  0.9359682  3.6512930  0.6111028
 5076.1 5102.0  0.9365844  3.5877118  0.6110350
 5102.0 5128.2  0.9372079  3.5233858  0.6109664
 5128.2 5154.6  0.9378386  3.4583139  0.6108971
 5154.6 5181.3  0.9384704  3.3935821  0.6108299
 5181.3 5208.3  0.9390918  3.3321230  0.6107751
 5208.3 5235.6  0.9397202  3.2699728  0.6107194
 5235.6 5263.2  0.9403555  3.2071311  0.6106633
 5263.2 5291.0  0.9409880  3.1459446  0.6106128
 5291.0 5319.1  0.9416144  3.0868919  0.6105686
 5319.1 5347.6  0.9422476  3.0272014  0.6105241
 5347.6 5376.3  0.9428898  2.9666615  0.6104789
 5376.3 5405.4  0.9435180  2.9104073  0.6104431
 5405.4 5434.8  0.9441534  2.8538041  0.6104076
 5434.8 5464.5  0.9447953  2.7966180  0.6103717
 5464.5 5494.5  0.9454338  2.7415457  0.6103395
 5494.5 5524.9  0.9460683  2.6887748  0.6103112
 5524.9 5555.6  0.9467113  2.6353006  0.6102825
 5555.6 5586.6  0.9473569  2.5823722  0.6102546
 5586.6 5618.0  0.9479919  2.5337884  0.6102313
 5618.0 5649.7  0.9486351  2.4845779  0.6102077
 5649.7 5681.8  0.9492844  2.4348967  0.6101840
 5681.8 5714.3  0.9499226  2.3902583  0.6101645
 5714.3 5747.1  0.9505686  2.3451173  0.6101448
 5747.1 5780.3  0.9512206  2.2995594  0.6101249
 5780.3 5814.0  0.9518648  2.2579677  0.6101083
 5814.0 5848.0  0.9525173  2.2161887  0.6100917
 5848.0 5882.4  0.9531755  2.1740377  0.6100750
 5882.4 5917.2  0.9538275  2.1353421  0.6100610
 5917.2 5952.4  0.9544861  2.0964427  0.6100471
 5952.4 5988.0  0.9551516  2.0573335  0.6100332
 5988.0 6024.1  0.9558126  2.0210464  0.6100214
 6024.1 6060.6  0.9564829  1.9842499  0.6100094
 6060.6 6097.6  0.9571576  1.9478736  0.6099978
 6097.6 6135.0  0.9578335  1.9130493  0.6099874
 6135.0 6172.8  0.9585168  1.8778489  0.6099770
 6172.8 6211.2  0.9592018  1.8436432  0.6099672
 6211.2 6250.0  0.9598938  1.8098106  0.6099578
 6250.0 6289.3  0.9605929  1.7756262  0.6099482
 6289.3 6329.1  0.9612930  1.7427331  0.6099392
 6329.1 6369.4  0.9620020  1.7094210  0.6099301
 6369.4 6410.3  0.9627166  1.6762607  0.6099209
 6410.3 6451.6  0.9634382  1.6432296  0.6099116
 6451.6 6493.5  0.9641666  1.6099001  0.6099023
 6493.5 6535.9  0.9649000  1.5767145  0.6098921
 6535.9 6578.9  0.9656422  1.5431328  0.6098819
 6578.9 6622.5  0.9663916  1.5091419  0.6098707
 6622.5 6666.7  0.9671499  1.4747094  0.6098590
 6666.7 6711.4  0.9679171  1.4396203  0.6098463
 6711.4 6756.8  0.9686907  1.4038303  0.6098322
 6756.8 6802.7  0.9694758  1.3673167  0.6098174
 6802.7 6849.3  0.9702667  1.3294655  0.6098000
 6849.3 6896.6  0.9710696  1.2910378  0.6097822
 6896.6 6944.4  0.9718809  1.2506504  0.6097607
 6944.4 6993.0  0.9727008  1.2098155  0.6097389
 6993.0 7042.3  0.9735280  1.1672986  0.6097130
 7042.3 7092.2  0.9743664  1.1240375  0.6096862
 7092.2 7142.9  0.9752055  1.0797479  0.6096553
 7142.9 7194.2  0.9760562  1.0346559  0.6096233
 7194.2 7246.4  0.9769028  0.9889949  0.6095866
 7246.4 7299.3  0.9777619  0.9425277  0.6095486
 7299.3 7352.9  0.9786116  0.8959438  0.6095048
 7352.9 7407.4  0.9794695  0.8488436  0.6094597
 7407.4 7462.7  0.9803141  0.8020694  0.6094075
 7462.7 7518.8  0.9811626  0.7550367  0.6093528
 7518.8 7575.8  0.9819944  0.7087818  0.6092913
 7575.8 7633.6  0.9828182  0.6629931  0.6092246
 7633.6 7692.3  0.9836276  0.6180435  0.6091519
 7692.3 7751.9  0.9844072  0.5749928  0.6090701
 7751.9 7812.5  0.9851798  0.5324524  0.6089835
 7812.5 7874.0  0.9858941  0.4937695  0.6088825
 7874.0 7936.5  0.9865839  0.4568363  0.6087738
 7936.5 8000.0  0.9872294  0.4229932  0.6086532
 8000.0 8064.5  0.9877975  0.3945481  0.6085153
 8064.5 8130.1  0.9883199  0.3693784  0.6083655
 8130.1 8196.7  0.9887442  0.3511246  0.6081946
 8196.7 8264.5  0.9890575  0.3407467  0.6080007
 8264.5 8333.3  0.9892818  0.3367671  0.6077870
 8333.3 8403.4  0.9893467  0.3440983  0.6075420
 8403.4 8474.6  0.9892208  0.3650455  0.6072593
 8474.6 8547.0  0.9890319  0.3906019  0.6069618
 8547.0 8620.7  0.9888399  0.4165895  0.6066592
 8620.7 8695.7  0.9886443  0.4430436  0.6063513
 8695.7 8771.9  0.9884453  0.4699643  0.6060379
 8771.9 8849.6  0.9882432  0.4973157  0.6057194
 8849.6 8928.6  0.9880370  0.5252053  0.6053947
 8928.6 9009.0  0.9878275  0.5535617  0.6050646
 9009.0 9090.9  0.9876142  0.5824208  0.6047286
 9090.9 9174.3  0.9873969  0.6118183  0.6043863
 9174.3 9259.3  0.9871756  0.6417538  0.6040378
 9259.3 9345.8  0.9869501  0.6722639  0.6036826
 9345.8 9434.0  0.9867206  0.7033124  0.6033211
 9434.0 9523.8  0.9864866  0.7349712  0.6029526
 9523.8 9615.4  0.9862484  0.7672041  0.6025773
 9615.4 9708.7  0.9860054  0.8000834  0.6021945
 9708.7 9803.9  0.9857578  0.8335726  0.6018047
 9803.9 9901.0  0.9855053  0.8677440  0.6014068
 9901.0 9911.0  0.9852477  0.9025972  0.6010010
