 1176.5 1177.9  0.3899806 21.0660133  0.9105482
 1177.9 1179.2  0.3897576 21.0819759  0.9105630
 1179.2 1180.6  0.3895505 21.0967960  0.9105767
 1180.6 1182.0  0.3893274 21.1127586  0.9105915
 1182.0 1183.4  0.3891044 21.1287212  0.9106063
 1183.4 1184.8  0.3888814 21.1446819  0.9106211
 1184.8 1186.2  0.3886583 21.1606445  0.9106359
 1186.2 1187.6  0.3884353 21.1766052  0.9106507
 1187.6 1189.1  0.3882122 21.1925678  0.9106656
 1189.1 1190.5  0.3879733 21.2096691  0.9106814
 1190.5 1191.9  0.3877502 21.2256317  0.9106962
 1191.9 1193.3  0.3875272 21.2415943  0.9107111
 1193.3 1194.7  0.3873041 21.2575550  0.9107258
 1194.7 1196.2  0.3870811 21.2735157  0.9107407
 1196.2 1197.6  0.3868421 21.2906189  0.9107565
 1197.6 1199.0  0.3866191 21.3065815  0.9107713
 1199.0 1200.5  0.3863961 21.3225422  0.9107862
 1200.5 1201.9  0.3861571 21.3396454  0.9108020
 1201.9 1203.4  0.3859340 21.3556061  0.9108168
 1203.4 1204.8  0.3856951 21.3727093  0.9108326
 1204.8 1206.3  0.3854720 21.3886700  0.9108475
 1206.3 1207.7  0.3852330 21.4057732  0.9108633
 1207.7 1209.2  0.3850100 21.4217339  0.9108781
 1209.2 1210.7  0.3847710 21.4388351  0.9108940
 1210.7 1212.1  0.3845321 21.4559383  0.9109099
 1212.1 1213.6  0.3843090 21.4718990  0.9109247
 1213.6 1215.1  0.3840701 21.4890022  0.9109405
 1215.1 1216.5  0.3838311 21.5061035  0.9109564
 1216.5 1218.0  0.3836080 21.5220661  0.9109712
 1218.0 1219.5  0.3833691 21.5391674  0.9109871
 1219.5 1221.0  0.3831301 21.5562706  0.9110029
 1221.0 1222.5  0.3828911 21.5733719  0.9110188
 1222.5 1224.0  0.3826522 21.5904732  0.9110346
 1224.0 1225.5  0.3824132 21.6075764  0.9110506
 1225.5 1227.0  0.3821742 21.6246777  0.9110664
 1227.0 1228.5  0.3819352 21.6417789  0.9110823
 1228.5 1230.0  0.3816963 21.6588821  0.9110981
 1230.0 1231.5  0.3814573 21.6759834  0.9111140
 1231.5 1233.0  0.3812183 21.6930847  0.9111298
 1233.0 1234.6  0.3809794 21.7101879  0.9111457
 1234.6 1236.1  0.3807245 21.7284298  0.9111626
 1236.1 1237.6  0.3804855 21.7455311  0.9111785
 1237.6 1239.2  0.3802465 21.7626324  0.9111944
 1239.2 1240.7  0.3799916 21.7808743  0.9112113
 1240.7 1242.2  0.3797526 21.7979774  0.9112272
 1242.2 1243.8  0.3795137 21.8150787  0.9112430
 1243.8 1245.3  0.3792588 21.8333225  0.9112599
 1245.3 1246.9  0.3790198 21.8504238  0.9112758
 1246.9 1248.4  0.3787649 21.8686657  0.9112927
 1248.4 1250.0  0.3785259 21.8857670  0.9113086
 1250.0 1251.6  0.3782710 21.9040089  0.9113255
 1251.6 1253.1  0.3780161 21.9222507  0.9113424
 1253.1 1254.7  0.3777772 21.9393539  0.9113583
 1254.7 1256.3  0.3775223 21.9575958  0.9113752
 1256.3 1257.9  0.3772673 21.9758377  0.9113922
 1257.9 1259.4  0.3770124 21.9940796  0.9114091
 1259.4 1261.0  0.3767734 22.0111828  0.9114249
 1261.0 1262.6  0.3765185 22.0294247  0.9114419
 1262.6 1264.2  0.3762636 22.0476665  0.9114588
 1264.2 1265.8  0.3760087 22.0659084  0.9114757
 1265.8 1267.4  0.3757538 22.0841503  0.9114926
 1267.4 1269.0  0.3754990 22.1023922  0.9115095
 1269.0 1270.6  0.3752441 22.1206341  0.9115264
 1270.6 1272.3  0.3749892 22.1388760  0.9115434
 1272.3 1273.9  0.3747183 22.1582603  0.9115614
 1273.9 1275.5  0.3744634 22.1765022  0.9115783
 1275.5 1277.1  0.3742085 22.1947441  0.9115952
 1277.1 1278.8  0.3739536 22.2129841  0.9116122
 1278.8 1280.4  0.3736828 22.2323685  0.9116301
 1280.4 1282.1  0.3734279 22.2506104  0.9116470
 1282.1 1283.7  0.3731570 22.2699909  0.9116650
 1283.7 1285.3  0.3729021 22.2882328  0.9116820
 1285.3 1287.0  0.3726472 22.3064766  0.9116989
 1287.0 1288.7  0.3723764 22.3258591  0.9117168
 1288.7 1290.3  0.3721056 22.3452396  0.9117348
 1290.3 1292.0  0.3718506 22.3634834  0.9117517
 1292.0 1293.7  0.3715798 22.3828640  0.9117697
 1293.7 1295.3  0.3713090 22.4022465  0.9117877
 1295.3 1297.0  0.3710541 22.4204903  0.9118046
 1297.0 1298.7  0.3707832 22.4398708  0.9118226
 1298.7 1300.4  0.3705124 22.4592533  0.9118406
 1300.4 1302.1  0.3702622 22.4772015  0.9118546
 1302.1 1303.8  0.3700793 22.4904900  0.9118555
 1303.8 1305.5  0.3698963 22.5037785  0.9118564
 1305.5 1307.2  0.3697133 22.5170650  0.9118574
 1307.2 1308.9  0.3695304 22.5303516  0.9118583
 1308.9 1310.6  0.3693474 22.5436401  0.9118592
 1310.6 1312.3  0.3691644 22.5569267  0.9118602
 1312.3 1314.1  0.3689815 22.5702152  0.9118611
 1314.1 1315.8  0.3687877 22.5842838  0.9118621
 1315.8 1317.5  0.3686047 22.5975723  0.9118630
 1317.5 1319.3  0.3684218 22.6108608  0.9118640
 1319.3 1321.0  0.3682280 22.6249294  0.9118650
 1321.0 1322.8  0.3680451 22.6382179  0.9118659
 1322.8 1324.5  0.3678513 22.6522865  0.9118669
 1324.5 1326.3  0.3676684 22.6655750  0.9118679
 1326.3 1328.0  0.3674746 22.6796436  0.9118689
 1328.0 1329.8  0.3672917 22.6929302  0.9118698
 1329.8 1331.6  0.3670979 22.7070007  0.9118708
 1331.6 1333.3  0.3669042 22.7210693  0.9118718
 1333.3 1335.1  0.3667212 22.7343578  0.9118727
 1335.1 1336.9  0.3665275 22.7484264  0.9118737
 1336.9 1338.7  0.3663338 22.7624969  0.9118747
 1338.7 1340.5  0.3661400 22.7765656  0.9118757
 1340.5 1342.3  0.3659463 22.7906342  0.9118767
 1342.3 1344.1  0.3657525 22.8047047  0.9118777
 1344.1 1345.9  0.3655588 22.8187733  0.9118786
 1345.9 1347.7  0.3653651 22.8328419  0.9118797
 1347.7 1349.5  0.3651714 22.8469105  0.9118807
 1349.5 1351.4  0.3649776 22.8609810  0.9118816
 1351.4 1353.2  0.3647858 22.8749905  0.9118767
 1353.2 1355.0  0.3646084 22.8879757  0.9118699
 1355.0 1356.9  0.3644310 22.9009628  0.9118631
 1356.9 1358.7  0.3642437 22.9146709  0.9118560
 1358.7 1360.5  0.3640663 22.9276581  0.9118492
 1360.5 1362.4  0.3638889 22.9406452  0.9118424
 1362.4 1364.3  0.3637016 22.9543533  0.9118353
 1364.3 1366.1  0.3635143 22.9680614  0.9118282
 1366.1 1368.0  0.3633369 22.9810486  0.9118214
 1368.0 1369.9  0.3631496 22.9947567  0.9118142
 1369.9 1371.7  0.3629623 23.0084648  0.9118071
 1371.7 1373.6  0.3627849 23.0214520  0.9118003
 1373.6 1375.5  0.3625976 23.0351601  0.9117932
 1375.5 1377.4  0.3624104 23.0488682  0.9117860
 1377.4 1379.3  0.3622231 23.0625763  0.9117789
 1379.3 1381.2  0.3620358 23.0762844  0.9117717
 1381.2 1383.1  0.3618486 23.0899925  0.9117646
 1383.1 1385.0  0.3616613 23.1037006  0.9117574
 1385.0 1387.0  0.3614740 23.1174088  0.9117503
 1387.0 1388.9  0.3612769 23.1318378  0.9117427
 1388.9 1390.8  0.3610896 23.1455479  0.9117356
 1390.8 1392.8  0.3609023 23.1592560  0.9117285
 1392.8 1394.7  0.3607052 23.1736851  0.9117209
 1394.7 1396.6  0.3605179 23.1873932  0.9117138
 1396.6 1398.6  0.3603306 23.2011013  0.9117067
 1398.6 1400.6  0.3601335 23.2155304  0.9116991
 1400.6 1402.5  0.3599415 23.2296104  0.9116893
 1402.5 1404.5  0.3597704 23.2422104  0.9116748
 1404.5 1406.5  0.3595904 23.2554722  0.9116595
 1406.5 1408.5  0.3594103 23.2687340  0.9116443
 1408.5 1410.4  0.3592302 23.2819977  0.9116290
 1410.4 1412.4  0.3590591 23.2945976  0.9116145
 1412.4 1414.4  0.3588790 23.3078594  0.9115993
 1414.4 1416.4  0.3586990 23.3211212  0.9115840
 1416.4 1418.4  0.3585189 23.3343849  0.9115688
 1418.4 1420.5  0.3583388 23.3476467  0.9115536
 1420.5 1422.5  0.3581497 23.3615723  0.9115375
 1422.5 1424.5  0.3579696 23.3748341  0.9115223
 1424.5 1426.5  0.3577896 23.3880978  0.9115070
 1426.5 1428.6  0.3576095 23.4013596  0.9114918
 1428.6 1430.6  0.3574204 23.4152851  0.9114757
 1430.6 1432.7  0.3572403 23.4285469  0.9114605
 1432.7 1434.7  0.3570513 23.4424725  0.9114445
 1434.7 1436.8  0.3568712 23.4557362  0.9114292
 1436.8 1438.8  0.3566821 23.4696617  0.9114132
 1438.8 1440.9  0.3565020 23.4829235  0.9113979
 1440.9 1443.0  0.3563130 23.4968491  0.9113819
 1443.0 1445.1  0.3561239 23.5107746  0.9113659
 1445.1 1447.2  0.3559348 23.5247002  0.9113499
 1447.2 1449.3  0.3557457 23.5386257  0.9113339
 1449.3 1451.4  0.3555566 23.5525513  0.9113179
 1451.4 1453.5  0.3553788 23.5656796  0.9112970
 1453.5 1455.6  0.3552067 23.5784073  0.9112737
 1455.6 1457.7  0.3550346 23.5911350  0.9112505
 1457.7 1459.9  0.3548624 23.6038647  0.9112272
 1459.9 1462.0  0.3546821 23.6171989  0.9112028
 1462.0 1464.1  0.3545099 23.6299267  0.9111795
 1464.1 1466.3  0.3543378 23.6426544  0.9111562
 1466.3 1468.4  0.3541574 23.6559906  0.9111319
 1468.4 1470.6  0.3539853 23.6687183  0.9111086
 1470.6 1472.8  0.3538050 23.6820526  0.9110842
 1472.8 1474.9  0.3536246 23.6953869  0.9110598
 1474.9 1477.1  0.3534525 23.7081146  0.9110366
 1477.1 1479.3  0.3532722 23.7214489  0.9110121
 1479.3 1481.5  0.3530918 23.7347851  0.9109877
 1481.5 1483.7  0.3529115 23.7481174  0.9109634
 1483.7 1485.9  0.3527312 23.7614517  0.9109390
 1485.9 1488.1  0.3525508 23.7747879  0.9109146
 1488.1 1490.3  0.3523705 23.7881222  0.9108902
 1490.3 1492.5  0.3521901 23.8014565  0.9108658
 1492.5 1494.8  0.3520098 23.8147907  0.9108415
 1494.8 1497.0  0.3518213 23.8287315  0.9108160
 1497.0 1499.3  0.3516409 23.8420658  0.9107916
 1499.3 1501.5  0.3514524 23.8560066  0.9107661
 1501.5 1503.8  0.3512836 23.8684978  0.9107371
 1503.8 1506.0  0.3511126 23.8811474  0.9107046
 1506.0 1508.3  0.3509492 23.8932476  0.9106734
 1508.3 1510.6  0.3507783 23.9058971  0.9106408
 1510.6 1512.9  0.3506073 23.9185467  0.9106083
 1512.9 1515.2  0.3504364 23.9311962  0.9105757
 1515.2 1517.5  0.3502655 23.9438457  0.9105431
 1517.5 1519.8  0.3500946 23.9564953  0.9105106
 1519.8 1522.1  0.3499237 23.9691448  0.9104781
 1522.1 1524.4  0.3497528 23.9817944  0.9104455
 1524.4 1526.7  0.3495819 23.9944439  0.9104129
 1526.7 1529.1  0.3494110 24.0070934  0.9103804
 1529.1 1531.4  0.3492326 24.0202942  0.9103464
 1531.4 1533.7  0.3490617 24.0329437  0.9103138
 1533.7 1536.1  0.3488908 24.0455933  0.9102813
 1536.1 1538.5  0.3487125 24.0587921  0.9102473
 1538.5 1540.8  0.3485341 24.0719929  0.9102134
 1540.8 1543.2  0.3483632 24.0846424  0.9101808
 1543.2 1545.6  0.3481849 24.0978413  0.9101468
 1545.6 1548.0  0.3480065 24.1110420  0.9101129
 1548.0 1550.4  0.3478282 24.1242409  0.9100789
 1550.4 1552.8  0.3476528 24.1372185  0.9100438
 1552.8 1555.2  0.3474920 24.1490822  0.9100034
 1555.2 1557.6  0.3473313 24.1609440  0.9099629
 1557.6 1560.1  0.3471705 24.1728077  0.9099224
 1560.1 1562.5  0.3470031 24.1851654  0.9098803
 1562.5 1564.9  0.3468423 24.1970291  0.9098398
 1564.9 1567.4  0.3466816 24.2088928  0.9097993
 1567.4 1569.9  0.3465141 24.2212505  0.9097572
 1569.9 1572.3  0.3463466 24.2336082  0.9097151
 1572.3 1574.8  0.3461859 24.2454700  0.9096746
 1574.8 1577.3  0.3460184 24.2578278  0.9096324
 1577.3 1579.8  0.3458510 24.2701855  0.9095902
 1579.8 1582.3  0.3456835 24.2825432  0.9095481
 1582.3 1584.8  0.3455161 24.2949009  0.9095060
 1584.8 1587.3  0.3453486 24.3072586  0.9094638
 1587.3 1589.8  0.3451812 24.3196163  0.9094217
 1589.8 1592.4  0.3450137 24.3319740  0.9093795
 1592.4 1594.9  0.3448395 24.3448257  0.9093357
 1594.9 1597.4  0.3446721 24.3571835  0.9092935
 1597.4 1600.0  0.3445047 24.3695412  0.9092513
 1600.0 1602.6  0.3443305 24.3823929  0.9092075
 1602.6 1605.1  0.3441752 24.3937950  0.9091569
 1605.1 1607.7  0.3440259 24.4047585  0.9091082
 1607.7 1610.3  0.3438706 24.4161587  0.9090576
 1610.3 1612.9  0.3437153 24.4275608  0.9090070
 1612.9 1615.5  0.3435600 24.4389629  0.9089564
 1615.5 1618.1  0.3434047 24.4503651  0.9089058
 1618.1 1620.7  0.3432494 24.4617672  0.9088552
 1620.7 1623.4  0.3430941 24.4731674  0.9088045
 1623.4 1626.0  0.3429328 24.4850082  0.9087520
 1626.0 1628.7  0.3427775 24.4964104  0.9087014
 1628.7 1631.3  0.3426162 24.5082512  0.9086488
 1631.3 1634.0  0.3424609 24.5196533  0.9085982
 1634.0 1636.7  0.3422996 24.5314922  0.9085457
 1636.7 1639.3  0.3421384 24.5433331  0.9084931
 1639.3 1642.0  0.3419830 24.5547352  0.9084425
 1642.0 1644.7  0.3418218 24.5665760  0.9083899
 1644.7 1647.4  0.3416605 24.5784149  0.9083374
 1647.4 1650.2  0.3414992 24.5902557  0.9082848
 1650.2 1652.9  0.3413335 24.6024208  0.9082296
 1652.9 1655.6  0.3411930 24.6127338  0.9081689
 1655.6 1658.4  0.3410525 24.6230450  0.9081081
 1658.4 1661.1  0.3409068 24.6337395  0.9080450
 1661.1 1663.9  0.3407663 24.6440525  0.9079842
 1663.9 1666.7  0.3406207 24.6547451  0.9079211
 1666.7 1669.4  0.3404750 24.6654396  0.9078581
 1669.4 1672.2  0.3403345 24.6757526  0.9077973
 1672.2 1675.0  0.3401888 24.6864452  0.9077342
 1675.0 1677.9  0.3400431 24.6971397  0.9076712
 1677.9 1680.7  0.3398922 24.7082157  0.9076058
 1680.7 1683.5  0.3397465 24.7189102  0.9075428
 1683.5 1686.3  0.3396008 24.7296028  0.9074797
 1686.3 1689.2  0.3394551 24.7402973  0.9074166
 1689.2 1692.0  0.3393042 24.7513733  0.9073514
 1692.0 1694.9  0.3391585 24.7620678  0.9072883
 1694.9 1697.8  0.3390076 24.7731438  0.9072230
 1697.8 1700.7  0.3388568 24.7842197  0.9071577
 1700.7 1703.6  0.3387202 24.7942543  0.9070961
 1703.6 1706.5  0.3386286 24.8010216  0.9070461
 1706.5 1709.4  0.3385370 24.8077888  0.9069961
 1709.4 1712.3  0.3384454 24.8145561  0.9069461
 1712.3 1715.3  0.3383539 24.8213234  0.9068962
 1715.3 1718.2  0.3382591 24.8283234  0.9068445
 1718.2 1721.2  0.3381675 24.8350906  0.9067945
 1721.2 1724.1  0.3380728 24.8420906  0.9067428
 1724.1 1727.1  0.3379812 24.8488579  0.9066928
 1727.1 1730.1  0.3378865 24.8558578  0.9066411
 1730.1 1733.1  0.3377917 24.8628578  0.9065894
 1733.1 1736.1  0.3376970 24.8698578  0.9065377
 1736.1 1739.1  0.3376023 24.8768578  0.9064860
 1739.1 1742.2  0.3375075 24.8838577  0.9064344
 1742.2 1745.2  0.3374096 24.8910923  0.9063810
 1745.2 1748.3  0.3373149 24.8980923  0.9063292
 1748.3 1751.3  0.3372170 24.9053268  0.9062758
 1751.3 1754.4  0.3371223 24.9123268  0.9062241
 1754.4 1757.5  0.3370210 24.9198284  0.9061664
 1757.5 1760.6  0.3368969 24.9291439  0.9060794
 1760.6 1763.7  0.3367729 24.9384575  0.9059925
 1763.7 1766.8  0.3366488 24.9477711  0.9059055
 1766.8 1769.9  0.3365248 24.9570866  0.9058186
 1769.9 1773.0  0.3364007 24.9664021  0.9057317
 1773.0 1776.2  0.3362857 24.9751396  0.9056401
 1776.2 1779.4  0.3361673 24.9841404  0.9055455
 1779.4 1782.5  0.3360489 24.9931412  0.9054508
 1782.5 1785.7  0.3359342 25.0018597  0.9053591
 1785.7 1788.9  0.3358158 25.0108604  0.9052645
 1788.9 1792.1  0.3357064 25.0192966  0.9051651
 1792.1 1795.3  0.3355980 25.0276756  0.9050652
 1795.3 1798.6  0.3354895 25.0360546  0.9049654
 1798.6 1801.8  0.3353777 25.0446949  0.9048624
 1801.8 1805.1  0.3352693 25.0530739  0.9047626
 1805.1 1808.3  0.3351648 25.0613194  0.9046509
 1808.3 1811.6  0.3350639 25.0692902  0.9045421
 1811.6 1814.9  0.3349599 25.0775108  0.9044300
 1814.9 1818.2  0.3348558 25.0857296  0.9043178
 1818.2 1821.5  0.3347527 25.0938950  0.9042054
 1821.5 1824.8  0.3346631 25.1011868  0.9040905
 1824.8 1828.2  0.3345735 25.1084785  0.9039755
 1828.2 1831.5  0.3344812 25.1159935  0.9038571
 1831.5 1834.9  0.3343916 25.1232853  0.9037421
 1834.9 1838.2  0.3342993 25.1307983  0.9036236
 1838.2 1841.6  0.3342214 25.1374035  0.9035022
 1841.6 1845.0  0.3341415 25.1441841  0.9033768
 1845.0 1848.4  0.3340615 25.1509666  0.9032515
 1848.4 1851.9  0.3339816 25.1577492  0.9031261
 1851.9 1855.3  0.3338993 25.1647301  0.9029971
 1855.3 1858.7  0.3338303 25.1709423  0.9028606
 1858.7 1862.2  0.3337617 25.1771374  0.9027239
 1862.2 1865.7  0.3336910 25.1835136  0.9025831
 1865.7 1869.2  0.3336203 25.1898918  0.9024423
 1869.2 1872.7  0.3335505 25.1962128  0.9023013
 1872.7 1876.2  0.3334958 25.2016068  0.9021564
 1876.2 1879.7  0.3334411 25.2070007  0.9020116
 1879.7 1883.2  0.3333865 25.2123947  0.9018667
 1883.2 1886.8  0.3333318 25.2177887  0.9017218
 1886.8 1890.4  0.3332755 25.2233372  0.9015728
 1890.4 1893.9  0.3332338 25.2280731  0.9014152
 1893.9 1897.5  0.3331940 25.2326317  0.9012615
 1897.5 1901.1  0.3331532 25.2373199  0.9011035
 1901.1 1904.8  0.3331123 25.2420063  0.9009454
 1904.8 1908.4  0.3330703 25.2468243  0.9007829
 1908.4 1912.0  0.3330442 25.2507610  0.9006112
 1912.0 1915.7  0.3330190 25.2546520  0.9004387
 1915.7 1919.4  0.3329930 25.2586517  0.9002614
 1919.4 1923.1  0.3329671 25.2626514  0.9000841
 1923.1 1926.8  0.3329417 25.2666225  0.8999066
 1926.8 1930.5  0.3329338 25.2695675  0.8997235
 1930.5 1934.2  0.3329260 25.2725143  0.8995404
 1934.2 1938.0  0.3329181 25.2754593  0.8993573
 1938.0 1941.7  0.3329101 25.2784843  0.8991691
 1941.7 1945.5  0.3329022 25.2814312  0.8989860
 1945.5 1949.3  0.3329116 25.2835236  0.8987873
 1949.3 1953.1  0.3329224 25.2855358  0.8985875
 1953.1 1956.9  0.3329333 25.2875481  0.8983878
 1956.9 1960.8  0.3329441 25.2895603  0.8981881
 1960.8 1964.6  0.3329552 25.2916241  0.8979831
 1964.6 1968.5  0.3329846 25.2927189  0.8977667
 1968.5 1972.4  0.3330158 25.2937908  0.8975436
 1972.4 1976.3  0.3330471 25.2948608  0.8973206
 1976.3 1980.2  0.3330783 25.2959309  0.8970975
 1980.2 1984.1  0.3331103 25.2969551  0.8968741
 1984.1 1988.1  0.3331574 25.2971210  0.8966452
 1988.1 1992.0  0.3332057 25.2972908  0.8964105
 1992.0 1996.0  0.3332528 25.2974548  0.8961816
 1996.0 2000.0  0.3333011 25.2976246  0.8959469
 2000.0 2004.0  0.3333494 25.2977943  0.8957121
 2004.0 2008.0  0.3334135 25.2972050  0.8954599
 2008.0 2012.1  0.3334776 25.2966137  0.8952078
 2012.1 2016.1  0.3335433 25.2960091  0.8949494
 2016.1 2020.2  0.3336074 25.2954197  0.8946973
 2020.2 2024.3  0.3336735 25.2947884  0.8944387
 2024.3 2028.4  0.3337483 25.2936478  0.8941764
 2028.4 2032.5  0.3338231 25.2925091  0.8939140
 2032.5 2036.7  0.3338979 25.2913685  0.8936517
 2036.7 2040.8  0.3339745 25.2902012  0.8933830
 2040.8 2045.0  0.3340493 25.2890606  0.8931207
 2045.0 2049.2  0.3341326 25.2875557  0.8928431
 2049.2 2053.4  0.3342163 25.2860336  0.8925650
 2053.4 2057.6  0.3343000 25.2845116  0.8922870
 2057.6 2061.9  0.3343836 25.2829895  0.8920089
 2061.9 2066.1  0.3344693 25.2814312  0.8917242
 2066.1 2070.4  0.3345578 25.2797489  0.8914316
 2070.4 2074.7  0.3346485 25.2780228  0.8911316
 2074.7 2079.0  0.3347392 25.2762985  0.8908315
 2079.0 2083.3  0.3348299 25.2745724  0.8905315
 2083.3 2087.7  0.3349205 25.2728558  0.8902311
 2087.7 2092.1  0.3350114 25.2712193  0.8899171
 2092.1 2096.4  0.3351024 25.2695847  0.8896031
 2096.4 2100.8  0.3351912 25.2679863  0.8892962
 2100.8 2105.3  0.3352822 25.2663498  0.8889822
 2105.3 2109.7  0.3353746 25.2647076  0.8886611
 2109.7 2114.2  0.3354568 25.2635059  0.8883484
 2114.2 2118.6  0.3355409 25.2622776  0.8880285
 2118.6 2123.1  0.3356231 25.2610760  0.8877158
 2123.1 2127.7  0.3357072 25.2598476  0.8873959
 2127.7 2132.2  0.3357931 25.2585926  0.8870689
 2132.2 2136.8  0.3358656 25.2580204  0.8867450
 2136.8 2141.3  0.3359390 25.2574825  0.8864137
 2141.3 2145.9  0.3360107 25.2569580  0.8860896
 2145.9 2150.5  0.3360840 25.2564201  0.8857582
 2150.5 2155.2  0.3361574 25.2558842  0.8854268
 2155.2 2159.8  0.3362175 25.2563763  0.8850659
 2159.8 2164.5  0.3362747 25.2569790  0.8847099
 2164.5 2169.2  0.3363331 25.2575951  0.8843462
 2169.2 2173.9  0.3363915 25.2582111  0.8839826
 2173.9 2178.6  0.3364499 25.2588272  0.8836190
 2178.6 2183.4  0.3364790 25.2605686  0.8833020
 2183.4 2188.2  0.3365080 25.2623730  0.8829795
 2188.2 2193.0  0.3365371 25.2641773  0.8826568
 2193.0 2197.8  0.3365662 25.2659817  0.8823342
 2197.8 2202.6  0.3365953 25.2677860  0.8820117
 2202.6 2207.5  0.3366068 25.2708511  0.8816622
 2207.5 2212.4  0.3366035 25.2750702  0.8812824
 2212.4 2217.3  0.3366002 25.2792873  0.8809026
 2217.3 2222.2  0.3365969 25.2835064  0.8805228
 2222.2 2227.2  0.3365919 25.2878113  0.8801438
 2227.2 2232.1  0.3365468 25.2942295  0.8797771
 2232.1 2237.1  0.3365027 25.3005219  0.8794178
 2237.1 2242.2  0.3364576 25.3069420  0.8790511
 2242.2 2247.2  0.3364117 25.3134899  0.8786771
 2247.2 2252.3  0.3363646 25.3200169  0.8783110
 2252.3 2257.3  0.3362677 25.3292942  0.8779502
 2257.3 2262.4  0.3361726 25.3383884  0.8775964
 2262.4 2267.6  0.3360756 25.3476658  0.8772357
 2267.6 2272.7  0.3359768 25.3571243  0.8768678
 2272.7 2277.9  0.3358798 25.3664017  0.8765070
 2277.9 2283.1  0.3357182 25.3793850  0.8761410
 2283.1 2288.3  0.3355526 25.3925858  0.8757751
 2288.3 2293.6  0.3353871 25.4057865  0.8754092
 2293.6 2298.9  0.3352184 25.4192410  0.8750362
 2298.9 2304.1  0.3350497 25.4326954  0.8746632
 2304.1 2309.5  0.3348162 25.4495468  0.8743154
 2309.5 2314.8  0.3345724 25.4671211  0.8739545
 2314.8 2320.2  0.3343331 25.4843712  0.8736003
 2320.2 2325.6  0.3340893 25.5019436  0.8732394
 2325.6 2331.0  0.3338455 25.5195198  0.8728785
 2331.0 2336.4  0.3335146 25.5419407  0.8725260
 2336.4 2341.9  0.3331767 25.5647488  0.8721741
 2341.9 2347.4  0.3328326 25.5879803  0.8718157
 2347.4 2352.9  0.3324885 25.6112099  0.8714573
 2352.9 2358.5  0.3321443 25.6344414  0.8710989
 2358.5 2364.1  0.3316949 25.6635571  0.8707541
 2364.1 2369.7  0.3312436 25.6927700  0.8704097
 2369.7 2375.3  0.3307923 25.7219830  0.8700653
 2375.3 2381.0  0.3303410 25.7511959  0.8697209
 2381.0 2386.6  0.3298817 25.7809315  0.8693703
 2386.6 2392.3  0.3293587 25.8143101  0.8690587
 2392.3 2398.1  0.3288263 25.8482819  0.8687415
 2398.1 2403.8  0.3282846 25.8828506  0.8684188
 2403.8 2409.6  0.3277523 25.9168243  0.8681016
 2409.6 2415.5  0.3272105 25.9513931  0.8677788
 2415.5 2421.3  0.3266232 25.9895191  0.8674831
 2421.3 2427.2  0.3260432 26.0272121  0.8671947
 2427.2 2433.1  0.3254532 26.0655537  0.8669012
 2433.1 2439.0  0.3248632 26.1038952  0.8666078
 2439.0 2445.0  0.3242732 26.1422367  0.8663144
 2445.0 2451.0  0.3237149 26.1806622  0.8660706
 2451.0 2457.0  0.3231565 26.2190876  0.8658268
 2457.0 2463.1  0.3225981 26.2575111  0.8655829
 2463.1 2469.1  0.3220305 26.2965775  0.8653350
 2469.1 2475.2  0.3214741 26.3349361  0.8650924
 2475.2 2481.4  0.3210271 26.3699799  0.8649153
 2481.4 2487.6  0.3205727 26.4055996  0.8647354
 2487.6 2493.8  0.3201184 26.4412174  0.8645554
 2493.8 2500.0  0.3196640 26.4768372  0.8643754
 2500.0 2506.3  0.3192097 26.5124550  0.8641954
 2506.3 2512.6  0.3189610 26.5403175  0.8641029
 2512.6 2518.9  0.3187124 26.5681801  0.8640104
 2518.9 2525.3  0.3184637 26.5960407  0.8639179
 2525.3 2531.6  0.3182111 26.6243458  0.8638239
 2531.6 2538.1  0.3179624 26.6522083  0.8637314
 2538.1 2544.5  0.3179964 26.6696987  0.8637387
 2544.5 2551.0  0.3180487 26.6861935  0.8637524
 2551.0 2557.5  0.3181018 26.7029476  0.8637665
 2557.5 2564.1  0.3181549 26.7196999  0.8637805
 2564.1 2570.7  0.3182154 26.7364464  0.8637968
 2570.7 2577.3  0.3187052 26.7359581  0.8639476
 2577.3 2584.0  0.3191950 26.7354717  0.8640984
 2584.0 2590.7  0.3196923 26.7349758  0.8642516
 2590.7 2597.4  0.3201895 26.7344799  0.8644047
 2597.4 2604.2  0.3207175 26.7326736  0.8645666
 2604.2 2611.0  0.3217470 26.7098751  0.8648723
 2611.0 2617.8  0.3227765 26.6870747  0.8651779
 2617.8 2624.7  0.3238060 26.6642761  0.8654836
 2624.7 2631.6  0.3248506 26.6411419  0.8657937
 2631.6 2638.5  0.3258953 26.6180077  0.8661038
 2638.5 2645.5  0.3275431 26.5704861  0.8665691
 2645.5 2652.5  0.3292525 26.5207520  0.8670508
 2652.5 2659.6  0.3309619 26.4710178  0.8675325
 2659.6 2666.7  0.3326957 26.4205723  0.8680211
 2666.7 2673.8  0.3344295 26.3701305  0.8685097
 2673.8 2681.0  0.3367578 26.2964153  0.8691219
 2681.0 2688.2  0.3391454 26.2206211  0.8697484
 2688.2 2695.4  0.3415330 26.1448288  0.8703748
 2695.4 2702.7  0.3439206 26.0690346  0.8710012
 2702.7 2710.0  0.3463414 25.9921875  0.8716364
 2710.0 2717.4  0.3493367 25.8942776  0.8723546
 2717.4 2724.8  0.3523979 25.7941132  0.8730862
 2724.8 2732.2  0.3554593 25.6939468  0.8738178
 2732.2 2739.7  0.3585205 25.5937824  0.8745494
 2739.7 2747.3  0.3616232 25.4922619  0.8752909
 2747.3 2754.8  0.3653255 25.3706436  0.8760790
 2754.8 2762.4  0.3690017 25.2498684  0.8768582
 2762.4 2770.1  0.3727269 25.1274834  0.8776477
 2770.1 2777.8  0.3765013 25.0034828  0.8784477
 2777.8 2785.5  0.3802755 24.8794861  0.8792476
 2785.5 2793.3  0.3845793 24.7397594  0.8800300
 2793.3 2801.1  0.3889534 24.5977917  0.8808220
 2801.1 2809.0  0.3933274 24.4558239  0.8816140
 2809.0 2816.9  0.3977575 24.3120384  0.8824161
 2816.9 2824.9  0.4021876 24.1682529  0.8832183
 2824.9 2832.9  0.4072501 24.0079937  0.8839564
 2832.9 2840.9  0.4123200 23.8475475  0.8846934
 2840.9 2849.0  0.4173898 23.6871014  0.8854306
 2849.0 2857.1  0.4225231 23.5246487  0.8861769
 2857.1 2865.3  0.4276606 23.3621387  0.8869211
 2865.3 2873.6  0.4332021 23.1931057  0.8875042
 2873.6 2881.8  0.4388113 23.0220089  0.8880944
 2881.8 2890.2  0.4443528 22.8529758  0.8886775
 2890.2 2898.6  0.4500294 22.6798210  0.8892748
 2898.6 2907.0  0.4557062 22.5066605  0.8898722
 2907.0 2915.5  0.4619349 22.3254986  0.8902522
 2915.5 2924.0  0.4682657 22.1417713  0.8906257
 2924.0 2932.6  0.4745965 21.9580460  0.8909993
 2932.6 2941.2  0.4810019 21.7721558  0.8913772
 2941.2 2949.9  0.4874132 21.5863266  0.8917485
 2949.9 2958.6  0.4941616 21.4007149  0.8918474
 2958.6 2967.4  0.5009102 21.2150955  0.8919463
 2967.4 2976.2  0.5077361 21.0273533  0.8920464
 2976.2 2985.1  0.5145621 20.8396034  0.8921464
 2985.1 2994.0  0.5214689 20.6497421  0.8922446
 2994.0 3003.0  0.5286491 20.4617729  0.8920859
 3003.0 3012.0  0.5359100 20.2716904  0.8919253
 3012.0 3021.1  0.5431710 20.0816078  0.8917648
 3021.1 3030.3  0.5505127 19.8894119  0.8916025
 3030.3 3039.5  0.5579324 19.6954327  0.8914317
 3039.5 3048.8  0.5652789 19.5111275  0.8910640
 3048.8 3058.1  0.5727054 19.3248158  0.8906924
 3058.1 3067.5  0.5801319 19.1385059  0.8903206
 3067.5 3076.9  0.5876381 18.9501953  0.8899449
 3076.9 3086.4  0.5951443 18.7618847  0.8895692
 3086.4 3096.0  0.6025893 18.5822029  0.8890380
 3096.0 3105.6  0.6101114 18.4007416  0.8884995
 3105.6 3115.3  0.6176333 18.2192802  0.8879610
 3115.3 3125.0  0.6252335 18.0359325  0.8874169
 3125.0 3134.8  0.6328338 17.8525829  0.8868728
 3134.8 3144.7  0.6398920 17.6885166  0.8862581
 3144.7 3154.6  0.6470221 17.5227776  0.8856372
 3154.6 3164.6  0.6541524 17.3570347  0.8850162
 3164.6 3174.6  0.6613546 17.1896191  0.8843889
 3174.6 3184.7  0.6685568 17.0222054  0.8837617
 3184.7 3194.9  0.6751141 16.8753662  0.8831285
 3194.9 3205.1  0.6817065 16.7279987  0.8824891
 3205.1 3215.4  0.6882991 16.5806255  0.8818497
 3215.4 3225.8  0.6949561 16.4318161  0.8812040
 3225.8 3236.2  0.7016028 16.2836628  0.8805573
 3236.2 3246.8  0.7073488 16.1608028  0.8799741
 3246.8 3257.3  0.7132055 16.0355778  0.8793797
 3257.3 3268.0  0.7190068 15.9115343  0.8787909
 3268.0 3278.7  0.7249186 15.7851295  0.8781909
 3278.7 3289.5  0.7304807 15.6679649  0.8776228
 3289.5 3300.3  0.7354270 15.5673485  0.8771107
 3300.3 3311.3  0.7403734 15.4667330  0.8765985
 3311.3 3322.3  0.7454112 15.3642540  0.8760769
 3322.3 3333.3  0.7504491 15.2617750  0.8755552
 3333.3 3344.5  0.7548139 15.1759653  0.8750947
 3344.5 3355.7  0.7590351 15.0941172  0.8746461
 3355.7 3367.0  0.7632563 15.0122690  0.8741974
 3367.0 3378.4  0.7675151 14.9296885  0.8737447
 3378.4 3389.8  0.7713578 14.8556652  0.8733338
 3389.8 3401.4  0.7741324 14.8034906  0.8730305
 3401.4 3413.0  0.7769556 14.7504025  0.8727219
 3413.0 3424.7  0.7797789 14.6973133  0.8724133
 3424.7 3436.4  0.7826265 14.6437664  0.8721020
 3436.4 3448.3  0.7897508 14.5086536  0.8712555
 3448.3 3460.2  0.7971113 14.3690462  0.8703803
 3460.2 3472.2  0.8002647 14.3053265  0.8699827
 3472.2 3484.3  0.8027374 14.2538242  0.8696621
 3484.3 3496.5  0.8052309 14.2018919  0.8693388
 3496.5 3508.8  0.8077448 14.1495323  0.8690128
 3508.8 3521.1  0.8102794 14.0967417  0.8686841
 3521.1 3533.6  0.8128141 14.0439520  0.8683555
 3533.6 3546.1  0.8153898 13.9903040  0.8680214
 3546.1 3558.7  0.8179656 13.9366560  0.8676874
 3558.7 3571.4  0.8201409 13.8851213  0.8673805
 3571.4 3584.2  0.8221431 13.8343258  0.8670846
 3584.2 3597.1  0.8241612 13.7831297  0.8667864
 3597.1 3610.1  0.8261951 13.7315331  0.8664858
 3610.1 3623.2  0.8282446 13.6795378  0.8661829
 3623.2 3636.4  0.8303099 13.6271420  0.8658776
 3636.4 3649.6  0.8323910 13.5743465  0.8655701
 3649.6 3663.0  0.8344721 13.5215502  0.8652625
 3663.0 3676.5  0.8362122 13.4698763  0.8649940
 3676.5 3690.0  0.8379537 13.4178762  0.8647249
 3690.0 3703.7  0.8396952 13.3658762  0.8644558
 3703.7 3717.5  0.8414625 13.3131056  0.8641827
 3717.5 3731.3  0.8432427 13.2599497  0.8639075
 3731.3 3745.3  0.8450229 13.2067938  0.8636324
 3745.3 3759.4  0.8468289 13.1528673  0.8633533
 3759.4 3773.6  0.8485289 13.0998211  0.8631076
 3773.6 3787.9  0.8501812 13.0470333  0.8628779
 3787.9 3802.3  0.8518450 12.9938755  0.8626466
 3802.3 3816.8  0.8535205 12.9403458  0.8624136
 3816.8 3831.4  0.8552076 12.8864431  0.8621791
 3831.4 3846.2  0.8569064 12.8321705  0.8619430
 3846.2 3861.0  0.8586285 12.7771530  0.8617036
 3861.0 3876.0  0.8603110 12.7236443  0.8615053
 3876.0 3891.1  0.8620023 12.6699409  0.8613188
 3891.1 3906.2  0.8637050 12.6158781  0.8611311
 3906.2 3921.6  0.8654076 12.5618172  0.8609433
 3921.6 3937.0  0.8671442 12.5066805  0.8607519
 3937.0 3952.6  0.8688806 12.4515448  0.8605604
 3952.6 3968.3  0.8706307 12.3961077  0.8603745
 3968.3 3984.1  0.8723467 12.3424025  0.8602284
 3984.1 4000.0  0.8740736 12.2883549  0.8600813
 4000.0 4016.1  0.8758115 12.2339668  0.8599334
 4016.1 4032.3  0.8775712 12.1788931  0.8597835
 4032.3 4048.6  0.8793418 12.1234770  0.8596327
 4048.6 4065.0  0.8811234 12.0677195  0.8594810
 4065.0 4081.6  0.8828254 12.0143328  0.8593642
 4081.6 4098.4  0.8845395 11.9605513  0.8592494
 4098.4 4115.2  0.8862743 11.9061222  0.8591332
 4115.2 4132.2  0.8880092 11.8516912  0.8590170
 4132.2 4149.4  0.8897647 11.7966137  0.8588994
 4149.4 4166.7  0.8915407 11.7408895  0.8587804
 4166.7 4184.1  0.8932003 11.6876574  0.8586906
 4184.1 4201.7  0.8948650 11.6342201  0.8586014
 4201.7 4219.4  0.8965487 11.5801678  0.8585111
 4219.4 4237.3  0.8982420 11.5258102  0.8584203
 4237.3 4255.3  0.8999544 11.4708376  0.8583285
 4255.3 4273.5  0.9016320 11.4162483  0.8582430
 4273.5 4291.8  0.9032204 11.3627243  0.8581732
 4291.8 4310.3  0.9048175 11.3089075  0.8581029
 4310.3 4329.0  0.9064321 11.2545013  0.8580319
 4329.0 4347.8  0.9080641 11.1995068  0.8579601
 4347.8 4366.8  0.9097049 11.1442194  0.8578880
 4366.8 4386.0  0.9112134 11.0899467  0.8578299
 4386.0 4405.3  0.9127179 11.0353155  0.8577731
 4405.3 4424.8  0.9142303 10.9804010  0.8577160
 4424.8 4444.4  0.9157584 10.9249163  0.8576584
 4444.4 4464.3  0.9172943 10.8691463  0.8576005
 4464.3 4484.3  0.9187330 10.8136044  0.8575507
 4484.3 4504.5  0.9201315 10.7582073  0.8575042
 4504.5 4524.9  0.9215440 10.7022552  0.8574574
 4524.9 4545.5  0.9229705 10.6457510  0.8574100
 4545.5 4566.2  0.9244109 10.5886917  0.8573622
 4566.2 4587.2  0.9257409 10.5324383  0.8573224
 4587.2 4608.3  0.9270570 10.4756756  0.8572842
 4608.3 4629.6  0.9283794 10.4186440  0.8572459
 4629.6 4651.2  0.9297143 10.3610697  0.8572072
 4651.2 4672.9  0.9310606 10.3027592  0.8571686
 4672.9 4694.8  0.9322863 10.2454357  0.8571379
 4694.8 4717.0  0.9335234 10.1875849  0.8571070
 4717.0 4739.3  0.9347775 10.1289396  0.8570756
 4739.3 4761.9  0.9360371 10.0700321  0.8570441
 4761.9 4784.7  0.9372506 10.0110178  0.8570159
 4784.7 4807.7  0.9384174  9.9521046  0.8569908
 4807.7 4830.9  0.9395945  9.8926754  0.8569655
 4830.9 4854.4  0.9407818  9.8327303  0.8569399
 4854.4 4878.0  0.9419642  9.7722549  0.8569151
 4878.0 4902.0  0.9430634  9.7125950  0.8568946
 4902.0 4926.1  0.9441813  9.6519251  0.8568738
 4926.1 4950.5  0.9453038  9.5910006  0.8568528
 4950.5 4975.1  0.9464383  9.5293474  0.8568317
 4975.1 5000.0  0.9474848  9.4685345  0.8568143
 5000.0 5025.1  0.9485441  9.4069805  0.8567967
 5025.1 5050.5  0.9496119  9.3449306  0.8567789
 5050.5 5076.1  0.9506907  9.2821693  0.8567610
 5076.1 5102.0  0.9516877  9.2203579  0.8567452
 5102.0 5128.2  0.9526964  9.1578217  0.8567292
 5128.2 5154.6  0.9537168  9.0945616  0.8567131
 5154.6 5181.3  0.9547299  9.0310993  0.8566969
 5181.3 5208.3  0.9556825  8.9682617  0.8566812
 5208.3 5235.6  0.9566458  8.9047184  0.8566653
 5235.6 5263.2  0.9576198  8.8404675  0.8566492
 5263.2 5291.0  0.9585644  8.7763882  0.8566324
 5291.0 5319.1  0.9594716  8.7128077  0.8566150
 5319.1 5347.6  0.9603887  8.6485415  0.8565974
 5347.6 5376.3  0.9613189  8.5833597  0.8565795
 5376.3 5405.4  0.9621789  8.5196648  0.8565588
 5405.4 5434.8  0.9630438  8.4552603  0.8565375
 5434.8 5464.5  0.9639177  8.3901930  0.8565161
 5464.5 5494.5  0.9647588  8.3256731  0.8564919
 5494.5 5524.9  0.9655644  8.2617865  0.8564649
 5524.9 5555.6  0.9663807  8.1970472  0.8564375
 5555.6 5586.6  0.9671892  8.1321831  0.8564086
 5586.6 5618.0  0.9679337  8.0690107  0.8563735
 5618.0 5649.7  0.9686878  8.0050240  0.8563380
 5649.7 5681.8  0.9694491  7.9404254  0.8563021
 5681.8 5714.3  0.9701378  7.8778028  0.8562583
 5714.3 5747.1  0.9708343  7.8144255  0.8562139
 5747.1 5780.3  0.9715371  7.7504621  0.8561691
 5780.3 5814.0  0.9721832  7.6879597  0.8561177
 5814.0 5848.0  0.9728326  7.6247320  0.8560649
 5848.0 5882.4  0.9734879  7.5609422  0.8560117
 5882.4 5917.2  0.9740935  7.4983673  0.8559523
 5917.2 5952.4  0.9747025  7.4351864  0.8558919
 5952.4 5988.0  0.9753152  7.3713989  0.8558306
 5988.0 6024.1  0.9758872  7.3085217  0.8557640
 6024.1 6060.6  0.9764674  7.2447615  0.8556964
 6060.6 6097.6  0.9770418  7.1807132  0.8556270
 6097.6 6135.0  0.9775943  7.1168251  0.8555536
 6135.0 6172.8  0.9781528  7.0522466  0.8554795
 6172.8 6211.2  0.9786969  6.9876828  0.8554025
 6211.2 6250.0  0.9792363  6.9225640  0.8553229
 6250.0 6289.3  0.9797813  6.8567677  0.8552425
 6289.3 6329.1  0.9803076  6.7910399  0.8551582
 6329.1 6369.4  0.9808407  6.7244754  0.8550729
 6369.4 6410.3  0.9813718  6.6573939  0.8549854
 6410.3 6451.6  0.9819012  6.5896621  0.8548955
 6451.6 6493.5  0.9824355  6.5212831  0.8548046
 6493.5 6535.9  0.9829674  6.4523168  0.8547109
 6535.9 6578.9  0.9835057  6.3825274  0.8546160
 6578.9 6622.5  0.9840497  6.3118653  0.8545191
 6622.5 6666.7  0.9846003  6.2402749  0.8544203
 6666.7 6711.4  0.9851605  6.1676669  0.8543200
 6711.4 6756.8  0.9857304  6.0941844  0.8542182
 6756.8 6802.7  0.9863113  6.0194988  0.8541148
 6802.7 6849.3  0.9869102  5.9436913  0.8540103
 6849.3 6896.6  0.9875183  5.8667283  0.8539041
 6896.6 6944.4  0.9881529  5.7881613  0.8537964
 6944.4 6993.0  0.9887946  5.7087579  0.8536875
 6993.0 7042.3  0.9894584  5.6277943  0.8535760
 7042.3 7092.2  0.9901333  5.5456343  0.8534629
 7092.2 7142.9  0.9908202  5.4625373  0.8533465
 7142.9 7194.2  0.9915188  5.3781204  0.8532279
 7194.2 7246.4  0.9922218  5.2930784  0.8531048
 7246.4 7299.3  0.9929365  5.2066064  0.8529791
 7299.3 7352.9  0.9936477  5.1197495  0.8528470
 7352.9 7407.4  0.9943660  5.0318689  0.8527124
 7407.4 7462.7  0.9950728  4.9437213  0.8525687
 7462.7 7518.8  0.9957818  4.8546844  0.8524209
 7518.8 7575.8  0.9964725  4.7657394  0.8522637
 7575.8 7633.6  0.9971516  4.6764345  0.8520987
 7633.6 7692.3  0.9978124  4.5871844  0.8519248
 7692.3 7751.9  0.9984357  4.4987497  0.8517374
 7751.9 7812.5  0.9990470  4.4099493  0.8515423
 7812.5 7874.0  0.9995854  4.3234425  0.8513258
 7874.0 7936.5  0.9999381  4.2375441  0.8510969
 7936.5 8000.0  0.9999890  4.1532555  0.8508500
 8000.0 8064.5  1.0000000  4.0724039  0.8505765
 8064.5 8130.1  1.0000000  3.9932671  0.8502847
 8130.1 8196.7  1.0000000  3.9186573  0.8499601
 8196.7 8264.5  1.0000000  3.8494020  0.8496003
 8264.5 8333.3  1.0000000  3.7841334  0.8492095
 8333.3 8403.4  1.0000000  3.7269225  0.8487706
 8403.4 8474.6  0.9999860  3.6792974  0.8482736
 8474.6 8547.0  0.9999673  3.6343143  0.8477530
 8547.0 8620.7  0.9999483  3.5885723  0.8472236
 8620.7 8695.7  0.9999290  3.5420089  0.8466847
 8695.7 8771.9  0.9999093  3.4946246  0.8461362
 8771.9 8849.6  0.9998894  3.4464817  0.8455790
 8849.6 8928.6  0.9998690  3.3973920  0.8450109
 8928.6 9009.0  0.9998482  3.3474803  0.8444332
 9009.0 9090.9  0.9998271  3.2966840  0.8438453
 9090.9 9174.3  0.9998057  3.2449400  0.8432464
 9174.3 9259.3  0.9997838  3.1922488  0.8426366
 9259.3 9345.8  0.9997615  3.1385465  0.8420150
 9345.8 9434.0  0.9997388  3.0838964  0.8413825
 9434.0 9523.8  0.9997157  3.0281723  0.8407376
 9523.8 9615.4  0.9996921  2.9714375  0.8400809
 9615.4 9708.7  0.9996681  2.9135647  0.8394111
 9708.7 9803.9  0.9996437  2.8546185  0.8387289
 9803.9 9901.0  0.9996187  2.7944717  0.8380327
 9901.0 9911.0  0.9995933  2.7331252  0.8373227
