 1176.5 1177.9  0.3431847 27.6766720  0.9322270
 1177.9 1179.2  0.3429740 27.6990395  0.9322423
 1179.2 1180.6  0.3427784 27.7198086  0.9322565
 1180.6 1182.0  0.3425676 27.7421761  0.9322717
 1182.0 1183.4  0.3423569 27.7645435  0.9322870
 1183.4 1184.8  0.3421462 27.7869091  0.9323023
 1184.8 1186.2  0.3419355 27.8092766  0.9323176
 1186.2 1187.6  0.3417248 27.8316422  0.9323328
 1187.6 1189.1  0.3415140 27.8540096  0.9323481
 1189.1 1190.5  0.3412883 27.8779736  0.9323644
 1190.5 1191.9  0.3410775 27.9003410  0.9323797
 1191.9 1193.3  0.3408668 27.9227085  0.9323949
 1193.3 1194.7  0.3406561 27.9450760  0.9324102
 1194.7 1196.2  0.3404454 27.9674416  0.9324255
 1196.2 1197.6  0.3402196 27.9914055  0.9324418
 1197.6 1199.0  0.3400089 28.0137730  0.9324571
 1199.0 1200.5  0.3397982 28.0361404  0.9324723
 1200.5 1201.9  0.3395724 28.0601044  0.9324887
 1201.9 1203.4  0.3393617 28.0824718  0.9325040
 1203.4 1204.8  0.3391359 28.1064358  0.9325203
 1204.8 1206.3  0.3389252 28.1288033  0.9325356
 1206.3 1207.7  0.3386994 28.1527672  0.9325520
 1207.7 1209.2  0.3384887 28.1751328  0.9325672
 1209.2 1210.7  0.3382629 28.1990967  0.9325836
 1210.7 1212.1  0.3380372 28.2230625  0.9325999
 1212.1 1213.6  0.3378264 28.2454300  0.9326152
 1213.6 1215.1  0.3376006 28.2693939  0.9326316
 1215.1 1216.5  0.3373749 28.2933578  0.9326479
 1216.5 1218.0  0.3371642 28.3157253  0.9326631
 1218.0 1219.5  0.3369384 28.3396893  0.9326795
 1219.5 1221.0  0.3367126 28.3636551  0.9326959
 1221.0 1222.5  0.3364868 28.3876190  0.9327123
 1222.5 1224.0  0.3362611 28.4115829  0.9327286
 1224.0 1225.5  0.3360353 28.4355488  0.9327449
 1225.5 1227.0  0.3358095 28.4595127  0.9327613
 1227.0 1228.5  0.3355837 28.4834766  0.9327776
 1228.5 1230.0  0.3353580 28.5074406  0.9327940
 1230.0 1231.5  0.3351322 28.5314064  0.9328104
 1231.5 1233.0  0.3349064 28.5553703  0.9328267
 1233.0 1234.6  0.3346807 28.5793343  0.9328431
 1234.6 1236.1  0.3344398 28.6048965  0.9328605
 1236.1 1237.6  0.3342141 28.6288605  0.9328769
 1237.6 1239.2  0.3339883 28.6528263  0.9328932
 1239.2 1240.7  0.3337475 28.6783867  0.9329107
 1240.7 1242.2  0.3335217 28.7023506  0.9329270
 1242.2 1243.8  0.3332959 28.7263165  0.9329434
 1243.8 1245.3  0.3330551 28.7518806  0.9329608
 1245.3 1246.9  0.3328293 28.7758446  0.9329772
 1246.9 1248.4  0.3325885 28.8014069  0.9329946
 1248.4 1250.0  0.3323627 28.8253708  0.9330110
 1250.0 1251.6  0.3321219 28.8509312  0.9330285
 1251.6 1253.1  0.3318811 28.8764935  0.9330459
 1253.1 1254.7  0.3316553 28.9004574  0.9330623
 1254.7 1256.3  0.3314145 28.9260197  0.9330797
 1256.3 1257.9  0.3311737 28.9515839  0.9330971
 1257.9 1259.4  0.3309329 28.9771461  0.9331146
 1259.4 1261.0  0.3307071 29.0011101  0.9331309
 1261.0 1262.6  0.3304663 29.0266724  0.9331484
 1262.6 1264.2  0.3302254 29.0522327  0.9331658
 1264.2 1265.8  0.3299846 29.0777950  0.9331833
 1265.8 1267.4  0.3297438 29.1033592  0.9332007
 1267.4 1269.0  0.3295030 29.1289196  0.9332182
 1269.0 1270.6  0.3292621 29.1544819  0.9332356
 1270.6 1272.3  0.3290213 29.1800442  0.9332530
 1272.3 1273.9  0.3287655 29.2072048  0.9332716
 1273.9 1275.5  0.3285246 29.2327671  0.9332891
 1275.5 1277.1  0.3282838 29.2583275  0.9333065
 1277.1 1278.8  0.3280430 29.2838898  0.9333239
 1278.8 1280.4  0.3277871 29.3110504  0.9333425
 1280.4 1282.1  0.3275463 29.3366127  0.9333599
 1282.1 1283.7  0.3272904 29.3637714  0.9333785
 1283.7 1285.3  0.3270496 29.3893337  0.9333959
 1285.3 1287.0  0.3268088 29.4148960  0.9334133
 1287.0 1288.7  0.3265529 29.4420547  0.9334319
 1288.7 1290.3  0.3262970 29.4692154  0.9334504
 1290.3 1292.0  0.3260562 29.4947777  0.9334679
 1292.0 1293.7  0.3258003 29.5219383  0.9334864
 1293.7 1295.3  0.3255444 29.5490971  0.9335049
 1295.3 1297.0  0.3253036 29.5746593  0.9335223
 1297.0 1298.7  0.3250477 29.6018181  0.9335409
 1298.7 1300.4  0.3247919 29.6289787  0.9335594
 1300.4 1302.1  0.3245554 29.6541195  0.9335747
 1302.1 1303.8  0.3243819 29.6726933  0.9335791
 1303.8 1305.5  0.3242084 29.6912708  0.9335836
 1305.5 1307.2  0.3240350 29.7098465  0.9335880
 1307.2 1308.9  0.3238615 29.7284222  0.9335925
 1308.9 1310.6  0.3236880 29.7469978  0.9335969
 1310.6 1312.3  0.3235145 29.7655735  0.9336014
 1312.3 1314.1  0.3233410 29.7841492  0.9336058
 1314.1 1315.8  0.3231574 29.8038177  0.9336106
 1315.8 1317.5  0.3229839 29.8223934  0.9336150
 1317.5 1319.3  0.3228104 29.8409691  0.9336194
 1319.3 1321.0  0.3226267 29.8606377  0.9336241
 1321.0 1322.8  0.3224533 29.8792133  0.9336286
 1322.8 1324.5  0.3222696 29.8988819  0.9336333
 1324.5 1326.3  0.3220961 29.9174576  0.9336378
 1326.3 1328.0  0.3219124 29.9371262  0.9336425
 1328.0 1329.8  0.3217390 29.9557018  0.9336470
 1329.8 1331.6  0.3215553 29.9753704  0.9336517
 1331.6 1333.3  0.3213716 29.9950390  0.9336564
 1333.3 1335.1  0.3211981 30.0136147  0.9336609
 1335.1 1336.9  0.3210145 30.0332832  0.9336656
 1336.9 1338.7  0.3208308 30.0529518  0.9336703
 1338.7 1340.5  0.3206471 30.0726204  0.9336750
 1340.5 1342.3  0.3204634 30.0922890  0.9336797
 1342.3 1344.1  0.3202797 30.1119576  0.9336845
 1344.1 1345.9  0.3200961 30.1316261  0.9336892
 1345.9 1347.7  0.3199124 30.1512947  0.9336939
 1347.7 1349.5  0.3197287 30.1709614  0.9336986
 1349.5 1351.4  0.3195450 30.1906319  0.9337033
 1351.4 1353.2  0.3193630 30.2102032  0.9337037
 1353.2 1355.0  0.3191946 30.2283421  0.9337026
 1355.0 1356.9  0.3190262 30.2464809  0.9337014
 1356.9 1358.7  0.3188484 30.2656288  0.9337002
 1358.7 1360.5  0.3186800 30.2837677  0.9336990
 1360.5 1362.4  0.3185116 30.3019066  0.9336979
 1362.4 1364.3  0.3183338 30.3210545  0.9336966
 1364.3 1366.1  0.3181560 30.3402004  0.9336954
 1366.1 1368.0  0.3179876 30.3583393  0.9336942
 1368.0 1369.9  0.3178098 30.3774872  0.9336931
 1369.9 1371.7  0.3176321 30.3966351  0.9336918
 1371.7 1373.6  0.3174637 30.4147720  0.9336907
 1373.6 1375.5  0.3172859 30.4339199  0.9336895
 1375.5 1377.4  0.3171081 30.4530678  0.9336882
 1377.4 1379.3  0.3169304 30.4722137  0.9336870
 1379.3 1381.2  0.3167526 30.4913616  0.9336858
 1381.2 1383.1  0.3165748 30.5105076  0.9336846
 1383.1 1385.0  0.3163970 30.5296555  0.9336833
 1385.0 1387.0  0.3162193 30.5488014  0.9336821
 1387.0 1388.9  0.3160321 30.5689564  0.9336808
 1388.9 1390.8  0.3158543 30.5881042  0.9336796
 1390.8 1392.8  0.3156766 30.6072521  0.9336784
 1392.8 1394.7  0.3154894 30.6274052  0.9336771
 1394.7 1396.6  0.3153117 30.6465530  0.9336759
 1396.6 1398.6  0.3151339 30.6656990  0.9336747
 1398.6 1400.6  0.3149468 30.6858540  0.9336734
 1400.6 1402.5  0.3147645 30.7055187  0.9336703
 1402.5 1404.5  0.3146021 30.7231140  0.9336636
 1404.5 1406.5  0.3144312 30.7416344  0.9336565
 1406.5 1408.5  0.3142602 30.7601547  0.9336494
 1408.5 1410.4  0.3140893 30.7786751  0.9336423
 1410.4 1412.4  0.3139269 30.7962704  0.9336356
 1412.4 1414.4  0.3137560 30.8147907  0.9336285
 1414.4 1416.4  0.3135850 30.8333111  0.9336214
 1416.4 1418.4  0.3134141 30.8518314  0.9336144
 1418.4 1420.5  0.3132432 30.8703537  0.9336073
 1420.5 1422.5  0.3130637 30.8897991  0.9335998
 1422.5 1424.5  0.3128927 30.9083195  0.9335927
 1424.5 1426.5  0.3127218 30.9268398  0.9335856
 1426.5 1428.6  0.3125508 30.9453621  0.9335786
 1428.6 1430.6  0.3123713 30.9648075  0.9335711
 1430.6 1432.7  0.3122004 30.9833279  0.9335640
 1432.7 1434.7  0.3120209 31.0027752  0.9335566
 1434.7 1436.8  0.3118500 31.0212955  0.9335495
 1436.8 1438.8  0.3116705 31.0407429  0.9335420
 1438.8 1440.9  0.3114995 31.0592632  0.9335349
 1440.9 1443.0  0.3113201 31.0787106  0.9335275
 1443.0 1445.1  0.3111406 31.0981560  0.9335200
 1445.1 1447.2  0.3109611 31.1176033  0.9335126
 1447.2 1449.3  0.3107816 31.1370506  0.9335052
 1449.3 1451.4  0.3106021 31.1564980  0.9334977
 1451.4 1453.5  0.3104335 31.1748371  0.9334866
 1453.5 1455.6  0.3102703 31.1926212  0.9334738
 1455.6 1457.7  0.3101072 31.2104073  0.9334610
 1457.7 1459.9  0.3099440 31.2281933  0.9334481
 1459.9 1462.0  0.3097730 31.2468262  0.9334346
 1462.0 1464.1  0.3096099 31.2646122  0.9334217
 1464.1 1466.3  0.3094467 31.2823982  0.9334089
 1466.3 1468.4  0.3092757 31.3010311  0.9333954
 1468.4 1470.6  0.3091126 31.3188171  0.9333826
 1470.6 1472.8  0.3089416 31.3374500  0.9333691
 1472.8 1474.9  0.3087707 31.3560829  0.9333556
 1474.9 1477.1  0.3086075 31.3738689  0.9333428
 1477.1 1479.3  0.3084366 31.3924999  0.9333293
 1479.3 1481.5  0.3082656 31.4111347  0.9333158
 1481.5 1483.7  0.3080947 31.4297657  0.9333023
 1483.7 1485.9  0.3079237 31.4483986  0.9332889
 1485.9 1488.1  0.3077528 31.4670315  0.9332754
 1488.1 1490.3  0.3075818 31.4856644  0.9332619
 1490.3 1492.5  0.3074109 31.5042973  0.9332485
 1492.5 1494.8  0.3072399 31.5229301  0.9332350
 1494.8 1497.0  0.3070613 31.5424099  0.9332209
 1497.0 1499.3  0.3068903 31.5610428  0.9332075
 1499.3 1501.5  0.3067116 31.5805225  0.9331934
 1501.5 1503.8  0.3065519 31.5979977  0.9331765
 1503.8 1506.0  0.3063904 31.6157055  0.9331572
 1506.0 1508.3  0.3062360 31.6326427  0.9331388
 1508.3 1510.6  0.3060746 31.6503487  0.9331195
 1510.6 1512.9  0.3059131 31.6680546  0.9331002
 1512.9 1515.2  0.3057517 31.6857624  0.9330809
 1515.2 1517.5  0.3055902 31.7034683  0.9330617
 1517.5 1519.8  0.3054287 31.7211761  0.9330423
 1519.8 1522.1  0.3052673 31.7388840  0.9330231
 1522.1 1524.4  0.3051058 31.7565899  0.9330038
 1524.4 1526.7  0.3049444 31.7742958  0.9329845
 1526.7 1529.1  0.3047829 31.7920017  0.9329652
 1529.1 1531.4  0.3046144 31.8104801  0.9329451
 1531.4 1533.7  0.3044530 31.8281860  0.9329258
 1533.7 1536.1  0.3042915 31.8458920  0.9329066
 1536.1 1538.5  0.3041230 31.8643703  0.9328864
 1538.5 1540.8  0.3039546 31.8828468  0.9328663
 1540.8 1543.2  0.3037931 31.9005527  0.9328470
 1543.2 1545.6  0.3036246 31.9190292  0.9328269
 1545.6 1548.0  0.3034562 31.9375057  0.9328068
 1548.0 1550.4  0.3032877 31.9559822  0.9327866
 1550.4 1552.8  0.3031221 31.9741573  0.9327657
 1552.8 1555.2  0.3029712 31.9908180  0.9327409
 1555.2 1557.6  0.3028202 32.0074768  0.9327161
 1557.6 1560.1  0.3026693 32.0241356  0.9326912
 1560.1 1562.5  0.3025120 32.0414925  0.9326653
 1562.5 1564.9  0.3023611 32.0581512  0.9326404
 1564.9 1567.4  0.3022102 32.0748100  0.9326156
 1567.4 1569.9  0.3020529 32.0921631  0.9325897
 1569.9 1572.3  0.3018957 32.1095200  0.9325638
 1572.3 1574.8  0.3017448 32.1261787  0.9325390
 1574.8 1577.3  0.3015875 32.1435318  0.9325131
 1577.3 1579.8  0.3014303 32.1608887  0.9324872
 1579.8 1582.3  0.3012730 32.1782417  0.9324613
 1582.3 1584.8  0.3011158 32.1955948  0.9324354
 1584.8 1587.3  0.3009586 32.2129478  0.9324095
 1587.3 1589.8  0.3008013 32.2303047  0.9323836
 1589.8 1592.4  0.3006441 32.2476578  0.9323577
 1592.4 1594.9  0.3004806 32.2657051  0.9323308
 1594.9 1597.4  0.3003234 32.2830620  0.9323049
 1597.4 1600.0  0.3001661 32.3004150  0.9322791
 1600.0 1602.6  0.3000026 32.3184624  0.9322521
 1602.6 1605.1  0.2998580 32.3345451  0.9322203
 1605.1 1607.7  0.2997189 32.3500099  0.9321896
 1607.7 1610.3  0.2995743 32.3660927  0.9321578
 1610.3 1612.9  0.2994297 32.3821754  0.9321260
 1612.9 1615.5  0.2992850 32.3982582  0.9320942
 1615.5 1618.1  0.2991404 32.4143410  0.9320623
 1618.1 1620.7  0.2989958 32.4304276  0.9320305
 1620.7 1623.4  0.2988512 32.4465103  0.9319987
 1623.4 1626.0  0.2987010 32.4632111  0.9319656
 1626.0 1628.7  0.2985563 32.4792938  0.9319338
 1628.7 1631.3  0.2984062 32.4959946  0.9319007
 1631.3 1634.0  0.2982615 32.5120811  0.9318689
 1634.0 1636.7  0.2981113 32.5287819  0.9318358
 1636.7 1639.3  0.2979611 32.5454826  0.9318027
 1639.3 1642.0  0.2978165 32.5615654  0.9317709
 1642.0 1644.7  0.2976663 32.5782661  0.9317378
 1644.7 1647.4  0.2975161 32.5949707  0.9317048
 1647.4 1650.2  0.2973659 32.6116714  0.9316717
 1650.2 1652.9  0.2972117 32.6288376  0.9316370
 1652.9 1655.6  0.2970819 32.6434402  0.9315979
 1655.6 1658.4  0.2969521 32.6580467  0.9315587
 1658.4 1661.1  0.2968175 32.6731911  0.9315181
 1661.1 1663.9  0.2966877 32.6877975  0.9314790
 1663.9 1666.7  0.2965531 32.7029419  0.9314384
 1666.7 1669.4  0.2964185 32.7180901  0.9313979
 1669.4 1672.2  0.2962887 32.7326927  0.9313587
 1672.2 1675.0  0.2961541 32.7478409  0.9313181
 1675.0 1677.9  0.2960195 32.7629852  0.9312775
 1677.9 1680.7  0.2958801 32.7786713  0.9312355
 1680.7 1683.5  0.2957455 32.7938194  0.9311949
 1683.5 1686.3  0.2956109 32.8089638  0.9311543
 1686.3 1689.2  0.2954763 32.8241081  0.9311137
 1689.2 1692.0  0.2953369 32.8397980  0.9310717
 1692.0 1694.9  0.2952023 32.8549423  0.9310311
 1694.9 1697.8  0.2950628 32.8706284  0.9309890
 1697.8 1700.7  0.2949235 32.8863144  0.9309470
 1700.7 1703.6  0.2947974 32.9005356  0.9309072
 1703.6 1706.5  0.2947131 32.9101372  0.9308745
 1706.5 1709.4  0.2946289 32.9197388  0.9308419
 1709.4 1712.3  0.2945447 32.9293442  0.9308091
 1712.3 1715.3  0.2944604 32.9389458  0.9307764
 1715.3 1718.2  0.2943733 32.9488792  0.9307426
 1718.2 1721.2  0.2942891 32.9584846  0.9307100
 1721.2 1724.1  0.2942019 32.9684181  0.9306761
 1724.1 1727.1  0.2941177 32.9780197  0.9306434
 1727.1 1730.1  0.2940306 32.9879532  0.9306096
 1730.1 1733.1  0.2939435 32.9978867  0.9305758
 1733.1 1736.1  0.2938563 33.0078239  0.9305419
 1736.1 1739.1  0.2937692 33.0177574  0.9305081
 1739.1 1742.2  0.2936821 33.0276909  0.9304743
 1742.2 1745.2  0.2935920 33.0379562  0.9304394
 1745.2 1748.3  0.2935049 33.0478897  0.9304056
 1748.3 1751.3  0.2934149 33.0581551  0.9303706
 1751.3 1754.4  0.2933277 33.0680885  0.9303368
 1754.4 1757.5  0.2932346 33.0787354  0.9302989
 1757.5 1760.6  0.2931208 33.0919609  0.9302410
 1760.6 1763.7  0.2930070 33.1051826  0.9301832
 1763.7 1766.8  0.2928931 33.1184082  0.9301254
 1766.8 1769.9  0.2927793 33.1316338  0.9300675
 1769.9 1773.0  0.2926655 33.1448555  0.9300097
 1773.0 1776.2  0.2925600 33.1572571  0.9299483
 1776.2 1779.4  0.2924513 33.1700287  0.9298849
 1779.4 1782.5  0.2923427 33.1828003  0.9298214
 1782.5 1785.7  0.2922374 33.1951752  0.9297600
 1785.7 1788.9  0.2921288 33.2079468  0.9296966
 1788.9 1792.1  0.2920284 33.2199059  0.9296296
 1792.1 1795.3  0.2919288 33.2317848  0.9295622
 1795.3 1798.6  0.2918292 33.2436600  0.9294948
 1798.6 1801.8  0.2917265 33.2559052  0.9294253
 1801.8 1805.1  0.2916269 33.2677803  0.9293579
 1805.1 1808.3  0.2915308 33.2794495  0.9292821
 1808.3 1811.6  0.2914380 33.2907295  0.9292081
 1811.6 1814.9  0.2913423 33.3023605  0.9291319
 1814.9 1818.2  0.2912467 33.3139915  0.9290556
 1818.2 1821.5  0.2911518 33.3255386  0.9289792
 1821.5 1824.8  0.2910691 33.3358307  0.9289004
 1824.8 1828.2  0.2909864 33.3461189  0.9288217
 1828.2 1831.5  0.2909012 33.3567200  0.9287406
 1831.5 1834.9  0.2908186 33.3670082  0.9286619
 1834.9 1838.2  0.2907334 33.3776093  0.9285808
 1838.2 1841.6  0.2906611 33.3868904  0.9284971
 1841.6 1845.0  0.2905869 33.3964195  0.9284106
 1845.0 1848.4  0.2905128 33.4059525  0.9283243
 1848.4 1851.9  0.2904386 33.4154816  0.9282379
 1851.9 1855.3  0.2903623 33.4252930  0.9281490
 1855.3 1858.7  0.2902976 33.4339676  0.9280543
 1858.7 1862.2  0.2902332 33.4426193  0.9279594
 1862.2 1865.7  0.2901669 33.4515266  0.9278616
 1865.7 1869.2  0.2901007 33.4604340  0.9277639
 1869.2 1872.7  0.2900352 33.4692574  0.9276660
 1872.7 1876.2  0.2899832 33.4767227  0.9275648
 1876.2 1879.7  0.2899311 33.4841919  0.9274637
 1879.7 1883.2  0.2898790 33.4916573  0.9273624
 1883.2 1886.8  0.2898269 33.4991264  0.9272612
 1886.8 1890.4  0.2897734 33.5068054  0.9271572
 1890.4 1893.9  0.2897325 33.5132751  0.9270465
 1893.9 1897.5  0.2896934 33.5194969  0.9269385
 1897.5 1901.1  0.2896532 33.5258942  0.9268274
 1901.1 1904.8  0.2896130 33.5322914  0.9267163
 1904.8 1908.4  0.2895717 33.5388680  0.9266021
 1908.4 1912.0  0.2895442 33.5441208  0.9264807
 1912.0 1915.7  0.2895174 33.5493088  0.9263587
 1915.7 1919.4  0.2894898 33.5546379  0.9262334
 1919.4 1923.1  0.2894623 33.5599670  0.9261080
 1923.1 1926.8  0.2894352 33.5652580  0.9259825
 1926.8 1930.5  0.2894233 33.5690231  0.9258523
 1930.5 1934.2  0.2894115 33.5727882  0.9257221
 1934.2 1938.0  0.2893997 33.5765533  0.9255919
 1938.0 1941.7  0.2893875 33.5804214  0.9254581
 1941.7 1945.5  0.2893757 33.5841866  0.9253280
 1945.5 1949.3  0.2893784 33.5866432  0.9251859
 1949.3 1953.1  0.2893824 33.5889778  0.9250430
 1953.1 1956.9  0.2893864 33.5913124  0.9249002
 1956.9 1960.8  0.2893904 33.5936470  0.9247574
 1960.8 1964.6  0.2893945 33.5960426  0.9246107
 1964.6 1968.5  0.2894141 33.5969658  0.9244553
 1968.5 1972.4  0.2894352 33.5978317  0.9242949
 1972.4 1976.3  0.2894562 33.5986977  0.9241347
 1976.3 1980.2  0.2894773 33.5995636  0.9239743
 1980.2 1984.1  0.2894991 33.6003609  0.9238138
 1984.1 1988.1  0.2895337 33.5998726  0.9236487
 1988.1 1992.0  0.2895693 33.5993729  0.9234793
 1992.0 1996.0  0.2896040 33.5988808  0.9233141
 1996.0 2000.0  0.2896395 33.5983810  0.9231447
 2000.0 2004.0  0.2896751 33.5978775  0.9229753
 2004.0 2008.0  0.2897240 33.5961990  0.9227927
 2008.0 2012.1  0.2897728 33.5945168  0.9226102
 2012.1 2016.1  0.2898229 33.5927963  0.9224231
 2016.1 2020.2  0.2898718 33.5911140  0.9222405
 2020.2 2024.3  0.2899222 33.5893555  0.9220532
 2024.3 2028.4  0.2899801 33.5868340  0.9218628
 2028.4 2032.5  0.2900380 33.5843124  0.9216725
 2032.5 2036.7  0.2900958 33.5817909  0.9214820
 2036.7 2040.8  0.2901551 33.5792046  0.9212870
 2040.8 2045.0  0.2902130 33.5766830  0.9210966
 2045.0 2049.2  0.2902779 33.5735817  0.9208947
 2049.2 2053.4  0.2903431 33.5704536  0.9206924
 2053.4 2057.6  0.2904083 33.5673218  0.9204901
 2057.6 2061.9  0.2904736 33.5641937  0.9202878
 2061.9 2066.1  0.2905403 33.5609932  0.9200807
 2066.1 2070.4  0.2906094 33.5575867  0.9198675
 2070.4 2074.7  0.2906803 33.5540962  0.9196490
 2074.7 2079.0  0.2907511 33.5506058  0.9194305
 2079.0 2083.3  0.2908219 33.5471153  0.9192119
 2083.3 2087.7  0.2908926 33.5436363  0.9189931
 2087.7 2092.1  0.2909634 33.5402527  0.9187642
 2092.1 2096.4  0.2910341 33.5368652  0.9185352
 2096.4 2100.8  0.2911032 33.5335541  0.9183115
 2100.8 2105.3  0.2911740 33.5301666  0.9180826
 2105.3 2109.7  0.2912458 33.5267487  0.9178485
 2109.7 2114.2  0.2913091 33.5240250  0.9176204
 2114.2 2118.6  0.2913739 33.5212364  0.9173872
 2118.6 2123.1  0.2914372 33.5185089  0.9171591
 2123.1 2127.7  0.2915020 33.5157242  0.9169258
 2127.7 2132.2  0.2915682 33.5128746  0.9166874
 2132.2 2136.8  0.2916229 33.5110626  0.9164512
 2136.8 2141.3  0.2916782 33.5092812  0.9162095
 2141.3 2145.9  0.2917322 33.5075417  0.9159730
 2145.9 2150.5  0.2917874 33.5057602  0.9157314
 2150.5 2155.2  0.2918427 33.5039825  0.9154897
 2155.2 2159.8  0.2918859 33.5036621  0.9152266
 2159.8 2164.5  0.2919267 33.5035210  0.9149672
 2164.5 2169.2  0.2919684 33.5033798  0.9147022
 2169.2 2173.9  0.2920101 33.5032387  0.9144372
 2173.9 2178.6  0.2920518 33.5030975  0.9141723
 2178.6 2183.4  0.2920694 33.5047798  0.9139416
 2183.4 2188.2  0.2920868 33.5065384  0.9137067
 2188.2 2193.0  0.2921043 33.5083008  0.9134718
 2193.0 2197.8  0.2921217 33.5100594  0.9132370
 2197.8 2202.6  0.2921392 33.5118217  0.9130021
 2202.6 2207.5  0.2921409 33.5153923  0.9127480
 2207.5 2212.4  0.2921292 33.5205994  0.9124720
 2212.4 2217.3  0.2921174 33.5258102  0.9121960
 2217.3 2222.2  0.2921056 33.5310173  0.9119200
 2222.2 2227.2  0.2920924 33.5363579  0.9116447
 2227.2 2232.1  0.2920450 33.5448990  0.9113789
 2232.1 2237.1  0.2919985 33.5532722  0.9111183
 2237.1 2242.2  0.2919510 33.5618172  0.9108525
 2242.2 2247.2  0.2919026 33.5705299  0.9105814
 2247.2 2252.3  0.2918535 33.5792351  0.9103160
 2252.3 2257.3  0.2917615 33.5920715  0.9100553
 2257.3 2262.4  0.2916713 33.6046562  0.9097997
 2262.4 2267.6  0.2915794 33.6174927  0.9095390
 2267.6 2272.7  0.2914856 33.6305809  0.9092732
 2272.7 2277.9  0.2913936 33.6434174  0.9090125
 2277.9 2283.1  0.2912458 33.6617813  0.9087491
 2283.1 2288.3  0.2910946 33.6804733  0.9084859
 2288.3 2293.6  0.2909435 33.6991615  0.9082226
 2293.6 2298.9  0.2907895 33.7182083  0.9079543
 2298.9 2304.1  0.2906354 33.7372589  0.9076860
 2304.1 2309.5  0.2904261 33.7614594  0.9074370
 2309.5 2314.8  0.2902076 33.7867050  0.9071788
 2314.8 2320.2  0.2899932 33.8114853  0.9069253
 2320.2 2325.6  0.2897747 33.8367310  0.9066671
 2325.6 2331.0  0.2895562 33.8619766  0.9064088
 2331.0 2336.4  0.2892628 33.8944893  0.9061582
 2336.4 2341.9  0.2889635 33.9275856  0.9059082
 2341.9 2347.4  0.2886586 33.9612961  0.9056536
 2347.4 2352.9  0.2883537 33.9950066  0.9053990
 2352.9 2358.5  0.2880488 34.0287132  0.9051443
 2358.5 2364.1  0.2876534 34.0712433  0.9049016
 2364.1 2369.7  0.2872564 34.1139221  0.9046591
 2369.7 2375.3  0.2868594 34.1566010  0.9044166
 2375.3 2381.0  0.2864624 34.1992798  0.9041741
 2381.0 2386.6  0.2860583 34.2427216  0.9039274
 2386.6 2392.3  0.2855994 34.2916069  0.9037107
 2392.3 2398.1  0.2851322 34.3413620  0.9034902
 2398.1 2403.8  0.2846569 34.3919907  0.9032658
 2403.8 2409.6  0.2841898 34.4417458  0.9030452
 2409.6 2415.5  0.2837145 34.4923744  0.9028208
 2415.5 2421.3  0.2831978 34.5480728  0.9026183
 2421.3 2427.2  0.2826876 34.6031303  0.9024212
 2427.2 2433.1  0.2821686 34.6591339  0.9022207
 2433.1 2439.0  0.2816495 34.7151413  0.9020202
 2439.0 2445.0  0.2811305 34.7711449  0.9018196
 2445.0 2451.0  0.2806349 34.8267899  0.9016575
 2451.0 2457.0  0.2801394 34.8824387  0.9014955
 2457.0 2463.1  0.2796439 34.9380836  0.9013335
 2463.1 2469.1  0.2791401 34.9946594  0.9011687
 2469.1 2475.2  0.2786461 35.0501938  0.9010075
 2475.2 2481.4  0.2782407 35.1000328  0.9008965
 2481.4 2487.6  0.2778285 35.1506920  0.9007837
 2487.6 2493.8  0.2774164 35.2013474  0.9006709
 2493.8 2500.0  0.2770042 35.2520065  0.9005581
 2500.0 2506.3  0.2765921 35.3026619  0.9004452
 2506.3 2512.6  0.2763493 35.3407211  0.9003983
 2512.6 2518.9  0.2761065 35.3787804  0.9003513
 2518.9 2525.3  0.2758637 35.4168358  0.9003043
 2525.3 2531.6  0.2756171 35.4555016  0.9002566
 2531.6 2538.1  0.2753743 35.4935608  0.9002096
 2538.1 2544.5  0.2753637 35.5146561  0.9002383
 2544.5 2551.0  0.2753688 35.5342522  0.9002717
 2551.0 2557.5  0.2753739 35.5541573  0.9003054
 2557.5 2564.1  0.2753791 35.5740585  0.9003393
 2564.1 2570.7  0.2753897 35.5938454  0.9003752
 2570.7 2577.3  0.2757559 35.5860367  0.9005116
 2577.3 2584.0  0.2761222 35.5782280  0.9006481
 2584.0 2590.7  0.2764940 35.5702972  0.9007867
 2590.7 2597.4  0.2768657 35.5623703  0.9009252
 2597.4 2604.2  0.2772633 35.5523720  0.9010703
 2604.2 2611.0  0.2780786 35.5091019  0.9013218
 2611.0 2617.8  0.2788940 35.4658356  0.9015732
 2617.8 2624.7  0.2797094 35.4225693  0.9018247
 2624.7 2631.6  0.2805368 35.3786621  0.9020799
 2631.6 2638.5  0.2813641 35.3347588  0.9023350
 2638.5 2645.5  0.2826996 35.2521706  0.9027055
 2645.5 2652.5  0.2840862 35.1659698  0.9030885
 2652.5 2659.6  0.2854728 35.0797653  0.9034715
 2659.6 2666.7  0.2868792 34.9923325  0.9038599
 2666.7 2673.8  0.2882856 34.9049034  0.9042484
 2673.8 2681.0  0.2902081 34.7809219  0.9047283
 2681.0 2688.2  0.2921808 34.6535606  0.9052190
 2688.2 2695.4  0.2941535 34.5261993  0.9057097
 2695.4 2702.7  0.2961262 34.3988380  0.9062005
 2702.7 2710.0  0.2981263 34.2697067  0.9066980
 2710.0 2717.4  0.3006450 34.1078529  0.9072567
 2717.4 2724.8  0.3032207 33.9423637  0.9078257
 2724.8 2732.2  0.3057965 33.7768669  0.9083947
 2732.2 2739.7  0.3083722 33.6113739  0.9089637
 2739.7 2747.3  0.3109828 33.4436455  0.9095404
 2747.3 2754.8  0.3141558 33.2450180  0.9101512
 2754.8 2762.4  0.3173084 33.0478477  0.9107552
 2762.4 2770.1  0.3205029 32.8480492  0.9113672
 2770.1 2777.8  0.3237397 32.6456146  0.9119872
 2777.8 2785.5  0.3269764 32.4431839  0.9126073
 2785.5 2793.3  0.3307418 32.2173080  0.9132134
 2793.3 2801.1  0.3345705 31.9878635  0.9138269
 2801.1 2809.0  0.3383992 31.7584190  0.9144404
 2809.0 2816.9  0.3422770 31.5260372  0.9150618
 2816.9 2824.9  0.3461547 31.2936554  0.9156832
 2824.9 2832.9  0.3506863 31.0371304  0.9162565
 2832.9 2840.9  0.3552257 30.7803364  0.9168290
 2840.9 2849.0  0.3597650 30.5235443  0.9174016
 2849.0 2857.1  0.3643611 30.2635384  0.9179813
 2857.1 2865.3  0.3689625 30.0034752  0.9185594
 2865.3 2873.6  0.3740473 29.7356739  0.9190162
 2873.6 2881.8  0.3791941 29.4646034  0.9194787
 2881.8 2890.2  0.3842790 29.1968021  0.9199355
 2890.2 2898.6  0.3894878 28.9224701  0.9204035
 2898.6 2907.0  0.3946967 28.6481304  0.9208715
 2907.0 2915.5  0.4005635 28.3643131  0.9211771
 2915.5 2924.0  0.4065335 28.0766335  0.9214781
 2924.0 2932.6  0.4125035 27.7889557  0.9217791
 2932.6 2941.2  0.4185438 27.4978886  0.9220836
 2941.2 2949.9  0.4245936 27.2069988  0.9223833
 2949.9 2958.6  0.4311250 26.9199104  0.9224789
 2958.6 2967.4  0.4376566 26.6328163  0.9225744
 2967.4 2976.2  0.4442630 26.3424339  0.9226711
 2976.2 2985.1  0.4508696 26.0520439  0.9227677
 2985.1 2994.0  0.4575560 25.7584229  0.9228633
 2994.0 3003.0  0.4646626 25.4710693  0.9227666
 3003.0 3012.0  0.4718491 25.1804848  0.9226689
 3012.0 3021.1  0.4790356 24.8899021  0.9225712
 3021.1 3030.3  0.4863020 24.5960846  0.9224724
 3030.3 3039.5  0.4936502 24.2996387  0.9223675
 3039.5 3048.8  0.5010588 24.0208263  0.9221148
 3048.8 3058.1  0.5085478 23.7389774  0.9218594
 3058.1 3067.5  0.5160370 23.4571304  0.9216039
 3067.5 3076.9  0.5236065 23.1722565  0.9213458
 3076.9 3086.4  0.5311761 22.8873825  0.9210876
 3086.4 3096.0  0.5388117 22.6182041  0.9207133
 3096.0 3105.6  0.5465277 22.3463898  0.9203338
 3105.6 3115.3  0.5542436 22.0745754  0.9199543
 3115.3 3125.0  0.5620398 21.7999325  0.9195709
 3125.0 3134.8  0.5698360 21.5252914  0.9191874
 3134.8 3144.7  0.5771962 21.2818470  0.9187506
 3144.7 3154.6  0.5846314 21.0359211  0.9183094
 3154.6 3164.6  0.5920668 20.7899914  0.9178681
 3164.6 3174.6  0.5995771 20.5415783  0.9174225
 3174.6 3184.7  0.6070874 20.2931671  0.9169767
 3184.7 3194.9  0.6140435 20.0773373  0.9165266
 3194.9 3205.1  0.6210423 19.8608265  0.9160721
 3205.1 3215.4  0.6280412 19.6443119  0.9156175
 3215.4 3225.8  0.6351085 19.4256821  0.9151585
 3225.8 3236.2  0.6421750 19.2081814  0.9146989
 3236.2 3246.8  0.6484063 19.0297966  0.9142865
 3246.8 3257.3  0.6547575 18.8479748  0.9138662
 3257.3 3268.0  0.6610487 18.6678734  0.9134498
 3268.0 3278.7  0.6674598 18.4843407  0.9130255
 3278.7 3289.5  0.6735383 18.3150463  0.9126250
 3289.5 3300.3  0.6790386 18.1713600  0.9122663
 3300.3 3311.3  0.6845389 18.0276756  0.9119075
 3311.3 3322.3  0.6901410 17.8813286  0.9115421
 3322.3 3333.3  0.6957432 17.7349834  0.9111767
 3333.3 3344.5  0.7006928 17.6145267  0.9108565
 3344.5 3355.7  0.7055163 17.5004559  0.9105456
 3355.7 3367.0  0.7103398 17.3863850  0.9102346
 3367.0 3378.4  0.7152063 17.2712955  0.9099209
 3378.4 3389.8  0.7196178 17.1686707  0.9096366
 3389.8 3401.4  0.7228575 17.0977745  0.9094282
 3401.4 3413.0  0.7261539 17.0256348  0.9092161
 3413.0 3424.7  0.7294503 16.9534931  0.9090040
 3424.7 3436.4  0.7327750 16.8807297  0.9087901
 3436.4 3448.3  0.7413744 16.7080936  0.9082156
 3448.3 3460.2  0.7502621 16.5298309  0.9076216
 3460.2 3472.2  0.7541013 16.4510307  0.9073524
 3472.2 3484.3  0.7571242 16.3882847  0.9071357
 3484.3 3496.5  0.7601724 16.3250141  0.9069172
 3496.5 3508.8  0.7632457 16.2612209  0.9066969
 3508.8 3521.1  0.7663442 16.1969051  0.9064747
 3521.1 3533.6  0.7694428 16.1325893  0.9062526
 3533.6 3546.1  0.7725917 16.0672283  0.9060268
 3546.1 3558.7  0.7757406 16.0018673  0.9058011
 3558.7 3571.4  0.7784211 15.9418106  0.9055942
 3571.4 3584.2  0.7808999 15.8839092  0.9053952
 3584.2 3597.1  0.7833983 15.8255520  0.9051946
 3597.1 3610.1  0.7859162 15.7667379  0.9049924
 3610.1 3623.2  0.7884536 15.7074690  0.9047887
 3623.2 3636.4  0.7910104 15.6477442  0.9045833
 3636.4 3649.6  0.7935869 15.5875635  0.9043764
 3649.6 3663.0  0.7961633 15.5273819  0.9041696
 3663.0 3676.5  0.7983392 15.4713755  0.9039905
 3676.5 3690.0  0.8005179 15.4151087  0.9038111
 3690.0 3703.7  0.8026964 15.3588409  0.9036316
 3703.7 3717.5  0.8049072 15.3017406  0.9034495
 3717.5 3731.3  0.8071342 15.2442236  0.9032661
 3731.3 3745.3  0.8093612 15.1867056  0.9030827
 3745.3 3759.4  0.8116204 15.1283550  0.9028966
 3759.4 3773.6  0.8137629 15.0724783  0.9027346
 3773.6 3787.9  0.8158537 15.0176601  0.9025844
 3787.9 3802.3  0.8179591 14.9624577  0.9024331
 3802.3 3816.8  0.8200793 14.9068680  0.9022807
 3816.8 3831.4  0.8222142 14.8508921  0.9021273
 3831.4 3846.2  0.8243638 14.7945309  0.9019729
 3846.2 3861.0  0.8265429 14.7373972  0.9018163
 3861.0 3876.0  0.8286855 14.6830921  0.9016896
 3876.0 3891.1  0.8308442 14.6290426  0.9015718
 3891.1 3906.2  0.8330173 14.5746336  0.9014531
 3906.2 3921.6  0.8351904 14.5202246  0.9013344
 3921.6 3937.0  0.8374066 14.4647341  0.9012134
 3937.0 3952.6  0.8396229 14.4092445  0.9010924
 3952.6 3968.3  0.8418578 14.3536739  0.9009756
 3968.3 3984.1  0.8440559 14.3009720  0.9008878
 3984.1 4000.0  0.8462681 14.2479334  0.9007995
 4000.0 4016.1  0.8484942 14.1945610  0.9007106
 4016.1 4032.3  0.8507484 14.1405153  0.9006205
 4032.3 4048.6  0.8530165 14.0861349  0.9005300
 4048.6 4065.0  0.8552987 14.0314188  0.9004388
 4065.0 4081.6  0.8574775 13.9800529  0.9003728
 4081.6 4098.4  0.8596720 13.9284086  0.9003084
 4098.4 4115.2  0.8618928 13.8761435  0.9002432
 4115.2 4132.2  0.8641137 13.8238773  0.9001781
 4132.2 4149.4  0.8663610 13.7709885  0.9001121
 4149.4 4166.7  0.8686346 13.7174797  0.9000454
 4166.7 4184.1  0.8707542 13.6674004  0.8999994
 4184.1 4201.7  0.8728800 13.6171675  0.8999539
 4201.7 4219.4  0.8750302 13.5663567  0.8999078
 4219.4 4237.3  0.8771926 13.5152588  0.8998616
 4237.3 4255.3  0.8793795 13.4635830  0.8998147
 4255.3 4273.5  0.8815206 13.4126043  0.8997724
 4273.5 4291.8  0.8835453 13.3634491  0.8997411
 4291.8 4310.3  0.8855810 13.3140249  0.8997096
 4310.3 4329.0  0.8876390 13.2640600  0.8996778
 4329.0 4347.8  0.8897194 13.2135544  0.8996455
 4347.8 4366.8  0.8918108 13.1627798  0.8996132
 4366.8 4386.0  0.8937319 13.1140194  0.8995905
 4386.0 4405.3  0.8956478 13.0650835  0.8995689
 4405.3 4424.8  0.8975735 13.0158939  0.8995472
 4424.8 4444.4  0.8995193 12.9661942  0.8995253
 4444.4 4464.3  0.9014751 12.9162388  0.8995033
 4464.3 4484.3  0.9033064 12.8673277  0.8994868
 4484.3 4504.5  0.9050861 12.8188810  0.8994727
 4504.5 4524.9  0.9068836 12.7699499  0.8994583
 4524.9 4545.5  0.9086989 12.7205343  0.8994439
 4545.5 4566.2  0.9105320 12.6706343  0.8994293
 4566.2 4587.2  0.9122235 12.6222305  0.8994199
 4587.2 4608.3  0.9138972 12.5736160  0.8994119
 4608.3 4629.6  0.9155788 12.5247707  0.8994038
 4629.6 4651.2  0.9172764 12.4754610  0.8993956
 4651.2 4672.9  0.9189883 12.4255676  0.8993876
 4672.9 4694.8  0.9205456 12.3773289  0.8993849
 4694.8 4717.0  0.9221173 12.3286448  0.8993821
 4717.0 4739.3  0.9237105 12.2792931  0.8993794
 4739.3 4761.9  0.9253109 12.2297201  0.8993766
 4761.9 4784.7  0.9268516 12.1804247  0.8993760
 4784.7 4807.7  0.9283323 12.1315508  0.8993776
 4807.7 4830.9  0.9298260 12.0822487  0.8993792
 4830.9 4854.4  0.9313326 12.0325174  0.8993808
 4854.4 4878.0  0.9328327 11.9824495  0.8993830
 4878.0 4902.0  0.9342253 11.9334984  0.8993880
 4902.0 4926.1  0.9356416 11.8837185  0.8993930
 4926.1 4950.5  0.9370638 11.8337307  0.8993980
 4950.5 4975.1  0.9385011 11.7831526  0.8994031
 4975.1 5000.0  0.9398243 11.7336416  0.8994104
 5000.0 5025.1  0.9411638 11.6835270  0.8994179
 5025.1 5050.5  0.9425139 11.6330109  0.8994253
 5050.5 5076.1  0.9438779 11.5819178  0.8994329
 5076.1 5102.0  0.9451353 11.5318165  0.8994415
 5102.0 5128.2  0.9464074 11.4811296  0.8994502
 5128.2 5154.6  0.9476942 11.4298544  0.8994591
 5154.6 5181.3  0.9489713 11.3784246  0.8994679
 5181.3 5208.3  0.9501686 11.3275433  0.8994767
 5208.3 5235.6  0.9513795 11.2760897  0.8994856
 5235.6 5263.2  0.9526038 11.2240648  0.8994946
 5263.2 5291.0  0.9537886 11.1721106  0.8995029
 5291.0 5319.1  0.9549238 11.1204882  0.8995105
 5319.1 5347.6  0.9560714 11.0683079  0.8995181
 5347.6 5376.3  0.9572352 11.0153856  0.8995259
 5376.3 5405.4  0.9583057 10.9633455  0.8995311
 5405.4 5434.8  0.9593816 10.9106960  0.8995360
 5434.8 5464.5  0.9604687 10.8575029  0.8995410
 5464.5 5494.5  0.9615112 10.8044643  0.8995438
 5494.5 5524.9  0.9625052 10.7516279  0.8995442
 5524.9 5555.6  0.9635125 10.6980867  0.8995447
 5555.6 5586.6  0.9645084 10.6442881  0.8995440
 5586.6 5618.0  0.9654171 10.5911884  0.8995382
 5618.0 5649.7  0.9663376 10.5374050  0.8995324
 5649.7 5681.8  0.9672669 10.4831057  0.8995265
 5681.8 5714.3  0.9680969 10.4295368  0.8995140
 5714.3 5747.1  0.9689362 10.3753128  0.8995013
 5747.1 5780.3  0.9697832 10.3205872  0.8994884
 5780.3 5814.0  0.9705521 10.2663221  0.8994702
 5814.0 5848.0  0.9713241 10.2113476  0.8994511
 5848.0 5882.4  0.9721029 10.1558847  0.8994319
 5882.4 5917.2  0.9728135 10.1007547  0.8994078
 5917.2 5952.4  0.9735276 10.0450439  0.8993831
 5952.4 5988.0  0.9742453  9.9887533  0.8993579
 5988.0 6024.1  0.9749070  9.9326382  0.8993285
 6024.1 6060.6  0.9755781  9.8757343  0.8992987
 6060.6 6097.6  0.9762404  9.8184080  0.8992676
 6097.6 6135.0  0.9768715  9.7608099  0.8992336
 6135.0 6172.8  0.9775094  9.7025890  0.8991991
 6172.8 6211.2  0.9781271  9.6440897  0.8991626
 6211.2 6250.0  0.9787366  9.5848923  0.8991243
 6250.0 6289.3  0.9793525  9.5250778  0.8990856
 6289.3 6329.1  0.9799420  9.4649315  0.8990440
 6329.1 6369.4  0.9805390  9.4040194  0.8990019
 6369.4 6410.3  0.9811320  9.3424883  0.8989584
 6410.3 6451.6  0.9817214  9.2802019  0.8989133
 6451.6 6493.5  0.9823160  9.2173119  0.8988677
 6493.5 6535.9  0.9829064  9.1536760  0.8988202
 6535.9 6578.9  0.9835038  9.0892801  0.8987721
 6578.9 6622.5  0.9841078  9.0239992  0.8987227
 6622.5 6666.7  0.9847193  8.9578209  0.8986724
 6666.7 6711.4  0.9853423  8.8906937  0.8986213
 6711.4 6756.8  0.9859775  8.8227415  0.8985693
 6756.8 6802.7  0.9866257  8.7536888  0.8985167
 6802.7 6849.3  0.9872982  8.6836605  0.8984635
 6849.3 6896.6  0.9879810  8.6125660  0.8984096
 6896.6 6944.4  0.9886991  8.5400858  0.8983550
 6944.4 6993.0  0.9894254  8.4668360  0.8982998
 6993.0 7042.3  0.9901813  8.3921413  0.8982434
 7042.3 7092.2  0.9909504  8.3163433  0.8981860
 7092.2 7142.9  0.9917364  8.2395325  0.8981268
 7142.9 7194.2  0.9925364  8.1614752  0.8980663
 7194.2 7246.4  0.9933437  8.0825310  0.8980030
 7246.4 7299.3  0.9941648  8.0022078  0.8979382
 7299.3 7352.9  0.9949831  7.9209943  0.8978688
 7352.9 7407.4  0.9958099  7.8387403  0.8977980
 7407.4 7462.7  0.9966238  7.7554603  0.8977208
 7462.7 7518.8  0.9974398  7.6710863  0.8976409
 7518.8 7575.8  0.9982343  7.5859332  0.8975543
 7575.8 7633.6  0.9990145  7.4997692  0.8974621
 7633.6 7692.3  0.9997724  7.4128313  0.8973635
 7692.3 7751.9  0.9999928  7.3252950  0.8972551
 7751.9 7812.5  1.0000000  7.2367563  0.8971413
 7812.5 7874.0  1.0000000  7.1480474  0.8970113
 7874.0 7936.5  1.0000000  7.0586877  0.8968724
 7936.5 8000.0  1.0000000  6.9689322  0.8967201
 8000.0 8064.5  1.0000000  6.8794355  0.8965476
 8064.5 8130.1  1.0000000  6.7895904  0.8963614
 8130.1 8196.7  1.0000000  6.7003040  0.8961504
 8196.7 8264.5  1.0000000  6.6119747  0.8959124
 8264.5 8333.3  1.0000000  6.5239258  0.8956509
 8333.3 8403.4  1.0000000  6.4378066  0.8953525
 8403.4 8474.6  1.0000000  6.3538828  0.8950096
 8474.6 8547.0  1.0000000  6.2698584  0.8946488
 8547.0 8620.7  1.0000000  6.1844163  0.8942820
 8620.7 8695.7  1.0000000  6.0974402  0.8939086
 8695.7 8771.9  1.0000000  6.0089302  0.8935286
 8771.9 8849.6  1.0000000  5.9190035  0.8931426
 8849.6 8928.6  1.0000000  5.8273082  0.8927490
 8928.6 9009.0  1.0000000  5.7340775  0.8923487
 9009.0 9090.9  1.0000000  5.6391945  0.8919414
 9090.9 9174.3  1.0000000  5.5425410  0.8915264
 9174.3 9259.3  1.0000000  5.4441185  0.8911039
 9259.3 9345.8  1.0000000  5.3438072  0.8906733
 9345.8 9434.0  1.0000000  5.2417254  0.8902350
 9434.0 9523.8  1.0000000  5.1376376  0.8897882
 9523.8 9615.4  1.0000000  5.0316620  0.8893332
 9615.4 9708.7  1.0000000  4.9235606  0.8888691
 9708.7 9803.9  1.0000000  4.8134546  0.8883964
 9803.9 9901.0  1.0000000  4.7011056  0.8879141
 9901.0 9911.0  1.0000000  4.5865149  0.8874221
