 1176.5 1177.9  0.3859713 26.4558811  0.9126338
 1177.9 1179.2  0.3857493 26.4760494  0.9126481
 1179.2 1180.6  0.3855433 26.4947758  0.9126614
 1180.6 1182.0  0.3853213 26.5149460  0.9126757
 1182.0 1183.4  0.3850994 26.5351143  0.9126901
 1183.4 1184.8  0.3848774 26.5552845  0.9127044
 1184.8 1186.2  0.3846554 26.5754528  0.9127188
 1186.2 1187.6  0.3844335 26.5956211  0.9127331
 1187.6 1189.1  0.3842116 26.6157894  0.9127474
 1189.1 1190.5  0.3839738 26.6373978  0.9127628
 1190.5 1191.9  0.3837518 26.6575680  0.9127771
 1191.9 1193.3  0.3835299 26.6777363  0.9127914
 1193.3 1194.7  0.3833079 26.6979065  0.9128057
 1194.7 1196.2  0.3830860 26.7180729  0.9128200
 1196.2 1197.6  0.3828482 26.7396832  0.9128354
 1197.6 1199.0  0.3826262 26.7598515  0.9128497
 1199.0 1200.5  0.3824043 26.7800217  0.9128641
 1200.5 1201.9  0.3821665 26.8016300  0.9128794
 1201.9 1203.4  0.3819445 26.8218002  0.9128938
 1203.4 1204.8  0.3817067 26.8434086  0.9129091
 1204.8 1206.3  0.3814848 26.8635788  0.9129235
 1206.3 1207.7  0.3812470 26.8851871  0.9129388
 1207.7 1209.2  0.3810250 26.9053555  0.9129531
 1209.2 1210.7  0.3807873 26.9269638  0.9129685
 1210.7 1212.1  0.3805495 26.9485741  0.9129838
 1212.1 1213.6  0.3803275 26.9687424  0.9129981
 1213.6 1215.1  0.3800897 26.9903526  0.9130135
 1215.1 1216.5  0.3798519 27.0119610  0.9130288
 1216.5 1218.0  0.3796299 27.0321312  0.9130432
 1218.0 1219.5  0.3793921 27.0537395  0.9130585
 1219.5 1221.0  0.3791544 27.0753498  0.9130739
 1221.0 1222.5  0.3789166 27.0969582  0.9130893
 1222.5 1224.0  0.3786787 27.1185684  0.9131046
 1224.0 1225.5  0.3784409 27.1401768  0.9131200
 1225.5 1227.0  0.3782032 27.1617870  0.9131353
 1227.0 1228.5  0.3779653 27.1833954  0.9131507
 1228.5 1230.0  0.3777275 27.2050056  0.9131660
 1230.0 1231.5  0.3774897 27.2266140  0.9131814
 1231.5 1233.0  0.3772520 27.2482243  0.9131967
 1233.0 1234.6  0.3770142 27.2698326  0.9132121
 1234.6 1236.1  0.3767605 27.2928829  0.9132285
 1236.1 1237.6  0.3765227 27.3144932  0.9132438
 1237.6 1239.2  0.3762849 27.3361015  0.9132591
 1239.2 1240.7  0.3760312 27.3591518  0.9132755
 1240.7 1242.2  0.3757935 27.3807602  0.9132909
 1242.2 1243.8  0.3755556 27.4023705  0.9133062
 1243.8 1245.3  0.3753020 27.4254208  0.9133226
 1245.3 1246.9  0.3750642 27.4470310  0.9133379
 1246.9 1248.4  0.3748105 27.4700813  0.9133543
 1248.4 1250.0  0.3745727 27.4916897  0.9133697
 1250.0 1251.6  0.3743191 27.5147400  0.9133860
 1251.6 1253.1  0.3740654 27.5377884  0.9134024
 1253.1 1254.7  0.3738276 27.5593987  0.9134178
 1254.7 1256.3  0.3735740 27.5824490  0.9134341
 1256.3 1257.9  0.3733203 27.6054993  0.9134505
 1257.9 1259.4  0.3730667 27.6285496  0.9134669
 1259.4 1261.0  0.3728289 27.6501579  0.9134822
 1261.0 1262.6  0.3725752 27.6732082  0.9134986
 1262.6 1264.2  0.3723215 27.6962585  0.9135150
 1264.2 1265.8  0.3720679 27.7193069  0.9135314
 1265.8 1267.4  0.3718143 27.7423592  0.9135478
 1267.4 1269.0  0.3715606 27.7654095  0.9135641
 1269.0 1270.6  0.3713070 27.7884579  0.9135805
 1270.6 1272.3  0.3710533 27.8115082  0.9135969
 1272.3 1273.9  0.3707838 27.8360004  0.9136143
 1273.9 1275.5  0.3705301 27.8590488  0.9136307
 1275.5 1277.1  0.3702765 27.8820992  0.9136471
 1277.1 1278.8  0.3700228 27.9051495  0.9136634
 1278.8 1280.4  0.3697533 27.9296398  0.9136809
 1280.4 1282.1  0.3694997 27.9526901  0.9136972
 1282.1 1283.7  0.3692302 27.9771805  0.9137146
 1283.7 1285.3  0.3689765 28.0002289  0.9137310
 1285.3 1287.0  0.3687228 28.0232811  0.9137474
 1287.0 1288.7  0.3684533 28.0477715  0.9137648
 1288.7 1290.3  0.3681839 28.0722618  0.9137822
 1290.3 1292.0  0.3679302 28.0953121  0.9137985
 1292.0 1293.7  0.3676607 28.1198025  0.9138159
 1293.7 1295.3  0.3673912 28.1442928  0.9138333
 1295.3 1297.0  0.3671375 28.1673431  0.9138497
 1297.0 1298.7  0.3668680 28.1918335  0.9138671
 1298.7 1300.4  0.3665985 28.2163239  0.9138845
 1300.4 1302.1  0.3663495 28.2390022  0.9138979
 1302.1 1303.8  0.3661674 28.2557869  0.9138985
 1303.8 1305.5  0.3659853 28.2725735  0.9138989
 1305.5 1307.2  0.3658032 28.2893581  0.9138995
 1307.2 1308.9  0.3656210 28.3061428  0.9139000
 1308.9 1310.6  0.3654389 28.3229294  0.9139005
 1310.6 1312.3  0.3652568 28.3397141  0.9139010
 1312.3 1314.1  0.3650746 28.3565006  0.9139016
 1314.1 1315.8  0.3648818 28.3742733  0.9139021
 1315.8 1317.5  0.3646996 28.3910599  0.9139026
 1317.5 1319.3  0.3645175 28.4078445  0.9139031
 1319.3 1321.0  0.3643246 28.4256172  0.9139037
 1321.0 1322.8  0.3641425 28.4424038  0.9139042
 1322.8 1324.5  0.3639497 28.4601765  0.9139047
 1324.5 1326.3  0.3637675 28.4769611  0.9139053
 1326.3 1328.0  0.3635747 28.4947357  0.9139058
 1328.0 1329.8  0.3633925 28.5115204  0.9139063
 1329.8 1331.6  0.3631997 28.5292931  0.9139069
 1331.6 1333.3  0.3630068 28.5470657  0.9139074
 1333.3 1335.1  0.3628247 28.5638523  0.9139079
 1335.1 1336.9  0.3626319 28.5816231  0.9139085
 1336.9 1338.7  0.3624390 28.5993977  0.9139090
 1338.7 1340.5  0.3622462 28.6171703  0.9139096
 1340.5 1342.3  0.3620533 28.6349430  0.9139102
 1342.3 1344.1  0.3618605 28.6527157  0.9139107
 1344.1 1345.9  0.3616676 28.6704884  0.9139112
 1345.9 1347.7  0.3614748 28.6882629  0.9139118
 1347.7 1349.5  0.3612819 28.7060337  0.9139123
 1349.5 1351.4  0.3610891 28.7238083  0.9139128
 1351.4 1353.2  0.3608981 28.7415028  0.9139074
 1353.2 1355.0  0.3607215 28.7579060  0.9139003
 1355.0 1356.9  0.3605448 28.7743092  0.9138931
 1356.9 1358.7  0.3603584 28.7916241  0.9138855
 1358.7 1360.5  0.3601817 28.8080254  0.9138784
 1360.5 1362.4  0.3600051 28.8244286  0.9138712
 1362.4 1364.3  0.3598186 28.8417435  0.9138636
 1364.3 1366.1  0.3596322 28.8590584  0.9138560
 1366.1 1368.0  0.3594556 28.8754616  0.9138489
 1368.0 1369.9  0.3592691 28.8927765  0.9138413
 1369.9 1371.7  0.3590826 28.9100914  0.9138337
 1371.7 1373.6  0.3589060 28.9264927  0.9138266
 1373.6 1375.5  0.3587196 28.9438076  0.9138190
 1375.5 1377.4  0.3585331 28.9611225  0.9138114
 1377.4 1379.3  0.3583466 28.9784374  0.9138039
 1379.3 1381.2  0.3581602 28.9957523  0.9137963
 1381.2 1383.1  0.3579737 29.0130653  0.9137887
 1383.1 1385.0  0.3577873 29.0303802  0.9137812
 1385.0 1387.0  0.3576008 29.0476952  0.9137736
 1387.0 1388.9  0.3574046 29.0659199  0.9137657
 1388.9 1390.8  0.3572181 29.0832348  0.9137581
 1390.8 1392.8  0.3570316 29.1005497  0.9137505
 1392.8 1394.7  0.3568354 29.1187744  0.9137425
 1394.7 1396.6  0.3566489 29.1360893  0.9137350
 1396.6 1398.6  0.3564625 29.1534042  0.9137274
 1398.6 1400.6  0.3562662 29.1716290  0.9137195
 1400.6 1402.5  0.3560750 29.1894112  0.9137092
 1402.5 1404.5  0.3559047 29.2053242  0.9136943
 1404.5 1406.5  0.3557253 29.2220745  0.9136787
 1406.5 1408.5  0.3555460 29.2388248  0.9136631
 1408.5 1410.4  0.3553667 29.2555752  0.9136475
 1410.4 1412.4  0.3551964 29.2714882  0.9136326
 1412.4 1414.4  0.3550170 29.2882385  0.9136170
 1414.4 1416.4  0.3548377 29.3049870  0.9136013
 1416.4 1418.4  0.3546584 29.3217373  0.9135857
 1418.4 1420.5  0.3544791 29.3384876  0.9135701
 1420.5 1422.5  0.3542908 29.3560753  0.9135537
 1422.5 1424.5  0.3541115 29.3728256  0.9135381
 1424.5 1426.5  0.3539322 29.3895760  0.9135225
 1426.5 1428.6  0.3537529 29.4063244  0.9135068
 1428.6 1430.6  0.3535646 29.4239120  0.9134904
 1430.6 1432.7  0.3533853 29.4406624  0.9134748
 1432.7 1434.7  0.3531970 29.4582500  0.9134584
 1434.7 1436.8  0.3530177 29.4750004  0.9134428
 1436.8 1438.8  0.3528294 29.4925880  0.9134263
 1438.8 1440.9  0.3526500 29.5093384  0.9134107
 1440.9 1443.0  0.3524618 29.5269260  0.9133943
 1443.0 1445.1  0.3522735 29.5445137  0.9133779
 1445.1 1447.2  0.3520852 29.5620995  0.9133615
 1447.2 1449.3  0.3518969 29.5796871  0.9133451
 1449.3 1451.4  0.3517087 29.5972767  0.9133287
 1451.4 1453.5  0.3515316 29.6138554  0.9133075
 1453.5 1455.6  0.3513602 29.6299286  0.9132839
 1455.6 1457.7  0.3511887 29.6460037  0.9132604
 1457.7 1459.9  0.3510174 29.6620770  0.9132368
 1459.9 1462.0  0.3508377 29.6789169  0.9132121
 1462.0 1464.1  0.3506663 29.6949921  0.9131886
 1464.1 1466.3  0.3504949 29.7110653  0.9131650
 1466.3 1468.4  0.3503153 29.7279072  0.9131403
 1468.4 1470.6  0.3501439 29.7439804  0.9131168
 1470.6 1472.8  0.3499643 29.7608204  0.9130920
 1472.8 1474.9  0.3497847 29.7776604  0.9130673
 1474.9 1477.1  0.3496133 29.7937355  0.9130438
 1477.1 1479.3  0.3494337 29.8105755  0.9130191
 1479.3 1481.5  0.3492541 29.8274155  0.9129944
 1481.5 1483.7  0.3490745 29.8442554  0.9129697
 1483.7 1485.9  0.3488950 29.8610935  0.9129450
 1485.9 1488.1  0.3487154 29.8779354  0.9129204
 1488.1 1490.3  0.3485358 29.8947735  0.9128957
 1490.3 1492.5  0.3483562 29.9116154  0.9128709
 1492.5 1494.8  0.3481766 29.9284534  0.9128463
 1494.8 1497.0  0.3479889 29.9460602  0.9128205
 1497.0 1499.3  0.3478093 29.9629002  0.9127958
 1499.3 1501.5  0.3476215 29.9805050  0.9127700
 1501.5 1503.8  0.3474534 29.9962807  0.9127408
 1503.8 1506.0  0.3472832 30.0122566  0.9127080
 1506.0 1508.3  0.3471204 30.0275383  0.9126768
 1508.3 1510.6  0.3469502 30.0435143  0.9126440
 1510.6 1512.9  0.3467800 30.0594883  0.9126112
 1512.9 1515.2  0.3466098 30.0754642  0.9125785
 1515.2 1517.5  0.3464396 30.0914402  0.9125458
 1517.5 1519.8  0.3462694 30.1074162  0.9125131
 1519.8 1522.1  0.3460992 30.1233921  0.9124804
 1522.1 1524.4  0.3459290 30.1393661  0.9124476
 1524.4 1526.7  0.3457588 30.1553421  0.9124149
 1526.7 1529.1  0.3455886 30.1713181  0.9123822
 1529.1 1531.4  0.3454110 30.1879883  0.9123480
 1531.4 1533.7  0.3452408 30.2039642  0.9123153
 1533.7 1536.1  0.3450706 30.2199383  0.9122825
 1536.1 1538.5  0.3448930 30.2366085  0.9122484
 1538.5 1540.8  0.3447154 30.2532787  0.9122143
 1540.8 1543.2  0.3445452 30.2692547  0.9121815
 1543.2 1545.6  0.3443676 30.2859249  0.9121473
 1545.6 1548.0  0.3441900 30.3025951  0.9121132
 1548.0 1550.4  0.3440124 30.3192654  0.9120790
 1550.4 1552.8  0.3438377 30.3356533  0.9120439
 1552.8 1555.2  0.3436776 30.3506374  0.9120033
 1555.2 1557.6  0.3435176 30.3656216  0.9119629
 1557.6 1560.1  0.3433575 30.3806057  0.9119224
 1560.1 1562.5  0.3431907 30.3962135  0.9118802
 1562.5 1564.9  0.3430307 30.4111977  0.9118397
 1564.9 1567.4  0.3428706 30.4261818  0.9117993
 1567.4 1569.9  0.3427038 30.4417915  0.9117571
 1569.9 1572.3  0.3425371 30.4573994  0.9117149
 1572.3 1574.8  0.3423770 30.4723835  0.9116744
 1574.8 1577.3  0.3422103 30.4879913  0.9116322
 1577.3 1579.8  0.3420435 30.5035992  0.9115900
 1579.8 1582.3  0.3418767 30.5192070  0.9115478
 1582.3 1584.8  0.3417100 30.5348167  0.9115057
 1584.8 1587.3  0.3415433 30.5504246  0.9114635
 1587.3 1589.8  0.3413765 30.5660324  0.9114214
 1589.8 1592.4  0.3412097 30.5816422  0.9113792
 1592.4 1594.9  0.3410363 30.5978737  0.9113353
 1594.9 1597.4  0.3408696 30.6134815  0.9112931
 1597.4 1600.0  0.3407028 30.6290894  0.9112509
 1600.0 1602.6  0.3405294 30.6453228  0.9112071
 1602.6 1605.1  0.3403748 30.6597252  0.9111567
 1605.1 1607.7  0.3402261 30.6735744  0.9111081
 1607.7 1610.3  0.3400715 30.6879787  0.9110577
 1610.3 1612.9  0.3399169 30.7023811  0.9110073
 1612.9 1615.5  0.3397622 30.7167854  0.9109568
 1615.5 1618.1  0.3396076 30.7311878  0.9109064
 1618.1 1620.7  0.3394530 30.7455921  0.9108559
 1620.7 1623.4  0.3392984 30.7599945  0.9108055
 1623.4 1626.0  0.3391378 30.7749519  0.9107531
 1626.0 1628.7  0.3389832 30.7893543  0.9107027
 1628.7 1631.3  0.3388226 30.8043118  0.9106503
 1631.3 1634.0  0.3386680 30.8187160  0.9105998
 1634.0 1636.7  0.3385074 30.8336735  0.9105475
 1636.7 1639.3  0.3383468 30.8486290  0.9104951
 1639.3 1642.0  0.3381922 30.8630333  0.9104447
 1642.0 1644.7  0.3380316 30.8779907  0.9103923
 1644.7 1647.4  0.3378711 30.8929482  0.9103399
 1647.4 1650.2  0.3377105 30.9079056  0.9102875
 1650.2 1652.9  0.3375455 30.9232731  0.9102326
 1652.9 1655.6  0.3374057 30.9363003  0.9101721
 1655.6 1658.4  0.3372658 30.9493275  0.9101117
 1658.4 1661.1  0.3371207 30.9628391  0.9100490
 1661.1 1663.9  0.3369809 30.9758663  0.9099885
 1663.9 1666.7  0.3368358 30.9893761  0.9099258
 1666.7 1669.4  0.3366908 31.0028858  0.9098631
 1669.4 1672.2  0.3365509 31.0159130  0.9098026
 1672.2 1675.0  0.3364059 31.0294228  0.9097399
 1675.0 1677.9  0.3362609 31.0429344  0.9096771
 1677.9 1680.7  0.3361106 31.0569267  0.9096122
 1680.7 1683.5  0.3359656 31.0704365  0.9095495
 1683.5 1686.3  0.3358205 31.0839462  0.9094868
 1686.3 1689.2  0.3356755 31.0974560  0.9094241
 1689.2 1692.0  0.3355252 31.1114483  0.9093591
 1692.0 1694.9  0.3353802 31.1249580  0.9092964
 1694.9 1697.8  0.3352300 31.1389523  0.9092314
 1697.8 1700.7  0.3350798 31.1529446  0.9091665
 1700.7 1703.6  0.3349438 31.1656227  0.9091052
 1703.6 1706.5  0.3348526 31.1741714  0.9090556
 1706.5 1709.4  0.3347614 31.1827202  0.9090059
 1709.4 1712.3  0.3346702 31.1912689  0.9089562
 1712.3 1715.3  0.3345790 31.1998158  0.9089066
 1715.3 1718.2  0.3344847 31.2086601  0.9088552
 1718.2 1721.2  0.3343935 31.2172089  0.9088055
 1721.2 1724.1  0.3342992 31.2260513  0.9087542
 1724.1 1727.1  0.3342080 31.2346001  0.9087045
 1727.1 1730.1  0.3341137 31.2434444  0.9086531
 1730.1 1733.1  0.3340193 31.2522869  0.9086018
 1733.1 1736.1  0.3339250 31.2611294  0.9085504
 1736.1 1739.1  0.3338307 31.2699738  0.9084991
 1739.1 1742.2  0.3337363 31.2788162  0.9084477
 1742.2 1745.2  0.3336388 31.2879543  0.9083946
 1745.2 1748.3  0.3335445 31.2967987  0.9083432
 1748.3 1751.3  0.3334470 31.3059368  0.9082901
 1751.3 1754.4  0.3333527 31.3147793  0.9082388
 1754.4 1757.5  0.3332519 31.3242569  0.9081814
 1757.5 1760.6  0.3331283 31.3360214  0.9080949
 1760.6 1763.7  0.3330047 31.3477859  0.9080085
 1763.7 1766.8  0.3328812 31.3595505  0.9079221
 1766.8 1769.9  0.3327576 31.3713150  0.9078357
 1769.9 1773.0  0.3326340 31.3830795  0.9077493
 1773.0 1776.2  0.3325194 31.3941135  0.9076583
 1776.2 1779.4  0.3324014 31.4054794  0.9075642
 1779.4 1782.5  0.3322834 31.4168434  0.9074700
 1782.5 1785.7  0.3321691 31.4278545  0.9073789
 1785.7 1788.9  0.3320512 31.4392185  0.9072847
 1788.9 1792.1  0.3319421 31.4498711  0.9071860
 1792.1 1795.3  0.3318340 31.4604492  0.9070867
 1795.3 1798.6  0.3317259 31.4710274  0.9069874
 1798.6 1801.8  0.3316145 31.4819355  0.9068850
 1801.8 1805.1  0.3315064 31.4925137  0.9067857
 1805.1 1808.3  0.3314022 31.5029202  0.9066747
 1808.3 1811.6  0.3313015 31.5129814  0.9065664
 1811.6 1814.9  0.3311978 31.5233555  0.9064548
 1814.9 1818.2  0.3310941 31.5337296  0.9063432
 1818.2 1821.5  0.3309912 31.5440311  0.9062314
 1821.5 1824.8  0.3309018 31.5532303  0.9061170
 1824.8 1828.2  0.3308124 31.5624294  0.9060025
 1828.2 1831.5  0.3307202 31.5719051  0.9058847
 1831.5 1834.9  0.3306308 31.5811043  0.9057702
 1834.9 1838.2  0.3305387 31.5905819  0.9056523
 1838.2 1841.6  0.3304608 31.5989075  0.9055314
 1841.6 1845.0  0.3303810 31.6074581  0.9054067
 1845.0 1848.4  0.3303011 31.6160088  0.9052818
 1848.4 1851.9  0.3302212 31.6245594  0.9051570
 1851.9 1855.3  0.3301390 31.6333599  0.9050286
 1855.3 1858.7  0.3300700 31.6411858  0.9048927
 1858.7 1862.2  0.3300012 31.6489887  0.9047564
 1862.2 1865.7  0.3299305 31.6570206  0.9046162
 1865.7 1869.2  0.3298597 31.6650524  0.9044759
 1869.2 1872.7  0.3297899 31.6730137  0.9043355
 1872.7 1876.2  0.3297350 31.6798019  0.9041910
 1876.2 1879.7  0.3296801 31.6865902  0.9040466
 1879.7 1883.2  0.3296252 31.6933765  0.9039021
 1883.2 1886.8  0.3295704 31.7001648  0.9037577
 1886.8 1890.4  0.3295139 31.7071476  0.9036091
 1890.4 1893.9  0.3294719 31.7130966  0.9034520
 1893.9 1897.5  0.3294318 31.7188206  0.9032987
 1897.5 1901.1  0.3293906 31.7247086  0.9031411
 1901.1 1904.8  0.3293493 31.7305984  0.9029835
 1904.8 1908.4  0.3293070 31.7366505  0.9028215
 1908.4 1912.0  0.3292803 31.7415791  0.9026501
 1912.0 1915.7  0.3292546 31.7464523  0.9024779
 1915.7 1919.4  0.3292281 31.7514591  0.9023009
 1919.4 1923.1  0.3292016 31.7564678  0.9021239
 1923.1 1926.8  0.3291756 31.7614403  0.9019467
 1926.8 1930.5  0.3291670 31.7651119  0.9017639
 1930.5 1934.2  0.3291584 31.7687836  0.9015810
 1934.2 1938.0  0.3291499 31.7724533  0.9013982
 1938.0 1941.7  0.3291411 31.7762241  0.9012104
 1941.7 1945.5  0.3291325 31.7798958  0.9010276
 1945.5 1949.3  0.3291409 31.7824802  0.9008288
 1949.3 1953.1  0.3291508 31.7849636  0.9006292
 1953.1 1956.9  0.3291607 31.7874470  0.9004296
 1956.9 1960.8  0.3291706 31.7899303  0.9002300
 1960.8 1964.6  0.3291808 31.7924786  0.9000251
 1964.6 1968.5  0.3292090 31.7937927  0.8998087
 1968.5 1972.4  0.3292390 31.7950745  0.8995857
 1972.4 1976.3  0.3292690 31.7963543  0.8993626
 1976.3 1980.2  0.3292990 31.7976360  0.8991396
 1980.2 1984.1  0.3293298 31.7988586  0.8989162
 1984.1 1988.1  0.3293755 31.7989883  0.8986873
 1988.1 1992.0  0.3294224 31.7991238  0.8984525
 1992.0 1996.0  0.3294681 31.7992535  0.8982235
 1996.0 2000.0  0.3295150 31.7993889  0.8979886
 2000.0 2004.0  0.3295619 31.7995224  0.8977538
 2004.0 2008.0  0.3296244 31.7986889  0.8975015
 2008.0 2012.1  0.3296869 31.7978554  0.8972492
 2012.1 2016.1  0.3297510 31.7970009  0.8969907
 2016.1 2020.2  0.3298135 31.7961674  0.8967384
 2020.2 2024.3  0.3298781 31.7952805  0.8964796
 2024.3 2028.4  0.3299511 31.7937469  0.8962171
 2028.4 2032.5  0.3300242 31.7922134  0.8959545
 2032.5 2036.7  0.3300973 31.7906799  0.8956921
 2036.7 2040.8  0.3301722 31.7891102  0.8954231
 2040.8 2045.0  0.3302452 31.7875767  0.8951606
 2045.0 2049.2  0.3303267 31.7855778  0.8948828
 2049.2 2053.4  0.3304086 31.7835579  0.8946046
 2053.4 2057.6  0.3304904 31.7815361  0.8943263
 2057.6 2061.9  0.3305722 31.7795162  0.8940480
 2061.9 2066.1  0.3306561 31.7774467  0.8937631
 2066.1 2070.4  0.3307427 31.7752209  0.8934703
 2070.4 2074.7  0.3308314 31.7729359  0.8931702
 2074.7 2079.0  0.3309202 31.7706509  0.8928701
 2079.0 2083.3  0.3310090 31.7683640  0.8925699
 2083.3 2087.7  0.3310977 31.7660904  0.8922693
 2087.7 2092.1  0.3311867 31.7639198  0.8919553
 2092.1 2096.4  0.3312757 31.7617474  0.8916412
 2096.4 2100.8  0.3313627 31.7596245  0.8913343
 2100.8 2105.3  0.3314517 31.7574539  0.8910202
 2105.3 2109.7  0.3315422 31.7552700  0.8906991
 2109.7 2114.2  0.3316226 31.7536526  0.8903865
 2114.2 2118.6  0.3317048 31.7519989  0.8900667
 2118.6 2123.1  0.3317852 31.7503815  0.8897540
 2123.1 2127.7  0.3318674 31.7487259  0.8894342
 2127.7 2132.2  0.3319514 31.7470360  0.8891073
 2132.2 2136.8  0.3320222 31.7462177  0.8887838
 2136.8 2141.3  0.3320938 31.7454414  0.8884527
 2141.3 2145.9  0.3321638 31.7446823  0.8881288
 2145.9 2150.5  0.3322354 31.7439060  0.8877978
 2150.5 2155.2  0.3323070 31.7431297  0.8874667
 2155.2 2159.8  0.3323655 31.7436562  0.8871064
 2159.8 2164.5  0.3324211 31.7443237  0.8867511
 2164.5 2169.2  0.3324779 31.7450047  0.8863880
 2169.2 2173.9  0.3325347 31.7456875  0.8860250
 2173.9 2178.6  0.3325915 31.7463684  0.8856620
 2178.6 2183.4  0.3326195 31.7484970  0.8853459
 2183.4 2188.2  0.3326474 31.7507000  0.8850242
 2188.2 2193.0  0.3326753 31.7529049  0.8847025
 2193.0 2197.8  0.3327033 31.7551098  0.8843808
 2197.8 2202.6  0.3327312 31.7573128  0.8840591
 2202.6 2207.5  0.3327418 31.7611141  0.8837109
 2207.5 2212.4  0.3327375 31.7663746  0.8833326
 2212.4 2217.3  0.3327333 31.7716331  0.8829542
 2217.3 2222.2  0.3327290 31.7768936  0.8825759
 2222.2 2227.2  0.3327232 31.7822609  0.8821984
 2227.2 2232.1  0.3326777 31.7903233  0.8818337
 2232.1 2237.1  0.3326332 31.7982254  0.8814763
 2237.1 2242.2  0.3325877 31.8062878  0.8811116
 2242.2 2247.2  0.3325413 31.8145123  0.8807397
 2247.2 2252.3  0.3324939 31.8227100  0.8803755
 2252.3 2257.3  0.3323972 31.8344078  0.8800173
 2257.3 2262.4  0.3323023 31.8458748  0.8796661
 2262.4 2267.6  0.3322056 31.8575726  0.8793080
 2267.6 2272.7  0.3321069 31.8694992  0.8789428
 2272.7 2277.9  0.3320102 31.8811951  0.8785846
 2277.9 2283.1  0.3318495 31.8976040  0.8782220
 2283.1 2288.3  0.3316849 31.9142876  0.8778595
 2288.3 2293.6  0.3315204 31.9309692  0.8774970
 2293.6 2298.9  0.3313527 31.9479733  0.8771275
 2298.9 2304.1  0.3311851 31.9649773  0.8767581
 2304.1 2309.5  0.3309534 31.9863071  0.8764144
 2309.5 2314.8  0.3307115 32.0085526  0.8760579
 2314.8 2320.2  0.3304740 32.0303879  0.8757080
 2320.2 2325.6  0.3302321 32.0526314  0.8753515
 2325.6 2331.0  0.3299902 32.0748787  0.8749950
 2331.0 2336.4  0.3296622 32.1032867  0.8746478
 2336.4 2341.9  0.3293273 32.1321869  0.8743014
 2341.9 2347.4  0.3289863 32.1616249  0.8739485
 2347.4 2352.9  0.3286452 32.1910591  0.8735957
 2352.9 2358.5  0.3283041 32.2204971  0.8732429
 2358.5 2364.1  0.3278589 32.2574120  0.8729048
 2364.1 2369.7  0.3274119 32.2944565  0.8725671
 2369.7 2375.3  0.3269649 32.3314972  0.8722295
 2375.3 2381.0  0.3265180 32.3685417  0.8718919
 2381.0 2386.6  0.3260630 32.4062462  0.8715482
 2386.6 2392.3  0.3255450 32.4485817  0.8712442
 2392.3 2398.1  0.3250178 32.4916687  0.8709348
 2398.1 2403.8  0.3244814 32.5355148  0.8706200
 2403.8 2409.6  0.3239542 32.5786057  0.8703106
 2409.6 2415.5  0.3234177 32.6224518  0.8699958
 2415.5 2421.3  0.3228359 32.6707916  0.8697087
 2421.3 2427.2  0.3222614 32.7185822  0.8694288
 2427.2 2433.1  0.3216770 32.7671967  0.8691441
 2433.1 2439.0  0.3210925 32.8158112  0.8688594
 2439.0 2445.0  0.3205081 32.8644257  0.8685747
 2445.0 2451.0  0.3199545 32.9131012  0.8683397
 2451.0 2457.0  0.3194009 32.9617729  0.8681047
 2457.0 2463.1  0.3188473 33.0104485  0.8678697
 2463.1 2469.1  0.3182845 33.0599327  0.8676308
 2469.1 2475.2  0.3177328 33.1085243  0.8673970
 2475.2 2481.4  0.3172887 33.1528244  0.8672280
 2481.4 2487.6  0.3168372 33.1978569  0.8670564
 2487.6 2493.8  0.3163857 33.2428856  0.8668848
 2493.8 2500.0  0.3159342 33.2879181  0.8667132
 2500.0 2506.3  0.3154828 33.3329468  0.8665415
 2506.3 2512.6  0.3152338 33.3680191  0.8664559
 2512.6 2518.9  0.3149848 33.4030952  0.8663703
 2518.9 2525.3  0.3147358 33.4381676  0.8662847
 2525.3 2531.6  0.3144828 33.4737968  0.8661977
 2531.6 2538.1  0.3142338 33.5088692  0.8661121
 2538.1 2544.5  0.3142630 33.5306206  0.8661243
 2544.5 2551.0  0.3143103 33.5511017  0.8661429
 2551.0 2557.5  0.3143583 33.5719032  0.8661618
 2557.5 2564.1  0.3144063 33.5927086  0.8661807
 2564.1 2570.7  0.3144615 33.6134911  0.8662018
 2570.7 2577.3  0.3149396 33.6121902  0.8663542
 2577.3 2584.0  0.3154176 33.6108932  0.8665067
 2584.0 2590.7  0.3159029 33.6095734  0.8666614
 2590.7 2597.4  0.3163882 33.6082573  0.8668162
 2597.4 2604.2  0.3169039 33.6052628  0.8669795
 2604.2 2611.0  0.3179137 33.5753975  0.8672826
 2611.0 2617.8  0.3189235 33.5455322  0.8675857
 2617.8 2624.7  0.3199333 33.5156670  0.8678887
 2624.7 2631.6  0.3209579 33.4853630  0.8681962
 2631.6 2638.5  0.3219826 33.4550591  0.8685037
 2638.5 2645.5  0.3236022 33.3935432  0.8689619
 2645.5 2652.5  0.3252825 33.3291817  0.8694360
 2652.5 2659.6  0.3269627 33.2648239  0.8699102
 2659.6 2666.7  0.3286670 33.1995430  0.8703912
 2666.7 2673.8  0.3303712 33.1342659  0.8708722
 2673.8 2681.0  0.3326631 33.0392342  0.8714731
 2681.0 2688.2  0.3350136 32.9415321  0.8720879
 2688.2 2695.4  0.3373641 32.8438339  0.8727026
 2695.4 2702.7  0.3397146 32.7461319  0.8733174
 2702.7 2710.0  0.3420977 32.6470718  0.8739406
 2710.0 2717.4  0.3450508 32.5211143  0.8746443
 2717.4 2724.8  0.3480690 32.3922615  0.8753610
 2724.8 2732.2  0.3510873 32.2634048  0.8760777
 2732.2 2739.7  0.3541056 32.1345520  0.8767944
 2739.7 2747.3  0.3571646 32.0039597  0.8775208
 2747.3 2754.8  0.3608205 31.8477211  0.8782921
 2754.8 2762.4  0.3644508 31.6925716  0.8790545
 2762.4 2770.1  0.3681294 31.5353584  0.8798272
 2770.1 2777.8  0.3718566 31.3760681  0.8806100
 2777.8 2785.5  0.3755837 31.2167835  0.8813929
 2785.5 2793.3  0.3798409 31.0374947  0.8821579
 2793.3 2801.1  0.3841678 30.8553352  0.8829324
 2801.1 2809.0  0.3884946 30.6731758  0.8837068
 2809.0 2816.9  0.3928768 30.4886856  0.8844912
 2816.9 2824.9  0.3972591 30.3041954  0.8852755
 2824.9 2832.9  0.4022765 30.0987854  0.8859969
 2832.9 2840.9  0.4073012 29.8931408  0.8867173
 2840.9 2849.0  0.4123260 29.6874943  0.8874376
 2849.0 2857.1  0.4174137 29.4792767  0.8881670
 2857.1 2865.3  0.4225056 29.2709904  0.8888944
 2865.3 2873.6  0.4280094 29.0545788  0.8894640
 2873.6 2881.8  0.4335804 28.8355255  0.8900406
 2881.8 2890.2  0.4390843 28.6191139  0.8906102
 2890.2 2898.6  0.4447223 28.3974247  0.8911938
 2898.6 2907.0  0.4503605 28.1757278  0.8917773
 2907.0 2915.5  0.4565611 27.9440651  0.8921485
 2915.5 2924.0  0.4628640 27.7091351  0.8925133
 2924.0 2932.6  0.4691670 27.4742069  0.8928782
 2932.6 2941.2  0.4755442 27.2365112  0.8932474
 2941.2 2949.9  0.4819277 26.9989014  0.8936101
 2949.9 2958.6  0.4886621 26.7618656  0.8937067
 2958.6 2967.4  0.4953967 26.5248241  0.8938034
 2967.4 2976.2  0.5022084 26.2850666  0.8939011
 2976.2 2985.1  0.5090203 26.0453053  0.8939989
 2985.1 2994.0  0.5159130 25.8028450  0.8940949
 2994.0 3003.0  0.5230929 25.5630951  0.8939400
 3003.0 3012.0  0.5303535 25.3206482  0.8937834
 3012.0 3021.1  0.5376142 25.0781994  0.8936267
 3021.1 3030.3  0.5449557 24.8330555  0.8934684
 3030.3 3039.5  0.5523756 24.5856476  0.8933018
 3039.5 3048.8  0.5597345 24.3508263  0.8929431
 3048.8 3058.1  0.5671734 24.1134510  0.8925805
 3058.1 3067.5  0.5746123 23.8760757  0.8922179
 3067.5 3076.9  0.5821310 23.6361523  0.8918514
 3076.9 3086.4  0.5896499 23.3962288  0.8914848
 3086.4 3096.0  0.5971188 23.1675320  0.8909667
 3096.0 3105.6  0.6046650 22.9365749  0.8904415
 3105.6 3115.3  0.6122113 22.7056179  0.8899164
 3115.3 3125.0  0.6198360 22.4722595  0.8893858
 3125.0 3134.8  0.6274608 22.2388992  0.8888551
 3134.8 3144.7  0.6345522 22.0302906  0.8882560
 3144.7 3154.6  0.6417158 21.8195572  0.8876508
 3154.6 3164.6  0.6488796 21.6088181  0.8870456
 3164.6 3174.6  0.6561157 21.3959522  0.8864343
 3174.6 3184.7  0.6633517 21.1830883  0.8858230
 3184.7 3194.9  0.6699497 20.9965782  0.8852066
 3194.9 3205.1  0.6765835 20.8094044  0.8845841
 3205.1 3215.4  0.6832174 20.6222286  0.8839616
 3215.4 3225.8  0.6899161 20.4332218  0.8833330
 3225.8 3236.2  0.6966054 20.2450695  0.8827035
 3236.2 3246.8  0.7023981 20.0892296  0.8821368
 3246.8 3257.3  0.7083023 19.9303894  0.8815591
 3257.3 3268.0  0.7141507 19.7730484  0.8809869
 3268.0 3278.7  0.7201105 19.6127129  0.8804037
 3278.7 3289.5  0.7257215 19.4641762  0.8798522
 3289.5 3300.3  0.7307189 19.3367844  0.8793557
 3300.3 3311.3  0.7357162 19.2093906  0.8788593
 3311.3 3322.3  0.7408060 19.0796394  0.8783536
 3322.3 3333.3  0.7458958 18.9498863  0.8778480
 3333.3 3344.5  0.7503131 18.8414364  0.8774027
 3344.5 3355.7  0.7545879 18.7380714  0.8769693
 3355.7 3367.0  0.7588627 18.6347046  0.8765360
 3367.0 3378.4  0.7631758 18.5304146  0.8760988
 3378.4 3389.8  0.7670688 18.4369793  0.8757021
 3389.8 3401.4  0.7698840 18.3712559  0.8754100
 3401.4 3413.0  0.7727485 18.3043804  0.8751128
 3413.0 3424.7  0.7756131 18.2375031  0.8748156
 3424.7 3436.4  0.7785024 18.1700497  0.8745158
 3436.4 3448.3  0.7857518 18.0008030  0.8737068
 3448.3 3460.2  0.7932420 17.8259373  0.8728703
 3460.2 3472.2  0.7964527 17.7463303  0.8724920
 3472.2 3484.3  0.7989712 17.6820660  0.8721874
 3484.3 3496.5  0.8015108 17.6172638  0.8718803
 3496.5 3508.8  0.8040712 17.5519257  0.8715707
 3508.8 3521.1  0.8066527 17.4860535  0.8712586
 3521.1 3533.6  0.8092341 17.4201813  0.8709463
 3533.6 3546.1  0.8118576 17.3532372  0.8706291
 3546.1 3558.7  0.8144810 17.2862930  0.8703119
 3558.7 3571.4  0.8166974 17.2222023  0.8700225
 3571.4 3584.2  0.8187379 17.1591301  0.8697445
 3584.2 3597.1  0.8207945 17.0955620  0.8694643
 3597.1 3610.1  0.8228672 17.0314980  0.8691819
 3610.1 3623.2  0.8249559 16.9669361  0.8688973
 3623.2 3636.4  0.8270608 16.9018784  0.8686106
 3636.4 3649.6  0.8291816 16.8363247  0.8683216
 3649.6 3663.0  0.8313025 16.7707691  0.8680326
 3663.0 3676.5  0.8330767 16.7068424  0.8677834
 3676.5 3690.0  0.8348524 16.6425190  0.8675338
 3690.0 3703.7  0.8366281 16.5781956  0.8672841
 3703.7 3717.5  0.8384301 16.5129185  0.8670308
 3717.5 3731.3  0.8402452 16.4471664  0.8667756
 3731.3 3745.3  0.8420604 16.3814125  0.8665203
 3745.3 3759.4  0.8439019 16.3147068  0.8662614
 3759.4 3773.6  0.8456364 16.2492218  0.8660359
 3773.6 3787.9  0.8473226 16.1841278  0.8658265
 3787.9 3802.3  0.8490207 16.1185741  0.8656157
 3802.3 3816.8  0.8507308 16.0525627  0.8654034
 3816.8 3831.4  0.8524526 15.9860935  0.8651896
 3831.4 3846.2  0.8541864 15.9191656  0.8649743
 3846.2 3861.0  0.8559439 15.8513203  0.8647560
 3861.0 3876.0  0.8576623 15.7854500  0.8645786
 3876.0 3891.1  0.8593903 15.7193823  0.8644131
 3891.1 3906.2  0.8611298 15.6528730  0.8642464
 3906.2 3921.6  0.8628692 15.5863657  0.8640797
 3921.6 3937.0  0.8646432 15.5185347  0.8639098
 3937.0 3952.6  0.8664172 15.4507046  0.8637398
 3952.6 3968.3  0.8682052 15.3825216  0.8635757
 3968.3 3984.1  0.8699591 15.3165588  0.8634511
 3984.1 4000.0  0.8717242 15.2501764  0.8633258
 4000.0 4016.1  0.8735005 15.1833735  0.8631997
 4016.1 4032.3  0.8752990 15.1157293  0.8630719
 4032.3 4048.6  0.8771088 15.0476665  0.8629434
 4048.6 4065.0  0.8789297 14.9791822  0.8628141
 4065.0 4081.6  0.8806691 14.9136677  0.8627197
 4081.6 4098.4  0.8824210 14.8476725  0.8626276
 4098.4 4115.2  0.8841939 14.7808828  0.8625343
 4115.2 4132.2  0.8859670 14.7140923  0.8624410
 4132.2 4149.4  0.8877610 14.6465073  0.8623466
 4149.4 4166.7  0.8895761 14.5781288  0.8622512
 4166.7 4184.1  0.8912718 14.5128536  0.8621850
 4184.1 4201.7  0.8929725 14.4473295  0.8621196
 4201.7 4219.4  0.8946927 14.3810511  0.8620533
 4219.4 4237.3  0.8964227 14.3143988  0.8619867
 4237.3 4255.3  0.8981722 14.2469912  0.8619194
 4255.3 4273.5  0.8998860 14.1800709  0.8618585
 4273.5 4291.8  0.9015085 14.1144972  0.8618137
 4291.8 4310.3  0.9031399 14.0485649  0.8617687
 4310.3 4329.0  0.9047891 13.9819117  0.8617231
 4329.0 4347.8  0.9064562 13.9145365  0.8616771
 4347.8 4366.8  0.9081321 13.8468027  0.8616308
 4366.8 4386.0  0.9096729 13.7803745  0.8615991
 4386.0 4405.3  0.9112097 13.7135153  0.8615692
 4405.3 4424.8  0.9127544 13.6463089  0.8615391
 4424.8 4444.4  0.9143152 13.5784054  0.8615087
 4444.4 4464.3  0.9158839 13.5101528  0.8614781
 4464.3 4484.3  0.9173535 13.4422283  0.8614563
 4484.3 4504.5  0.9187819 13.3745022  0.8614382
 4504.5 4524.9  0.9202246 13.3060980  0.8614197
 4524.9 4545.5  0.9216816 13.2370176  0.8614012
 4545.5 4566.2  0.9231529 13.1672592  0.8613825
 4566.2 4587.2  0.9245114 13.0985327  0.8613721
 4587.2 4608.3  0.9258556 13.0291986  0.8613640
 4608.3 4629.6  0.9272063 12.9595346  0.8613558
 4629.6 4651.2  0.9285698 12.8892088  0.8613476
 4651.2 4672.9  0.9299449 12.8179855  0.8613397
 4672.9 4694.8  0.9311970 12.7480173  0.8613405
 4694.8 4717.0  0.9324606 12.6774025  0.8613412
 4717.0 4739.3  0.9337415 12.6058197  0.8613420
 4739.3 4761.9  0.9350282 12.5339165  0.8613427
 4761.9 4784.7  0.9362676 12.4619036  0.8613473
 4784.7 4807.7  0.9374594 12.3900328  0.8613556
 4807.7 4830.9  0.9386617 12.3175316  0.8613639
 4830.9 4854.4  0.9398744 12.2444019  0.8613723
 4854.4 4878.0  0.9410821 12.1706305  0.8613819
 4878.0 4902.0  0.9422048 12.0978785  0.8613963
 4902.0 4926.1  0.9433466 12.0238934  0.8614110
 4926.1 4950.5  0.9444931 11.9495993  0.8614257
 4950.5 4975.1  0.9456517 11.8744154  0.8614407
 4975.1 5000.0  0.9467205 11.8002739  0.8614601
 5000.0 5025.1  0.9478024 11.7252293  0.8614798
 5025.1 5050.5  0.9488929 11.6495800  0.8614995
 5050.5 5076.1  0.9499946 11.5730639  0.8615197
 5076.1 5102.0  0.9510127 11.4977112  0.8615427
 5102.0 5128.2  0.9520428 11.4214764  0.8615661
 5128.2 5154.6  0.9530848 11.3443575  0.8615897
 5154.6 5181.3  0.9541193 11.2669926  0.8616136
 5181.3 5208.3  0.9550918 11.1903830  0.8616390
 5208.3 5235.6  0.9560753 11.1129122  0.8616646
 5235.6 5263.2  0.9570698 11.0345793  0.8616905
 5263.2 5291.0  0.9580340 10.9564447  0.8617164
 5291.0 5319.1  0.9589601 10.8789091  0.8617425
 5319.1 5347.6  0.9598961 10.8005362  0.8617688
 5347.6 5376.3  0.9608455 10.7210484  0.8617954
 5376.3 5405.4  0.9617230 10.6433382  0.8618203
 5405.4 5434.8  0.9626055 10.5647602  0.8618454
 5434.8 5464.5  0.9634971 10.4853716  0.8618707
 5464.5 5494.5  0.9643552 10.4066248  0.8618943
 5494.5 5524.9  0.9651767 10.3286209  0.8619159
 5524.9 5555.6  0.9660091 10.2495756  0.8619379
 5555.6 5586.6  0.9668335 10.1703644  0.8619590
 5586.6 5618.0  0.9675922 10.0931559  0.8619754
 5618.0 5649.7  0.9683607 10.0149517  0.8619920
 5649.7 5681.8  0.9691366  9.9359999  0.8620088
 5681.8 5714.3  0.9698378  9.8593807  0.8620194
 5714.3 5747.1  0.9705469  9.7818375  0.8620300
 5747.1 5780.3  0.9712626  9.7035780  0.8620408
 5780.3 5814.0  0.9719199  9.6270361  0.8620464
 5814.0 5848.0  0.9725806  9.5495996  0.8620517
 5848.0 5882.4  0.9732471  9.4714746  0.8620570
 5882.4 5917.2  0.9738626  9.3947744  0.8620578
 5917.2 5952.4  0.9744816  9.3173275  0.8620583
 5952.4 5988.0  0.9751043  9.2391338  0.8620586
 5988.0 6024.1  0.9756852  9.1620007  0.8620549
 6024.1 6060.6  0.9762744  9.0837851  0.8620512
 6060.6 6097.6  0.9768576  9.0052013  0.8620464
 6097.6 6135.0  0.9774182  8.9267797  0.8620390
 6135.0 6172.8  0.9779847  8.8475094  0.8620316
 6172.8 6211.2  0.9785367  8.7682333  0.8620223
 6211.2 6250.0  0.9790837  8.6882601  0.8620118
 6250.0 6289.3  0.9796364  8.6074543  0.8620011
 6289.3 6329.1  0.9801698  8.5267010  0.8619878
 6329.1 6369.4  0.9807100  8.4449186  0.8619744
 6369.4 6410.3  0.9812481  8.3624916  0.8619599
 6410.3 6451.6  0.9817846  8.2792530  0.8619443
 6451.6 6493.5  0.9823260  8.1952181  0.8619285
 6493.5 6535.9  0.9828647  8.1104479  0.8619109
 6535.9 6578.9  0.9834099  8.0246658  0.8618931
 6578.9 6622.5  0.9839609  7.9378080  0.8618745
 6622.5 6666.7  0.9845187  7.8498073  0.8618553
 6666.7 6711.4  0.9850862  7.7605572  0.8618357
 6711.4 6756.8  0.9856636  7.6702356  0.8618155
 6756.8 6802.7  0.9862521  7.5784378  0.8617949
 6802.7 6849.3  0.9868593  7.4852729  0.8617741
 6849.3 6896.6  0.9874756  7.3906884  0.8617529
 6896.6 6944.4  0.9881192  7.2941518  0.8617315
 6944.4 6993.0  0.9887699  7.1965871  0.8617099
 6993.0 7042.3  0.9894433  7.0971169  0.8616871
 7042.3 7092.2  0.9901280  6.9961791  0.8616638
 7092.2 7142.9  0.9908251  6.8940902  0.8616387
 7142.9 7194.2  0.9915342  6.7903800  0.8616130
 7194.2 7246.4  0.9922478  6.6858935  0.8615842
 7246.4 7299.3  0.9929733  6.5796485  0.8615545
 7299.3 7352.9  0.9936953  6.4729085  0.8615203
 7352.9 7407.4  0.9944246  6.3649063  0.8614850
 7407.4 7462.7  0.9951422  6.2565389  0.8614431
 7462.7 7518.8  0.9958619  6.1470661  0.8613988
 7518.8 7575.8  0.9965631  6.0376630  0.8613476
 7575.8 7633.6  0.9972525  5.9277821  0.8612910
 7633.6 7692.3  0.9979232  5.8179255  0.8612279
 7692.3 7751.9  0.9985557  5.7089992  0.8611544
 7751.9 7812.5  0.9991749  5.5995879  0.8610757
 7812.5 7874.0  0.9996846  5.4928703  0.8609798
 7874.0 7936.5  1.0000000  5.3868337  0.8608747
 7936.5 8000.0  1.0000000  5.2826710  0.8607553
 8000.0 8064.5  1.0000000  5.1825709  0.8606145
 8064.5 8130.1  1.0000000  5.0844712  0.8604591
 8130.1 8196.7  1.0000000  4.9917316  0.8602772
 8196.7 8264.5  1.0000000  4.9053483  0.8600661
 8264.5 8333.3  1.0000000  4.8236732  0.8598298
 8333.3 8403.4  1.0000000  4.7515898  0.8595536
 8403.4 8474.6  1.0000000  4.6909099  0.8592287
 8474.6 8547.0  1.0000000  4.6333351  0.8588850
 8547.0 8620.7  1.0000000  4.5747886  0.8585355
 8620.7 8695.7  1.0000000  4.5151906  0.8581797
 8695.7 8771.9  1.0000000  4.4545422  0.8578177
 8771.9 8849.6  1.0000000  4.3929229  0.8574498
 8849.6 8928.6  1.0000000  4.3300915  0.8570747
 8928.6 9009.0  1.0000000  4.2662082  0.8566934
 9009.0 9090.9  1.0000000  4.2011924  0.8563053
 9090.9 9174.3  1.0000000  4.1349640  0.8559099
 9174.3 9259.3  1.0000000  4.0675230  0.8555073
 9259.3 9345.8  1.0000000  3.9987879  0.8550970
 9345.8 9434.0  1.0000000  3.9288397  0.8546794
 9434.0 9523.8  1.0000000  3.8575165  0.8542536
 9523.8 9615.4  1.0000000  3.7849002  0.8538201
 9615.4 9708.7  1.0000000  3.7108274  0.8533779
 9708.7 9803.9  1.0000000  3.6353807  0.8529276
 9803.9 9901.0  1.0000000  3.5583971  0.8524680
 9901.0 9911.0  1.0000000  3.4798775  0.8519993
