 1176.5 1177.9  0.4330178 18.3935051  0.8821062
 1177.9 1179.2  0.4327872 18.4066086  0.8821169
 1179.2 1180.6  0.4325731 18.4187775  0.8821267
 1180.6 1182.0  0.4323425 18.4318810  0.8821374
 1182.0 1183.4  0.4321119 18.4449844  0.8821480
 1183.4 1184.8  0.4318813 18.4580898  0.8821586
 1184.8 1186.2  0.4316507 18.4711933  0.8821692
 1186.2 1187.6  0.4314201 18.4842968  0.8821798
 1187.6 1189.1  0.4311895 18.4974022  0.8821904
 1189.1 1190.5  0.4309424 18.5114422  0.8822018
 1190.5 1191.9  0.4307118 18.5245457  0.8822125
 1191.9 1193.3  0.4304812 18.5376511  0.8822231
 1193.3 1194.7  0.4302506 18.5507545  0.8822337
 1194.7 1196.2  0.4300200 18.5638580  0.8822443
 1196.2 1197.6  0.4297729 18.5778980  0.8822557
 1197.6 1199.0  0.4295423 18.5910015  0.8822663
 1199.0 1200.5  0.4293117 18.6041069  0.8822769
 1200.5 1201.9  0.4290647 18.6181469  0.8822883
 1201.9 1203.4  0.4288341 18.6312504  0.8822989
 1203.4 1204.8  0.4285870 18.6452904  0.8823103
 1204.8 1206.3  0.4283564 18.6583958  0.8823209
 1206.3 1207.7  0.4281093 18.6724358  0.8823323
 1207.7 1209.2  0.4278787 18.6855392  0.8823429
 1209.2 1210.7  0.4276316 18.6995792  0.8823543
 1210.7 1212.1  0.4273846 18.7136192  0.8823656
 1212.1 1213.6  0.4271540 18.7267227  0.8823763
 1213.6 1215.1  0.4269069 18.7407627  0.8823877
 1215.1 1216.5  0.4266598 18.7548027  0.8823990
 1216.5 1218.0  0.4264292 18.7679081  0.8824097
 1218.0 1219.5  0.4261822 18.7819481  0.8824211
 1219.5 1221.0  0.4259351 18.7959881  0.8824324
 1221.0 1222.5  0.4256880 18.8100281  0.8824438
 1222.5 1224.0  0.4254409 18.8240681  0.8824552
 1224.0 1225.5  0.4251939 18.8381081  0.8824666
 1225.5 1227.0  0.4249468 18.8521481  0.8824779
 1227.0 1228.5  0.4246997 18.8661880  0.8824893
 1228.5 1230.0  0.4244527 18.8802280  0.8825007
 1230.0 1231.5  0.4242056 18.8942680  0.8825121
 1231.5 1233.0  0.4239585 18.9083080  0.8825235
 1233.0 1234.6  0.4237114 18.9223480  0.8825349
 1234.6 1236.1  0.4234479 18.9373245  0.8825470
 1236.1 1237.6  0.4232008 18.9513645  0.8825583
 1237.6 1239.2  0.4229538 18.9654045  0.8825697
 1239.2 1240.7  0.4226902 18.9803810  0.8825819
 1240.7 1242.2  0.4224432 18.9944210  0.8825933
 1242.2 1243.8  0.4221961 19.0084610  0.8826047
 1243.8 1245.3  0.4219325 19.0234375  0.8826168
 1245.3 1246.9  0.4216855 19.0374775  0.8826281
 1246.9 1248.4  0.4214219 19.0524540  0.8826403
 1248.4 1250.0  0.4211749 19.0664940  0.8826517
 1250.0 1251.6  0.4209113 19.0814705  0.8826638
 1251.6 1253.1  0.4206478 19.0964451  0.8826759
 1253.1 1254.7  0.4204007 19.1104851  0.8826873
 1254.7 1256.3  0.4201372 19.1254616  0.8826994
 1256.3 1257.9  0.4198736 19.1404381  0.8827116
 1257.9 1259.4  0.4196101 19.1554146  0.8827237
 1259.4 1261.0  0.4193630 19.1694546  0.8827351
 1261.0 1262.6  0.4190995 19.1844311  0.8827472
 1262.6 1264.2  0.4188359 19.1994057  0.8827594
 1264.2 1265.8  0.4185724 19.2143822  0.8827716
 1265.8 1267.4  0.4183088 19.2293587  0.8827837
 1267.4 1269.0  0.4180453 19.2443352  0.8827958
 1269.0 1270.6  0.4177817 19.2593117  0.8828080
 1270.6 1272.3  0.4175182 19.2742863  0.8828201
 1272.3 1273.9  0.4172382 19.2901993  0.8828330
 1273.9 1275.5  0.4169746 19.3051758  0.8828451
 1275.5 1277.1  0.4167111 19.3201504  0.8828573
 1277.1 1278.8  0.4164476 19.3351269  0.8828694
 1278.8 1280.4  0.4161675 19.3510399  0.8828823
 1280.4 1282.1  0.4159040 19.3660164  0.8828944
 1282.1 1283.7  0.4156240 19.3819275  0.8829073
 1283.7 1285.3  0.4153605 19.3969040  0.8829194
 1285.3 1287.0  0.4150969 19.4118805  0.8829316
 1287.0 1288.7  0.4148169 19.4277916  0.8829445
 1288.7 1290.3  0.4145369 19.4437027  0.8829574
 1290.3 1292.0  0.4142733 19.4586811  0.8829695
 1292.0 1293.7  0.4139933 19.4745922  0.8829824
 1293.7 1295.3  0.4137133 19.4905033  0.8829953
 1295.3 1297.0  0.4134497 19.5054817  0.8830075
 1297.0 1298.7  0.4131697 19.5213928  0.8830203
 1298.7 1300.4  0.4128897 19.5373039  0.8830333
 1300.4 1302.1  0.4126312 19.5520477  0.8830413
 1302.1 1303.8  0.4124428 19.5629902  0.8830337
 1303.8 1305.5  0.4122543 19.5739346  0.8830261
 1305.5 1307.2  0.4120658 19.5848770  0.8830184
 1307.2 1308.9  0.4118773 19.5958214  0.8830107
 1308.9 1310.6  0.4116888 19.6067638  0.8830031
 1310.6 1312.3  0.4115004 19.6177082  0.8829955
 1312.3 1314.1  0.4113119 19.6286507  0.8829879
 1314.1 1315.8  0.4111123 19.6402378  0.8829798
 1315.8 1317.5  0.4109238 19.6511822  0.8829721
 1317.5 1319.3  0.4107354 19.6621246  0.8829645
 1319.3 1321.0  0.4105358 19.6737118  0.8829564
 1321.0 1322.8  0.4103473 19.6846561  0.8829488
 1322.8 1324.5  0.4101478 19.6962433  0.8829407
 1324.5 1326.3  0.4099593 19.7071857  0.8829331
 1326.3 1328.0  0.4097597 19.7187729  0.8829250
 1328.0 1329.8  0.4095712 19.7297153  0.8829173
 1329.8 1331.6  0.4093716 19.7413044  0.8829092
 1331.6 1333.3  0.4091721 19.7528896  0.8829012
 1333.3 1335.1  0.4089836 19.7638340  0.8828936
 1335.1 1336.9  0.4087841 19.7754211  0.8828855
 1336.9 1338.7  0.4085845 19.7870083  0.8828773
 1338.7 1340.5  0.4083849 19.7985954  0.8828693
 1340.5 1342.3  0.4081854 19.8101826  0.8828612
 1342.3 1344.1  0.4079858 19.8217697  0.8828531
 1344.1 1345.9  0.4077862 19.8333569  0.8828450
 1345.9 1347.7  0.4075867 19.8449440  0.8828369
 1347.7 1349.5  0.4073871 19.8565292  0.8828288
 1349.5 1351.4  0.4071875 19.8681183  0.8828208
 1351.4 1353.2  0.4069901 19.8796654  0.8828040
 1353.2 1355.0  0.4068076 19.8903732  0.8827854
 1355.0 1356.9  0.4066251 19.9010830  0.8827667
 1356.9 1358.7  0.4064325 19.9123878  0.8827471
 1358.7 1360.5  0.4062500 19.9230957  0.8827284
 1360.5 1362.4  0.4060675 19.9338055  0.8827098
 1362.4 1364.3  0.4058748 19.9451084  0.8826901
 1364.3 1366.1  0.4056822 19.9564133  0.8826704
 1366.1 1368.0  0.4054997 19.9671211  0.8826517
 1368.0 1369.9  0.4053070 19.9784260  0.8826321
 1369.9 1371.7  0.4051144 19.9897308  0.8826124
 1371.7 1373.6  0.4049319 20.0004387  0.8825938
 1373.6 1375.5  0.4047393 20.0117435  0.8825741
 1375.5 1377.4  0.4045466 20.0230465  0.8825544
 1377.4 1379.3  0.4043539 20.0343513  0.8825347
 1379.3 1381.2  0.4041613 20.0456543  0.8825151
 1381.2 1383.1  0.4039687 20.0569592  0.8824954
 1383.1 1385.0  0.4037760 20.0682621  0.8824757
 1385.0 1387.0  0.4035834 20.0795670  0.8824560
 1387.0 1388.9  0.4033806 20.0914650  0.8824353
 1388.9 1390.8  0.4031880 20.1027699  0.8824157
 1390.8 1392.8  0.4029953 20.1140728  0.8823960
 1392.8 1394.7  0.4027925 20.1259727  0.8823752
 1394.7 1396.6  0.4025999 20.1372757  0.8823556
 1396.6 1398.6  0.4024072 20.1485806  0.8823359
 1398.6 1400.6  0.4022045 20.1604786  0.8823152
 1400.6 1402.5  0.4020070 20.1720905  0.8822913
 1402.5 1404.5  0.4018311 20.1824856  0.8822616
 1404.5 1406.5  0.4016459 20.1934261  0.8822304
 1406.5 1408.5  0.4014607 20.2043686  0.8821992
 1408.5 1410.4  0.4012756 20.2153091  0.8821679
 1410.4 1412.4  0.4010997 20.2257042  0.8821383
 1412.4 1414.4  0.4009145 20.2366467  0.8821070
 1414.4 1416.4  0.4007294 20.2475872  0.8820758
 1416.4 1418.4  0.4005442 20.2585297  0.8820446
 1418.4 1420.5  0.4003590 20.2694702  0.8820133
 1420.5 1422.5  0.4001646 20.2809601  0.8819805
 1422.5 1424.5  0.3999794 20.2919006  0.8819493
 1424.5 1426.5  0.3997943 20.3028431  0.8819181
 1426.5 1428.6  0.3996091 20.3137836  0.8818868
 1428.6 1430.6  0.3994147 20.3252735  0.8818540
 1430.6 1432.7  0.3992296 20.3362141  0.8818228
 1432.7 1434.7  0.3990351 20.3477039  0.8817900
 1434.7 1436.8  0.3988500 20.3586445  0.8817587
 1436.8 1438.8  0.3986555 20.3701344  0.8817260
 1438.8 1440.9  0.3984704 20.3810749  0.8816947
 1440.9 1443.0  0.3982760 20.3925648  0.8816619
 1443.0 1445.1  0.3980815 20.4040527  0.8816291
 1445.1 1447.2  0.3978871 20.4155407  0.8815963
 1447.2 1449.3  0.3976927 20.4270306  0.8815635
 1449.3 1451.4  0.3974983 20.4385185  0.8815307
 1451.4 1453.5  0.3973154 20.4493446  0.8814914
 1453.5 1455.6  0.3971382 20.4598408  0.8814487
 1455.6 1457.7  0.3969610 20.4703350  0.8814060
 1457.7 1459.9  0.3967839 20.4808311  0.8813634
 1459.9 1462.0  0.3965983 20.4918251  0.8813187
 1462.0 1464.1  0.3964211 20.5023212  0.8812760
 1464.1 1466.3  0.3962439 20.5128155  0.8812333
 1466.3 1468.4  0.3960583 20.5238113  0.8811886
 1468.4 1470.6  0.3958811 20.5343056  0.8811460
 1470.6 1472.8  0.3956956 20.5452995  0.8811013
 1472.8 1474.9  0.3955100 20.5562954  0.8810566
 1474.9 1477.1  0.3953328 20.5667915  0.8810139
 1477.1 1479.3  0.3951472 20.5777855  0.8809692
 1479.3 1481.5  0.3949616 20.5887814  0.8809245
 1481.5 1483.7  0.3947760 20.5997753  0.8808799
 1483.7 1485.9  0.3945904 20.6107693  0.8808352
 1485.9 1488.1  0.3944048 20.6217651  0.8807905
 1488.1 1490.3  0.3942192 20.6327591  0.8807458
 1490.3 1492.5  0.3940336 20.6437550  0.8807011
 1492.5 1494.8  0.3938479 20.6547489  0.8806564
 1494.8 1497.0  0.3936539 20.6662445  0.8806096
 1497.0 1499.3  0.3934683 20.6772385  0.8805650
 1499.3 1501.5  0.3932742 20.6887341  0.8805183
 1501.5 1503.8  0.3931002 20.6990223  0.8804673
 1503.8 1506.0  0.3929238 20.7094326  0.8804110
 1506.0 1508.3  0.3927551 20.7193909  0.8803571
 1508.3 1510.6  0.3925787 20.7298012  0.8803008
 1510.6 1512.9  0.3924024 20.7402115  0.8802445
 1512.9 1515.2  0.3922260 20.7506237  0.8801882
 1515.2 1517.5  0.3920496 20.7610340  0.8801318
 1517.5 1519.8  0.3918732 20.7714443  0.8800755
 1519.8 1522.1  0.3916968 20.7818546  0.8800192
 1522.1 1524.4  0.3915205 20.7922649  0.8799629
 1524.4 1526.7  0.3913441 20.8026772  0.8799066
 1526.7 1529.1  0.3911677 20.8130875  0.8798503
 1529.1 1531.4  0.3909837 20.8239498  0.8797915
 1531.4 1533.7  0.3908073 20.8343620  0.8797352
 1533.7 1536.1  0.3906310 20.8447723  0.8796789
 1536.1 1538.5  0.3904469 20.8556347  0.8796201
 1538.5 1540.8  0.3902629 20.8664989  0.8795614
 1540.8 1543.2  0.3900865 20.8769093  0.8795050
 1543.2 1545.6  0.3899024 20.8877735  0.8794463
 1545.6 1548.0  0.3897184 20.8986359  0.8793875
 1548.0 1550.4  0.3895344 20.9095001  0.8793288
 1550.4 1552.8  0.3893532 20.9201736  0.8792685
 1552.8 1555.2  0.3891865 20.9299011  0.8792009
 1555.2 1557.6  0.3890198 20.9396286  0.8791333
 1557.6 1560.1  0.3888530 20.9493580  0.8790657
 1560.1 1562.5  0.3886794 20.9594898  0.8789953
 1562.5 1564.9  0.3885126 20.9692192  0.8789277
 1564.9 1567.4  0.3883459 20.9789467  0.8788601
 1567.4 1569.9  0.3881722 20.9890804  0.8787897
 1569.9 1572.3  0.3879986 20.9992142  0.8787193
 1572.3 1574.8  0.3878318 21.0089417  0.8786516
 1574.8 1577.3  0.3876581 21.0190754  0.8785812
 1577.3 1579.8  0.3874845 21.0292072  0.8785108
 1579.8 1582.3  0.3873108 21.0393410  0.8784404
 1582.3 1584.8  0.3871371 21.0494747  0.8783700
 1584.8 1587.3  0.3869634 21.0596085  0.8782995
 1587.3 1589.8  0.3867898 21.0697403  0.8782291
 1589.8 1592.4  0.3866161 21.0798740  0.8781587
 1592.4 1594.9  0.3864355 21.0904121  0.8780855
 1594.9 1597.4  0.3862618 21.1005459  0.8780150
 1597.4 1600.0  0.3860881 21.1106796  0.8779446
 1600.0 1602.6  0.3859075 21.1212177  0.8778714
 1602.6 1605.1  0.3857453 21.1305199  0.8777890
 1605.1 1607.7  0.3855894 21.1394634  0.8777097
 1607.7 1610.3  0.3854272 21.1487637  0.8776273
 1610.3 1612.9  0.3852650 21.1580658  0.8775448
 1612.9 1615.5  0.3851028 21.1673679  0.8774623
 1615.5 1618.1  0.3849407 21.1766682  0.8773799
 1618.1 1620.7  0.3847785 21.1859703  0.8772975
 1620.7 1623.4  0.3846163 21.1952705  0.8772150
 1623.4 1626.0  0.3844479 21.2049313  0.8771294
 1626.0 1628.7  0.3842857 21.2142315  0.8770469
 1628.7 1631.3  0.3841173 21.2238903  0.8769614
 1631.3 1634.0  0.3839551 21.2331924  0.8768789
 1634.0 1636.7  0.3837867 21.2428513  0.8767933
 1636.7 1639.3  0.3836183 21.2525101  0.8767077
 1639.3 1642.0  0.3834561 21.2618122  0.8766252
 1642.0 1644.7  0.3832877 21.2714710  0.8765396
 1644.7 1647.4  0.3831193 21.2811298  0.8764540
 1647.4 1650.2  0.3829509 21.2907887  0.8763683
 1650.2 1652.9  0.3827778 21.3007107  0.8762788
 1652.9 1655.6  0.3826301 21.3090858  0.8761819
 1655.6 1658.4  0.3824825 21.3174591  0.8760850
 1658.4 1661.1  0.3823294 21.3261433  0.8759846
 1661.1 1663.9  0.3821818 21.3345184  0.8758878
 1663.9 1666.7  0.3820287 21.3432026  0.8757874
 1666.7 1669.4  0.3818756 21.3518867  0.8756869
 1669.4 1672.2  0.3817280 21.3602600  0.8755901
 1672.2 1675.0  0.3815749 21.3689442  0.8754897
 1675.0 1677.9  0.3814219 21.3776283  0.8753892
 1677.9 1680.7  0.3812633 21.3866234  0.8752852
 1680.7 1683.5  0.3811102 21.3953075  0.8751848
 1683.5 1686.3  0.3809571 21.4039917  0.8750843
 1686.3 1689.2  0.3808040 21.4126778  0.8749839
 1689.2 1692.0  0.3806455 21.4216709  0.8748799
 1692.0 1694.9  0.3804924 21.4303551  0.8747795
 1694.9 1697.8  0.3803338 21.4393501  0.8746755
 1697.8 1700.7  0.3801753 21.4483452  0.8745714
 1700.7 1703.6  0.3800317 21.4564915  0.8744736
 1703.6 1706.5  0.3799352 21.4619770  0.8743953
 1706.5 1709.4  0.3798387 21.4674606  0.8743169
 1709.4 1712.3  0.3797422 21.4729443  0.8742386
 1712.3 1715.3  0.3796456 21.4784298  0.8741602
 1715.3 1718.2  0.3795458 21.4841042  0.8740792
 1718.2 1721.2  0.3794493 21.4895878  0.8740008
 1721.2 1724.1  0.3793494 21.4952621  0.8739198
 1724.1 1727.1  0.3792529 21.5007458  0.8738414
 1727.1 1730.1  0.3791531 21.5064201  0.8737603
 1730.1 1733.1  0.3790532 21.5120926  0.8736793
 1733.1 1736.1  0.3789534 21.5177670  0.8735983
 1736.1 1739.1  0.3788536 21.5234394  0.8735172
 1739.1 1742.2  0.3787537 21.5291138  0.8734362
 1742.2 1745.2  0.3786505 21.5349770  0.8733524
 1745.2 1748.3  0.3785507 21.5406494  0.8732713
 1748.3 1751.3  0.3784475 21.5465126  0.8731876
 1751.3 1754.4  0.3783477 21.5521870  0.8731065
 1754.4 1757.5  0.3782409 21.5582676  0.8730162
 1757.5 1760.6  0.3781101 21.5658188  0.8728818
 1760.6 1763.7  0.3779792 21.5733681  0.8727472
 1763.7 1766.8  0.3778483 21.5809193  0.8726128
 1766.8 1769.9  0.3777174 21.5884705  0.8724783
 1769.9 1773.0  0.3775865 21.5960197  0.8723438
 1773.0 1776.2  0.3774653 21.6031113  0.8722031
 1776.2 1779.4  0.3773404 21.6104145  0.8720576
 1779.4 1782.5  0.3772156 21.6177177  0.8719121
 1782.5 1785.7  0.3770947 21.6247940  0.8717712
 1785.7 1788.9  0.3769698 21.6320972  0.8716257
 1788.9 1792.1  0.3768547 21.6389542  0.8714738
 1792.1 1795.3  0.3767405 21.6457672  0.8713213
 1795.3 1798.6  0.3766264 21.6525784  0.8711688
 1798.6 1801.8  0.3765087 21.6596031  0.8710116
 1801.8 1805.1  0.3763945 21.6664143  0.8708590
 1805.1 1808.3  0.3762848 21.6731358  0.8706894
 1808.3 1811.6  0.3761789 21.6796341  0.8705242
 1811.6 1814.9  0.3760697 21.6863365  0.8703538
 1814.9 1818.2  0.3759605 21.6930389  0.8701834
 1818.2 1821.5  0.3758522 21.6996975  0.8700128
 1821.5 1824.8  0.3757586 21.7056675  0.8698391
 1824.8 1828.2  0.3756649 21.7116375  0.8696655
 1828.2 1831.5  0.3755684 21.7177887  0.8694866
 1831.5 1834.9  0.3754748 21.7237587  0.8693130
 1834.9 1838.2  0.3753783 21.7299099  0.8691341
 1838.2 1841.6  0.3752975 21.7353477  0.8689516
 1841.6 1845.0  0.3752145 21.7409344  0.8687633
 1845.0 1848.4  0.3751316 21.7465210  0.8685750
 1848.4 1851.9  0.3750486 21.7521076  0.8683868
 1851.9 1855.3  0.3749633 21.7578583  0.8681930
 1855.3 1858.7  0.3748924 21.7630177  0.8679891
 1858.7 1862.2  0.3748220 21.7681637  0.8677848
 1862.2 1865.7  0.3747495 21.7734623  0.8675745
 1865.7 1869.2  0.3746770 21.7787609  0.8673641
 1869.2 1872.7  0.3746055 21.7840157  0.8671535
 1872.7 1876.2  0.3745505 21.7885532  0.8669381
 1876.2 1879.7  0.3744956 21.7930908  0.8667228
 1879.7 1883.2  0.3744406 21.7976303  0.8665074
 1883.2 1886.8  0.3743857 21.8021679  0.8662920
 1886.8 1890.4  0.3743291 21.8068352  0.8660704
 1890.4 1893.9  0.3742887 21.8108883  0.8658373
 1893.9 1897.5  0.3742504 21.8147945  0.8656100
 1897.5 1901.1  0.3742110 21.8188114  0.8653762
 1901.1 1904.8  0.3741715 21.8228283  0.8651424
 1904.8 1908.4  0.3741310 21.8269577  0.8649021
 1908.4 1912.0  0.3741082 21.8304253  0.8646492
 1912.0 1915.7  0.3740864 21.8338604  0.8643952
 1915.7 1919.4  0.3740640 21.8373909  0.8641341
 1919.4 1923.1  0.3740416 21.8409214  0.8638731
 1923.1 1926.8  0.3740197 21.8444309  0.8636118
 1926.8 1930.5  0.3740174 21.8471622  0.8633434
 1930.5 1934.2  0.3740152 21.8498955  0.8630750
 1934.2 1938.0  0.3740129 21.8526268  0.8628066
 1938.0 1941.7  0.3740106 21.8554325  0.8625309
 1941.7 1945.5  0.3740083 21.8581657  0.8622625
 1945.5 1949.3  0.3740256 21.8602829  0.8619723
 1949.3 1953.1  0.3740445 21.8623409  0.8616807
 1953.1 1956.9  0.3740635 21.8643990  0.8613891
 1956.9 1960.8  0.3740824 21.8664570  0.8610976
 1960.8 1964.6  0.3741019 21.8685684  0.8607983
 1964.6 1968.5  0.3741420 21.8699665  0.8604836
 1968.5 1972.4  0.3741843 21.8713646  0.8601593
 1972.4 1976.3  0.3742267 21.8727608  0.8598350
 1976.3 1980.2  0.3742690 21.8741589  0.8595107
 1980.2 1984.1  0.3743123 21.8755207  0.8591860
 1984.1 1988.1  0.3743724 21.8762398  0.8588543
 1988.1 1992.0  0.3744341 21.8769760  0.8585141
 1992.0 1996.0  0.3744943 21.8776951  0.8581824
 1996.0 2000.0  0.3745559 21.8784332  0.8578421
 2000.0 2004.0  0.3746176 21.8791695  0.8575019
 2004.0 2008.0  0.3746973 21.8793659  0.8571376
 2008.0 2012.1  0.3747770 21.8795624  0.8567733
 2012.1 2016.1  0.3748588 21.8797626  0.8563998
 2016.1 2020.2  0.3749385 21.8799591  0.8560355
 2020.2 2024.3  0.3750207 21.8801403  0.8556618
 2024.3 2028.4  0.3751125 21.8799343  0.8552836
 2028.4 2032.5  0.3752043 21.8797264  0.8549054
 2032.5 2036.7  0.3752961 21.8795204  0.8545272
 2036.7 2040.8  0.3753901 21.8793087  0.8541397
 2040.8 2045.0  0.3754819 21.8791027  0.8537615
 2045.0 2049.2  0.3755836 21.8786469  0.8533620
 2049.2 2053.4  0.3756855 21.8781776  0.8529620
 2053.4 2057.6  0.3757876 21.8777084  0.8525619
 2057.6 2061.9  0.3758895 21.8772392  0.8521618
 2061.9 2066.1  0.3759940 21.8767605  0.8517522
 2066.1 2070.4  0.3761016 21.8761902  0.8513319
 2070.4 2074.7  0.3762119 21.8756046  0.8509011
 2074.7 2079.0  0.3763222 21.8750191  0.8504702
 2079.0 2083.3  0.3764325 21.8744354  0.8500394
 2083.3 2087.7  0.3765426 21.8738556  0.8496079
 2087.7 2092.1  0.3766533 21.8733559  0.8491576
 2092.1 2096.4  0.3767641 21.8728542  0.8487073
 2096.4 2100.8  0.3768723 21.8723660  0.8482672
 2100.8 2105.3  0.3769830 21.8718643  0.8478169
 2105.3 2109.7  0.3770956 21.8713741  0.8473565
 2109.7 2114.2  0.3771962 21.8711796  0.8469086
 2114.2 2118.6  0.3772990 21.8709812  0.8464504
 2118.6 2123.1  0.3773997 21.8707867  0.8460024
 2123.1 2127.7  0.3775026 21.8705883  0.8455442
 2127.7 2132.2  0.3776077 21.8703861  0.8450759
 2132.2 2136.8  0.3776975 21.8706722  0.8446123
 2136.8 2141.3  0.3777884 21.8710022  0.8441381
 2141.3 2145.9  0.3778772 21.8713226  0.8436741
 2145.9 2150.5  0.3779681 21.8716526  0.8431999
 2150.5 2155.2  0.3780589 21.8719807  0.8427256
 2155.2 2159.8  0.3781355 21.8731289  0.8422094
 2159.8 2164.5  0.3782085 21.8743477  0.8417005
 2164.5 2169.2  0.3782832 21.8755913  0.8411805
 2169.2 2173.9  0.3783578 21.8768368  0.8406606
 2173.9 2178.6  0.3784324 21.8780804  0.8401406
 2178.6 2183.4  0.3784727 21.8800526  0.8396876
 2183.4 2188.2  0.3785131 21.8820820  0.8392266
 2188.2 2193.0  0.3785535 21.8841114  0.8387656
 2193.0 2197.8  0.3785939 21.8861408  0.8383045
 2197.8 2202.6  0.3786343 21.8881702  0.8378434
 2202.6 2207.5  0.3786555 21.8911896  0.8373442
 2207.5 2212.4  0.3786604 21.8951263  0.8368015
 2212.4 2217.3  0.3786654 21.8990631  0.8362588
 2217.3 2222.2  0.3786704 21.9029980  0.8357160
 2222.2 2227.2  0.3786735 21.9069958  0.8351746
 2227.2 2232.1  0.3786309 21.9125347  0.8346506
 2232.1 2237.1  0.3785892 21.9179611  0.8341372
 2237.1 2242.2  0.3785467 21.9234982  0.8336133
 2242.2 2247.2  0.3785033 21.9291477  0.8330789
 2247.2 2252.3  0.3784584 21.9347630  0.8325558
 2252.3 2257.3  0.3783571 21.9424057  0.8320402
 2257.3 2262.4  0.3782577 21.9498978  0.8315348
 2262.4 2267.6  0.3781564 21.9575405  0.8310192
 2267.6 2272.7  0.3780530 21.9653339  0.8304936
 2272.7 2277.9  0.3779517 21.9729748  0.8299780
 2277.9 2283.1  0.3777772 21.9833794  0.8294548
 2283.1 2288.3  0.3775985 21.9939442  0.8289316
 2288.3 2293.6  0.3774197 22.0045071  0.8284085
 2293.6 2298.9  0.3772375 22.0152740  0.8278753
 2298.9 2304.1  0.3770553 22.0260410  0.8273421
 2304.1 2309.5  0.3767994 22.0392799  0.8268443
 2309.5 2314.8  0.3765321 22.0530815  0.8263280
 2314.8 2320.2  0.3762697 22.0666275  0.8258212
 2320.2 2325.6  0.3760024 22.0804291  0.8253048
 2325.6 2331.0  0.3757351 22.0942307  0.8247885
 2331.0 2336.4  0.3753692 22.1116142  0.8242834
 2336.4 2341.9  0.3749955 22.1292858  0.8237792
 2341.9 2347.4  0.3746148 22.1472836  0.8232657
 2347.4 2352.9  0.3742341 22.1652813  0.8227522
 2352.9 2358.5  0.3738534 22.1832790  0.8222387
 2358.5 2364.1  0.3733536 22.2056351  0.8217438
 2364.1 2369.7  0.3728518 22.2280636  0.8212494
 2369.7 2375.3  0.3723500 22.2504921  0.8207549
 2375.3 2381.0  0.3718482 22.2729206  0.8202605
 2381.0 2386.6  0.3713374 22.2957497  0.8197573
 2386.6 2392.3  0.3707551 22.3213043  0.8193083
 2392.3 2398.1  0.3701625 22.3473148  0.8188513
 2398.1 2403.8  0.3695593 22.3737812  0.8183863
 2403.8 2409.6  0.3689667 22.3997917  0.8179293
 2409.6 2415.5  0.3683636 22.4262581  0.8174643
 2415.5 2421.3  0.3677119 22.4555950  0.8170349
 2421.3 2427.2  0.3670686 22.4846096  0.8166159
 2427.2 2433.1  0.3664141 22.5141220  0.8161896
 2433.1 2439.0  0.3657596 22.5436363  0.8157634
 2439.0 2445.0  0.3651052 22.5731487  0.8153372
 2445.0 2451.0  0.3644923 22.6031609  0.8149773
 2451.0 2457.0  0.3638793 22.6331749  0.8146174
 2457.0 2463.1  0.3632664 22.6631870  0.8142576
 2463.1 2469.1  0.3626432 22.6937008  0.8138916
 2469.1 2475.2  0.3620327 22.7236748  0.8135333
 2475.2 2481.4  0.3615543 22.7518559  0.8132624
 2481.4 2487.6  0.3610682 22.7804985  0.8129870
 2487.6 2493.8  0.3605820 22.8091431  0.8127116
 2493.8 2500.0  0.3600959 22.8377857  0.8124362
 2500.0 2506.3  0.3596097 22.8664284  0.8121608
 2506.3 2512.6  0.3593677 22.8902149  0.8120024
 2512.6 2518.9  0.3591256 22.9140015  0.8118439
 2518.9 2525.3  0.3588836 22.9377861  0.8116856
 2525.3 2531.6  0.3586378 22.9619503  0.8115246
 2531.6 2538.1  0.3583958 22.9857368  0.8113662
 2538.1 2544.5  0.3584900 23.0031204  0.8113392
 2544.5 2551.0  0.3586049 23.0197754  0.8113214
 2551.0 2557.5  0.3587216 23.0366879  0.8113034
 2557.5 2564.1  0.3588383 23.0536022  0.8112854
 2564.1 2570.7  0.3589647 23.0706043  0.8112698
 2570.7 2577.3  0.3595971 23.0764427  0.8114328
 2577.3 2584.0  0.3602296 23.0822811  0.8115957
 2584.0 2590.7  0.3608716 23.0882072  0.8117611
 2590.7 2597.4  0.3615137 23.0941315  0.8119266
 2597.4 2604.2  0.3621919 23.0991840  0.8121039
 2604.2 2611.0  0.3634576 23.0903282  0.8124728
 2611.0 2617.8  0.3647234 23.0814705  0.8128417
 2617.8 2624.7  0.3659892 23.0726147  0.8132105
 2624.7 2631.6  0.3672736 23.0636292  0.8135848
 2631.6 2638.5  0.3685580 23.0546417  0.8139591
 2638.5 2645.5  0.3705429 23.0295277  0.8145390
 2645.5 2652.5  0.3726003 23.0030403  0.8151400
 2652.5 2659.6  0.3746577 22.9765549  0.8157411
 2659.6 2666.7  0.3767445 22.9496918  0.8163508
 2666.7 2673.8  0.3788312 22.9228268  0.8169605
 2673.8 2681.0  0.3815894 22.8802547  0.8177343
 2681.0 2688.2  0.3844164 22.8363800  0.8185263
 2688.2 2695.4  0.3872434 22.7925053  0.8193184
 2695.4 2702.7  0.3900704 22.7486286  0.8201105
 2702.7 2710.0  0.3929367 22.7041454  0.8209136
 2710.0 2717.4  0.3964281 22.6451244  0.8218266
 2717.4 2724.8  0.3999945 22.5846653  0.8227570
 2724.8 2732.2  0.4035609 22.5242043  0.8236874
 2732.2 2739.7  0.4071273 22.4637451  0.8246177
 2739.7 2747.3  0.4107419 22.4024677  0.8255607
 2747.3 2754.8  0.4149834 22.3270321  0.8265644
 2754.8 2762.4  0.4191925 22.2520504  0.8275570
 2762.4 2770.1  0.4234577 22.1760693  0.8285627
 2770.1 2777.8  0.4277792 22.0990849  0.8295817
 2777.8 2785.5  0.4321005 22.0221024  0.8306006
 2785.5 2793.3  0.4369366 21.9333973  0.8315955
 2793.3 2801.1  0.4418495 21.8432217  0.8326026
 2801.1 2809.0  0.4467624 21.7530460  0.8336098
 2809.0 2816.9  0.4517382 21.6617165  0.8346298
 2816.9 2824.9  0.4567140 21.5703869  0.8356498
 2824.9 2832.9  0.4622778 21.4664116  0.8365825
 2832.9 2840.9  0.4678482 21.3622932  0.8375140
 2840.9 2849.0  0.4734185 21.2581730  0.8384454
 2849.0 2857.1  0.4790586 21.1527519  0.8393885
 2857.1 2865.3  0.4847015 21.0472641  0.8403289
 2865.3 2873.6  0.4906401 20.9351692  0.8410545
 2873.6 2881.8  0.4966512 20.8217068  0.8417890
 2881.8 2890.2  0.5025898 20.7096119  0.8425146
 2890.2 2898.6  0.5086733 20.5947857  0.8432580
 2898.6 2907.0  0.5147569 20.4799538  0.8440013
 2907.0 2915.5  0.5212480 20.3570042  0.8444533
 2915.5 2924.0  0.5278372 20.2321758  0.8448960
 2924.0 2932.6  0.5344263 20.1073494  0.8453386
 2932.6 2941.2  0.5410931 19.9810524  0.8457866
 2941.2 2949.9  0.5477614 19.8547249  0.8462257
 2949.9 2958.6  0.5545834 19.7254601  0.8463014
 2958.6 2967.4  0.5614056 19.5961895  0.8463771
 2967.4 2976.2  0.5683059 19.4654408  0.8464535
 2976.2 2985.1  0.5752063 19.3346863  0.8465301
 2985.1 2994.0  0.5821864 19.2024269  0.8466036
 2994.0 3003.0  0.5892595 19.0684128  0.8463339
 3003.0 3012.0  0.5964122 18.9328899  0.8460613
 3012.0 3021.1  0.6035649 18.7973690  0.8457886
 3021.1 3030.3  0.6107971 18.6603394  0.8455129
 3030.3 3039.5  0.6181012 18.5219460  0.8452254
 3039.5 3048.8  0.6251823 18.3876915  0.8446764
 3048.8 3058.1  0.6323406 18.2519741  0.8441215
 3058.1 3067.5  0.6394987 18.1162586  0.8435666
 3067.5 3076.9  0.6467338 17.9790840  0.8430057
 3076.9 3086.4  0.6539688 17.8419113  0.8424448
 3086.4 3096.0  0.6610071 17.7082500  0.8416763
 3096.0 3105.6  0.6681167 17.5732365  0.8408974
 3105.6 3115.3  0.6752263 17.4382210  0.8401186
 3115.3 3125.0  0.6824098 17.3018017  0.8393317
 3125.0 3134.8  0.6895933 17.1653824  0.8385448
 3134.8 3144.7  0.6961443 17.0406094  0.8376659
 3144.7 3154.6  0.7027621 16.9145641  0.8367781
 3154.6 3164.6  0.7093800 16.7885151  0.8358902
 3164.6 3174.6  0.7160647 16.6611958  0.8349934
 3174.6 3184.7  0.7227494 16.5338764  0.8340967
 3184.7 3194.9  0.7287276 16.4194641  0.8331935
 3194.9 3205.1  0.7347330 16.3045063  0.8322815
 3205.1 3215.4  0.7407385 16.1895447  0.8313694
 3215.4 3225.8  0.7468027 16.0734615  0.8304484
 3225.8 3236.2  0.7528491 15.9576464  0.8295258
 3236.2 3246.8  0.7579737 15.8586035  0.8286903
 3246.8 3257.3  0.7631971 15.7576542  0.8278387
 3257.3 3268.0  0.7683710 15.6576576  0.8269951
 3268.0 3278.7  0.7736435 15.5557575  0.8261355
 3278.7 3289.5  0.7785664 15.4600239  0.8253196
 3289.5 3300.3  0.7828677 15.3751698  0.8245798
 3300.3 3311.3  0.7871689 15.2903156  0.8238400
 3311.3 3322.3  0.7915498 15.2038908  0.8230866
 3322.3 3333.3  0.7959307 15.1174650  0.8223330
 3333.3 3344.5  0.7996484 15.0419664  0.8216636
 3344.5 3355.7  0.8032140 14.9687147  0.8210099
 3355.7 3367.0  0.8067797 14.8954630  0.8203562
 3367.0 3378.4  0.8103771 14.8215561  0.8196967
 3378.4 3389.8  0.8136061 14.7545204  0.8190972
 3389.8 3401.4  0.8158932 14.7051878  0.8186526
 3401.4 3413.0  0.8182204 14.6549911  0.8182001
 3413.0 3424.7  0.8205476 14.6047935  0.8177477
 3424.7 3436.4  0.8228949 14.5541639  0.8172914
 3436.4 3448.3  0.8285304 14.4116936  0.8160436
 3448.3 3460.2  0.8343503 14.2643261  0.8147532
 3460.2 3472.2  0.8368137 14.1940479  0.8141680
 3472.2 3484.3  0.8387338 14.1361332  0.8136963
 3484.3 3496.5  0.8406699 14.0777349  0.8132207
 3496.5 3508.8  0.8426219 14.0188551  0.8127412
 3508.8 3521.1  0.8445899 13.9594927  0.8122578
 3521.1 3533.6  0.8465580 13.9001303  0.8117744
 3533.6 3546.1  0.8485581 13.8398018  0.8112831
 3546.1 3558.7  0.8505581 13.7794743  0.8107918
 3558.7 3571.4  0.8522246 13.7185650  0.8103417
 3571.4 3584.2  0.8537465 13.6571264  0.8099085
 3584.2 3597.1  0.8552804 13.5952044  0.8094719
 3597.1 3610.1  0.8568263 13.5327978  0.8090318
 3610.1 3623.2  0.8583841 13.4699078  0.8085884
 3623.2 3636.4  0.8599539 13.4065351  0.8081415
 3636.4 3649.6  0.8615357 13.3426781  0.8076913
 3649.6 3663.0  0.8631176 13.2788200  0.8072410
 3663.0 3676.5  0.8644195 13.2134342  0.8068469
 3676.5 3690.0  0.8657216 13.1475420  0.8064517
 3690.0 3703.7  0.8670238 13.0816507  0.8060565
 3703.7 3717.5  0.8683453 13.0147829  0.8056555
 3717.5 3731.3  0.8696764 12.9474268  0.8052515
 3731.3 3745.3  0.8710074 12.8800707  0.8048476
 3745.3 3759.4  0.8723578 12.8117380  0.8044378
 3759.4 3773.6  0.8736188 12.7431116  0.8040730
 3773.6 3787.9  0.8748389 12.6740942  0.8037297
 3787.9 3802.3  0.8760676 12.6045923  0.8033841
 3802.3 3816.8  0.8773049 12.5346031  0.8030360
 3816.8 3831.4  0.8785508 12.4641285  0.8026854
 3831.4 3846.2  0.8798052 12.3931684  0.8023325
 3846.2 3861.0  0.8810768 12.3212357  0.8019748
 3861.0 3876.0  0.8823155 12.2502308  0.8016725
 3876.0 3891.1  0.8835594 12.1785917  0.8013856
 3891.1 3906.2  0.8848116 12.1064749  0.8010969
 3906.2 3921.6  0.8860638 12.0343590  0.8008081
 3921.6 3937.0  0.8873408 11.9608088  0.8005135
 3937.0 3952.6  0.8886179 11.8872604  0.8002189
 3952.6 3968.3  0.8899058 11.8131456  0.7999324
 3968.3 3984.1  0.8911728 11.7405214  0.7997031
 3984.1 4000.0  0.8924479 11.6674347  0.7994723
 4000.0 4016.1  0.8937312 11.5938854  0.7992401
 4016.1 4032.3  0.8950306 11.5194092  0.7990049
 4032.3 4048.6  0.8963380 11.4444723  0.7987683
 4048.6 4065.0  0.8976535 11.3690720  0.7985302
 4065.0 4081.6  0.8989226 11.2962828  0.7983485
 4081.6 4098.4  0.9002021 11.2228947  0.7981700
 4098.4 4115.2  0.9014969 11.1486244  0.7979894
 4115.2 4132.2  0.9027919 11.0743513  0.7978088
 4132.2 4149.4  0.9041022 10.9991951  0.7976260
 4149.4 4166.7  0.9054279 10.9231567  0.7974411
 4166.7 4184.1  0.9066822 10.8502293  0.7973058
 4184.1 4201.7  0.9079409 10.7770100  0.7971716
 4201.7 4219.4  0.9092140 10.7029486  0.7970358
 4219.4 4237.3  0.9104944 10.6284676  0.7968993
 4237.3 4255.3  0.9117892 10.5531454  0.7967613
 4255.3 4273.5  0.9130614 10.4783783  0.7966336
 4273.5 4291.8  0.9142754 10.4051476  0.7965318
 4291.8 4310.3  0.9154960 10.3315163  0.7964294
 4310.3 4329.0  0.9167299 10.2570801  0.7963259
 4329.0 4347.8  0.9179773 10.1818371  0.7962212
 4347.8 4366.8  0.9192312 10.1061945  0.7961161
 4366.8 4386.0  0.9203924 10.0323830  0.7960320
 4386.0 4405.3  0.9215517  9.9581423  0.7959501
 4405.3 4424.8  0.9227171  9.8835173  0.7958677
 4424.8 4444.4  0.9238945  9.8081179  0.7957845
 4444.4 4464.3  0.9250780  9.7323313  0.7957008
 4464.3 4484.3  0.9261923  9.6573448  0.7956285
 4484.3 4504.5  0.9272777  9.5827522  0.7955610
 4504.5 4524.9  0.9283740  9.5074120  0.7954927
 4524.9 4545.5  0.9294811  9.4313278  0.7954237
 4545.5 4566.2  0.9305992  9.3544970  0.7953541
 4566.2 4587.2  0.9316373  9.2792892  0.7952956
 4587.2 4608.3  0.9326665  9.2035561  0.7952394
 4608.3 4629.6  0.9337006  9.1274633  0.7951830
 4629.6 4651.2  0.9347445  9.0506468  0.7951260
 4651.2 4672.9  0.9357977  8.9728851  0.7950690
 4672.9 4694.8  0.9367638  8.8970947  0.7950234
 4694.8 4717.0  0.9377388  8.8206043  0.7949775
 4717.0 4739.3  0.9387273  8.7430658  0.7949309
 4739.3 4761.9  0.9397201  8.6651783  0.7948841
 4761.9 4784.7  0.9406805  8.5875225  0.7948422
 4784.7 4807.7  0.9416079  8.5103397  0.7948049
 4807.7 4830.9  0.9425433  8.4324808  0.7947673
 4830.9 4854.4  0.9434869  8.3539467  0.7947292
 4854.4 4878.0  0.9444281  8.2748566  0.7946924
 4878.0 4902.0  0.9453093  8.1974401  0.7946622
 4902.0 4926.1  0.9462056  8.1187115  0.7946316
 4926.1 4950.5  0.9471055  8.0396547  0.7946008
 4950.5 4975.1  0.9480152  7.9596677  0.7945698
 4975.1 5000.0  0.9488619  7.8815627  0.7945452
 5000.0 5025.1  0.9497190  7.8025060  0.7945201
 5025.1 5050.5  0.9505829  7.7228136  0.7944950
 5050.5 5076.1  0.9514559  7.6422238  0.7944696
 5076.1 5102.0  0.9522706  7.5637388  0.7944489
 5102.0 5128.2  0.9530948  7.4843345  0.7944278
 5128.2 5154.6  0.9539286  7.4040093  0.7944066
 5154.6 5181.3  0.9547579  7.3236079  0.7943857
 5181.3 5208.3  0.9555446  7.2448592  0.7943672
 5208.3 5235.6  0.9563402  7.1652250  0.7943485
 5235.6 5263.2  0.9571446  7.0847049  0.7943296
 5263.2 5291.0  0.9579290  7.0049806  0.7943112
 5291.0 5319.1  0.9586872  6.9265251  0.7942933
 5319.1 5347.6  0.9594537  6.8472223  0.7942752
 5347.6 5376.3  0.9602311  6.7667909  0.7942569
 5376.3 5405.4  0.9609588  6.6895328  0.7942379
 5405.4 5434.8  0.9616916  6.6115427  0.7942185
 5434.8 5464.5  0.9624319  6.5327492  0.7941990
 5464.5 5494.5  0.9631500  6.4554901  0.7941780
 5494.5 5524.9  0.9638438  6.3799281  0.7941554
 5524.9 5555.6  0.9645468  6.3033590  0.7941325
 5555.6 5586.6  0.9652454  6.2270274  0.7941085
 5586.6 5618.0  0.9658993  6.1544456  0.7940806
 5618.0 5649.7  0.9665618  6.0809278  0.7940524
 5649.7 5681.8  0.9672306  6.0067072  0.7940238
 5681.8 5714.3  0.9678490  5.9369464  0.7939897
 5714.3 5747.1  0.9684745  5.8663669  0.7939551
 5747.1 5780.3  0.9691059  5.7951350  0.7939202
 5780.3 5814.0  0.9696981  5.7273607  0.7938806
 5814.0 5848.0  0.9702946  5.6589847  0.7938401
 5848.0 5882.4  0.9708965  5.5900006  0.7937992
 5882.4 5917.2  0.9714643  5.5239940  0.7937540
 5917.2 5952.4  0.9720362  5.4574552  0.7937080
 5952.4 5988.0  0.9726123  5.3903804  0.7936613
 5988.0 6024.1  0.9731607  5.3256869  0.7936108
 6024.1 6060.6  0.9737167  5.2600846  0.7935596
 6060.6 6097.6  0.9742703  5.1945567  0.7935069
 6097.6 6135.0  0.9748097  5.1301165  0.7934514
 6135.0 6172.8  0.9753550  5.0649791  0.7933953
 6172.8 6211.2  0.9758915  5.0004854  0.7933370
 6211.2 6250.0  0.9764267  4.9358621  0.7932768
 6250.0 6289.3  0.9769675  4.8705664  0.7932159
 6289.3 6329.1  0.9774962  4.8061485  0.7931520
 6329.1 6369.4  0.9780316  4.7409101  0.7930874
 6369.4 6410.3  0.9785673  4.6754370  0.7930211
 6410.3 6451.6  0.9791038  4.6096277  0.7929527
 6451.6 6493.5  0.9796453  4.5432019  0.7928836
 6493.5 6535.9  0.9801864  4.4765139  0.7928120
 6535.9 6578.9  0.9807340  4.4090295  0.7927395
 6578.9 6622.5  0.9812872  4.3407421  0.7926651
 6622.5 6666.7  0.9818472  4.2715769  0.7925892
 6666.7 6711.4  0.9824157  4.2013474  0.7925119
 6711.4 6756.8  0.9829921  4.1301370  0.7924330
 6756.8 6802.7  0.9835787  4.0576859  0.7923526
 6802.7 6849.3  0.9841787  3.9837170  0.7922708
 6849.3 6896.6  0.9847877  3.9086215  0.7921876
 6896.6 6944.4  0.9854162  3.8313289  0.7921021
 6944.4 6993.0  0.9860514  3.7532036  0.7920156
 6993.0 7042.3  0.9867030  3.6730978  0.7919261
 7042.3 7092.2  0.9873648  3.5917497  0.7918351
 7092.2 7142.9  0.9880345  3.5092649  0.7917402
 7142.9 7194.2  0.9887148  3.4254320  0.7916433
 7194.2 7246.4  0.9893968  3.3409922  0.7915413
 7246.4 7299.3  0.9900895  3.2551351  0.7914369
 7299.3 7352.9  0.9907773  3.1691716  0.7913253
 7352.9 7407.4  0.9914718  3.0822473  0.7912114
 7407.4 7462.7  0.9921550  2.9956341  0.7910881
 7462.7 7518.8  0.9928405  2.9083657  0.7909606
 7518.8 7575.8  0.9935095  2.8219335  0.7908232
 7575.8 7633.6  0.9941685  2.7357724  0.7906778
 7633.6 7692.3  0.9948113  2.6504345  0.7905231
 7692.3 7751.9  0.9954213  2.5672367  0.7903544
 7751.9 7812.5  0.9960214  2.4843223  0.7901778
 7812.5 7874.0  0.9965579  2.4060161  0.7899788
 7874.0 7936.5  0.9970654  2.3295650  0.7897671
 7936.5 8000.0  0.9975225  2.2566626  0.7895367
 8000.0 8064.5  0.9978932  2.1902504  0.7892784
 8064.5 8130.1  0.9982113  2.1275792  0.7890012
 8130.1 8196.7  0.9984200  2.0732627  0.7886898
 8196.7 8264.5  0.9985048  2.0285444  0.7883413
 8264.5 8333.3  0.9984886  1.9914322  0.7879605
 8333.3 8403.4  0.9982955  1.9682777  0.7875293
 8403.4 8474.6  0.9978899  1.9618526  0.7870373
 8474.6 8547.0  0.9974114  1.9607794  0.7865206
 8547.0 8620.7  0.9969249  1.9596882  0.7859953
 8620.7 8695.7  0.9964296  1.9585774  0.7854606
 8695.7 8771.9  0.9959257  1.9574471  0.7849164
 8771.9 8849.6  0.9954136  1.9562986  0.7843635
 8849.6 8928.6  0.9948915  1.9551276  0.7837998
 8928.6 9009.0  0.9943606  1.9539369  0.7832265
 9009.0 9090.9  0.9938203  1.9527252  0.7826432
 9090.9 9174.3  0.9932700  1.9514908  0.7820489
 9174.3 9259.3  0.9927095  1.9502338  0.7814438
 9259.3 9345.8  0.9921384  1.9489527  0.7808271
 9345.8 9434.0  0.9915571  1.9476490  0.7801995
 9434.0 9523.8  0.9909644  1.9463197  0.7795596
 9523.8 9615.4  0.9903610  1.9449662  0.7789080
 9615.4 9708.7  0.9897454  1.9435856  0.7782434
 9708.7 9803.9  0.9891185  1.9421796  0.7775664
 9803.9 9901.0  0.9884787  1.9407446  0.7768757
 9901.0 9911.0  0.9878262  1.9392812  0.7761711
