 1176.5 1177.9  0.4965383  7.2294464  0.7698941
 1177.9 1179.2  0.4963043  7.2341285  0.7698741
 1179.2 1180.6  0.4960871  7.2384753  0.7698555
 1180.6 1182.0  0.4958531  7.2431574  0.7698355
 1182.0 1183.4  0.4956191  7.2478395  0.7698155
 1183.4 1184.8  0.4953851  7.2525215  0.7697955
 1184.8 1186.2  0.4951510  7.2572031  0.7697755
 1186.2 1187.6  0.4949171  7.2618847  0.7697554
 1187.6 1189.1  0.4946831  7.2665668  0.7697355
 1189.1 1190.5  0.4944324  7.2715831  0.7697140
 1190.5 1191.9  0.4941984  7.2762651  0.7696940
 1191.9 1193.3  0.4939643  7.2809472  0.7696739
 1193.3 1194.7  0.4937303  7.2856288  0.7696539
 1194.7 1196.2  0.4934964  7.2903104  0.7696339
 1196.2 1197.6  0.4932456  7.2953267  0.7696125
 1197.6 1199.0  0.4930116  7.3000088  0.7695925
 1199.0 1200.5  0.4927776  7.3046908  0.7695724
 1200.5 1201.9  0.4925269  7.3097072  0.7695510
 1201.9 1203.4  0.4922929  7.3143892  0.7695310
 1203.4 1204.8  0.4920422  7.3194056  0.7695096
 1204.8 1206.3  0.4918082  7.3240871  0.7694895
 1206.3 1207.7  0.4915575  7.3291035  0.7694681
 1207.7 1209.2  0.4913235  7.3337851  0.7694481
 1209.2 1210.7  0.4910728  7.3388014  0.7694266
 1210.7 1212.1  0.4908221  7.3438177  0.7694052
 1212.1 1213.6  0.4905881  7.3484998  0.7693852
 1213.6 1215.1  0.4903373  7.3535161  0.7693638
 1215.1 1216.5  0.4900866  7.3585324  0.7693423
 1216.5 1218.0  0.4898526  7.3632145  0.7693223
 1218.0 1219.5  0.4896019  7.3682308  0.7693008
 1219.5 1221.0  0.4893512  7.3732471  0.7692794
 1221.0 1222.5  0.4891005  7.3782630  0.7692580
 1222.5 1224.0  0.4888498  7.3832793  0.7692365
 1224.0 1225.5  0.4885991  7.3882957  0.7692150
 1225.5 1227.0  0.4883483  7.3933120  0.7691936
 1227.0 1228.5  0.4880976  7.3983283  0.7691722
 1228.5 1230.0  0.4878469  7.4033446  0.7691507
 1230.0 1231.5  0.4875962  7.4083610  0.7691293
 1231.5 1233.0  0.4873455  7.4133773  0.7691078
 1233.0 1234.6  0.4870948  7.4183936  0.7690864
 1234.6 1236.1  0.4868273  7.4237442  0.7690635
 1236.1 1237.6  0.4865766  7.4287605  0.7690421
 1237.6 1239.2  0.4863259  7.4337769  0.7690206
 1239.2 1240.7  0.4860585  7.4391274  0.7689978
 1240.7 1242.2  0.4858078  7.4441438  0.7689763
 1242.2 1243.8  0.4855571  7.4491601  0.7689549
 1243.8 1245.3  0.4852896  7.4545112  0.7689320
 1245.3 1246.9  0.4850389  7.4595275  0.7689106
 1246.9 1248.4  0.4847715  7.4648781  0.7688877
 1248.4 1250.0  0.4845208  7.4698944  0.7688662
 1250.0 1251.6  0.4842533  7.4752450  0.7688434
 1251.6 1253.1  0.4839859  7.4805956  0.7688205
 1253.1 1254.7  0.4837352  7.4856119  0.7687991
 1254.7 1256.3  0.4834678  7.4909625  0.7687762
 1256.3 1257.9  0.4832003  7.4963136  0.7687533
 1257.9 1259.4  0.4829329  7.5016642  0.7687304
 1259.4 1261.0  0.4826822  7.5066805  0.7687090
 1261.0 1262.6  0.4824148  7.5120311  0.7686861
 1262.6 1264.2  0.4821474  7.5173817  0.7686632
 1264.2 1265.8  0.4818799  7.5227327  0.7686403
 1265.8 1267.4  0.4816125  7.5280838  0.7686175
 1267.4 1269.0  0.4813451  7.5334344  0.7685946
 1269.0 1270.6  0.4810776  7.5387850  0.7685717
 1270.6 1272.3  0.4808102  7.5441356  0.7685488
 1272.3 1273.9  0.4805261  7.5498209  0.7685246
 1273.9 1275.5  0.4802586  7.5551715  0.7685017
 1275.5 1277.1  0.4799912  7.5605221  0.7684788
 1277.1 1278.8  0.4797238  7.5658727  0.7684559
 1278.8 1280.4  0.4794396  7.5715580  0.7684317
 1280.4 1282.1  0.4791722  7.5769091  0.7684088
 1282.1 1283.7  0.4788881  7.5825939  0.7683845
 1283.7 1285.3  0.4786206  7.5879445  0.7683616
 1285.3 1287.0  0.4783532  7.5932956  0.7683387
 1287.0 1288.7  0.4780691  7.5989804  0.7683144
 1288.7 1290.3  0.4777849  7.6046653  0.7682901
 1290.3 1292.0  0.4775175  7.6100163  0.7682672
 1292.0 1293.7  0.4772334  7.6157017  0.7682430
 1293.7 1295.3  0.4769492  7.6213865  0.7682186
 1295.3 1297.0  0.4766818  7.6267376  0.7681957
 1297.0 1298.7  0.4763976  7.6324224  0.7681715
 1298.7 1300.4  0.4761135  7.6381073  0.7681472
 1300.4 1302.1  0.4758517  7.6433878  0.7681150
 1302.1 1303.8  0.4756628  7.6473517  0.7680576
 1303.8 1305.5  0.4754738  7.6513157  0.7680001
 1305.5 1307.2  0.4752848  7.6552796  0.7679426
 1307.2 1308.9  0.4750958  7.6592436  0.7678851
 1308.9 1310.6  0.4749068  7.6632075  0.7678276
 1310.6 1312.3  0.4747179  7.6671715  0.7677702
 1312.3 1314.1  0.4745289  7.6711359  0.7677127
 1314.1 1315.8  0.4743288  7.6753325  0.7676518
 1315.8 1317.5  0.4741398  7.6792970  0.7675943
 1317.5 1319.3  0.4739508  7.6832609  0.7675368
 1319.3 1321.0  0.4737507  7.6874580  0.7674760
 1321.0 1322.8  0.4735618  7.6914220  0.7674185
 1322.8 1324.5  0.4733616  7.6956191  0.7673576
 1324.5 1326.3  0.4731727  7.6995831  0.7673001
 1326.3 1328.0  0.4729726  7.7037802  0.7672393
 1328.0 1329.8  0.4727836  7.7077441  0.7671818
 1329.8 1331.6  0.4725835  7.7119412  0.7671209
 1331.6 1333.3  0.4723834  7.7161384  0.7670600
 1333.3 1335.1  0.4721944  7.7201028  0.7670026
 1335.1 1336.9  0.4719943  7.7242994  0.7669417
 1336.9 1338.7  0.4717942  7.7284970  0.7668809
 1338.7 1340.5  0.4715942  7.7326937  0.7668200
 1340.5 1342.3  0.4713941  7.7368913  0.7667591
 1342.3 1344.1  0.4711939  7.7410884  0.7666982
 1344.1 1345.9  0.4709938  7.7452855  0.7666374
 1345.9 1347.7  0.4707938  7.7494826  0.7665765
 1347.7 1349.5  0.4705937  7.7536798  0.7665157
 1349.5 1351.4  0.4703936  7.7578769  0.7664548
 1351.4 1353.2  0.4701967  7.7620811  0.7663715
 1353.2 1355.0  0.4700150  7.7659874  0.7662863
 1355.0 1356.9  0.4698333  7.7698936  0.7662010
 1356.9 1358.7  0.4696414  7.7740173  0.7661111
 1358.7 1360.5  0.4694597  7.7779231  0.7660258
 1360.5 1362.4  0.4692780  7.7818298  0.7659405
 1362.4 1364.3  0.4690862  7.7859530  0.7658505
 1364.3 1366.1  0.4688944  7.7900767  0.7657605
 1366.1 1368.0  0.4687127  7.7939830  0.7656752
 1368.0 1369.9  0.4685209  7.7981062  0.7655852
 1369.9 1371.7  0.4683291  7.8022294  0.7654952
 1371.7 1373.6  0.4681474  7.8061357  0.7654100
 1373.6 1375.5  0.4679556  7.8102593  0.7653200
 1375.5 1377.4  0.4677638  7.8143826  0.7652300
 1377.4 1379.3  0.4675720  7.8185062  0.7651400
 1379.3 1381.2  0.4673802  7.8226295  0.7650500
 1381.2 1383.1  0.4671884  7.8267527  0.7649600
 1383.1 1385.0  0.4669966  7.8308759  0.7648700
 1385.0 1387.0  0.4668048  7.8349996  0.7647800
 1387.0 1388.9  0.4666029  7.8393397  0.7646853
 1388.9 1390.8  0.4664111  7.8434634  0.7645953
 1390.8 1392.8  0.4662193  7.8475866  0.7645053
 1392.8 1394.7  0.4660174  7.8519268  0.7644106
 1394.7 1396.6  0.4658256  7.8560500  0.7643206
 1396.6 1398.6  0.4656338  7.8601737  0.7642305
 1398.6 1400.6  0.4654319  7.8645139  0.7641358
 1400.6 1402.5  0.4652357  7.8687558  0.7640334
 1402.5 1404.5  0.4650616  7.8725672  0.7639194
 1404.5 1406.5  0.4648784  7.8765793  0.7637993
 1406.5 1408.5  0.4646951  7.8805914  0.7636791
 1408.5 1410.4  0.4645119  7.8846030  0.7635590
 1410.4 1412.4  0.4643378  7.8884144  0.7634449
 1412.4 1414.4  0.4641546  7.8924265  0.7633248
 1414.4 1416.4  0.4639714  7.8964386  0.7632047
 1416.4 1418.4  0.4637882  7.9004507  0.7630846
 1418.4 1420.5  0.4636049  7.9044623  0.7629645
 1420.5 1422.5  0.4634126  7.9086752  0.7628384
 1422.5 1424.5  0.4632293  7.9126868  0.7627182
 1424.5 1426.5  0.4630461  7.9166989  0.7625981
 1426.5 1428.6  0.4628629  7.9207110  0.7624780
 1428.6 1430.6  0.4626705  7.9249234  0.7623519
 1430.6 1432.7  0.4624873  7.9289355  0.7622318
 1432.7 1434.7  0.4622949  7.9331479  0.7621056
 1434.7 1436.8  0.4621117  7.9371600  0.7619855
 1436.8 1438.8  0.4619193  7.9413729  0.7618594
 1438.8 1440.9  0.4617361  7.9453845  0.7617393
 1440.9 1443.0  0.4615436  7.9495974  0.7616132
 1443.0 1445.1  0.4613513  7.9538097  0.7614871
 1445.1 1447.2  0.4611589  7.9580221  0.7613609
 1447.2 1449.3  0.4609665  7.9622350  0.7612348
 1449.3 1451.4  0.4607741  7.9664474  0.7611087
 1451.4 1453.5  0.4605937  7.9704247  0.7609659
 1453.5 1455.6  0.4604192  7.9742842  0.7608148
 1455.6 1457.7  0.4602447  7.9781442  0.7606636
 1457.7 1459.9  0.4600702  7.9820037  0.7605125
 1459.9 1462.0  0.4598874  7.9860473  0.7603541
 1462.0 1464.1  0.4597130  7.9899068  0.7602030
 1464.1 1466.3  0.4595385  7.9937663  0.7600518
 1466.3 1468.4  0.4593557  7.9978099  0.7598935
 1468.4 1470.6  0.4591812  8.0016699  0.7597423
 1470.6 1472.8  0.4589984  8.0057125  0.7595840
 1472.8 1474.9  0.4588156  8.0097561  0.7594256
 1474.9 1477.1  0.4586411  8.0136156  0.7592745
 1477.1 1479.3  0.4584584  8.0176592  0.7591162
 1479.3 1481.5  0.4582756  8.0217028  0.7589578
 1481.5 1483.7  0.4580928  8.0257463  0.7587994
 1483.7 1485.9  0.4579100  8.0297899  0.7586411
 1485.9 1488.1  0.4577272  8.0338335  0.7584828
 1488.1 1490.3  0.4575444  8.0378761  0.7583244
 1490.3 1492.5  0.4573616  8.0419197  0.7581661
 1492.5 1494.8  0.4571788  8.0459633  0.7580078
 1494.8 1497.0  0.4569877  8.0501909  0.7578422
 1497.0 1499.3  0.4568050  8.0542336  0.7576839
 1499.3 1501.5  0.4566138  8.0584612  0.7575183
 1501.5 1503.8  0.4564427  8.0622444  0.7573431
 1503.8 1506.0  0.4562696  8.0660734  0.7571517
 1506.0 1508.3  0.4561039  8.0697355  0.7569686
 1508.3 1510.6  0.4559307  8.0735645  0.7567772
 1510.6 1512.9  0.4557575  8.0773926  0.7565857
 1512.9 1515.2  0.4555843  8.0812216  0.7563943
 1515.2 1517.5  0.4554111  8.0850496  0.7562029
 1517.5 1519.8  0.4552380  8.0888786  0.7560115
 1519.8 1522.1  0.4550647  8.0927076  0.7558200
 1522.1 1524.4  0.4548916  8.0965357  0.7556286
 1524.4 1526.7  0.4547184  8.1003647  0.7554372
 1526.7 1529.1  0.4545452  8.1041927  0.7552458
 1529.1 1531.4  0.4543645  8.1081877  0.7550461
 1531.4 1533.7  0.4541913  8.1120167  0.7548546
 1533.7 1536.1  0.4540181  8.1158457  0.7546632
 1536.1 1538.5  0.4538374  8.1198406  0.7544635
 1538.5 1540.8  0.4536566  8.1238356  0.7542637
 1540.8 1543.2  0.4534835  8.1276646  0.7540723
 1543.2 1545.6  0.4533027  8.1316595  0.7538726
 1545.6 1548.0  0.4531220  8.1356544  0.7536728
 1548.0 1550.4  0.4529413  8.1396494  0.7534731
 1550.4 1552.8  0.4527634  8.1435728  0.7532691
 1552.8 1555.2  0.4525998  8.1471367  0.7530437
 1555.2 1557.6  0.4524362  8.1506996  0.7528184
 1557.6 1560.1  0.4522725  8.1542635  0.7525930
 1560.1 1562.5  0.4521021  8.1579762  0.7523583
 1562.5 1564.9  0.4519385  8.1615391  0.7521330
 1564.9 1567.4  0.4517748  8.1651030  0.7519076
 1567.4 1569.9  0.4516044  8.1688156  0.7516729
 1569.9 1572.3  0.4514339  8.1725273  0.7514381
 1572.3 1574.8  0.4512703  8.1760912  0.7512128
 1574.8 1577.3  0.4510998  8.1798038  0.7509781
 1577.3 1579.8  0.4509294  8.1835155  0.7507433
 1579.8 1582.3  0.4507589  8.1872282  0.7505086
 1582.3 1584.8  0.4505885  8.1909399  0.7502738
 1584.8 1587.3  0.4504181  8.1946526  0.7500391
 1587.3 1589.8  0.4502476  8.1983643  0.7498044
 1589.8 1592.4  0.4500771  8.2020769  0.7495697
 1592.4 1594.9  0.4498999  8.2059374  0.7493255
 1594.9 1597.4  0.4497294  8.2096491  0.7490908
 1597.4 1600.0  0.4495590  8.2133617  0.7488561
 1600.0 1602.6  0.4493817  8.2172222  0.7486119
 1602.6 1605.1  0.4492224  8.2206078  0.7483404
 1605.1 1607.7  0.4490693  8.2238636  0.7480794
 1607.7 1610.3  0.4489101  8.2272491  0.7478079
 1610.3 1612.9  0.4487508  8.2306356  0.7475364
 1612.9 1615.5  0.4485916  8.2340212  0.7472649
 1615.5 1618.1  0.4484323  8.2374067  0.7469934
 1618.1 1620.7  0.4482731  8.2407923  0.7467219
 1620.7 1623.4  0.4481138  8.2441778  0.7464504
 1623.4 1626.0  0.4479485  8.2476940  0.7461685
 1626.0 1628.7  0.4477892  8.2510796  0.7458970
 1628.7 1631.3  0.4476238  8.2545958  0.7456151
 1631.3 1634.0  0.4474646  8.2579823  0.7453436
 1634.0 1636.7  0.4472992  8.2614975  0.7450616
 1636.7 1639.3  0.4471338  8.2650137  0.7447797
 1639.3 1642.0  0.4469746  8.2683992  0.7445082
 1642.0 1644.7  0.4468092  8.2719154  0.7442263
 1644.7 1647.4  0.4466438  8.2754316  0.7439443
 1647.4 1650.2  0.4464785  8.2789478  0.7436624
 1650.2 1652.9  0.4463085  8.2825584  0.7433678
 1652.9 1655.6  0.4461642  8.2856007  0.7430553
 1655.6 1658.4  0.4460198  8.2886429  0.7427429
 1658.4 1661.1  0.4458701  8.2917967  0.7424189
 1661.1 1663.9  0.4457258  8.2948389  0.7421065
 1663.9 1666.7  0.4455761  8.2979937  0.7417825
 1666.7 1669.4  0.4454264  8.3011484  0.7414585
 1669.4 1672.2  0.4452820  8.3041897  0.7411461
 1672.2 1675.0  0.4451323  8.3073444  0.7408221
 1675.0 1677.9  0.4449826  8.3104992  0.7404981
 1677.9 1680.7  0.4448276  8.3137665  0.7401625
 1680.7 1683.5  0.4446779  8.3169212  0.7398385
 1683.5 1686.3  0.4445282  8.3200760  0.7395145
 1686.3 1689.2  0.4443785  8.3232298  0.7391905
 1689.2 1692.0  0.4442235  8.3264971  0.7388549
 1692.0 1694.9  0.4440738  8.3296518  0.7385309
 1694.9 1697.8  0.4439188  8.3329191  0.7381954
 1697.8 1700.7  0.4437637  8.3361864  0.7378598
 1700.7 1703.6  0.4436235  8.3391485  0.7375455
 1703.6 1706.5  0.4435300  8.3411503  0.7372981
 1706.5 1709.4  0.4434365  8.3431511  0.7370506
 1709.4 1712.3  0.4433430  8.3451529  0.7368032
 1712.3 1715.3  0.4432494  8.3471546  0.7365557
 1715.3 1718.2  0.4431527  8.3492260  0.7362998
 1718.2 1721.2  0.4430592  8.3512268  0.7360523
 1721.2 1724.1  0.4429624  8.3532982  0.7357963
 1724.1 1727.1  0.4428689  8.3552999  0.7355489
 1727.1 1730.1  0.4427722  8.3573704  0.7352929
 1730.1 1733.1  0.4426754  8.3594408  0.7350370
 1733.1 1736.1  0.4425787  8.3615112  0.7347810
 1736.1 1739.1  0.4424819  8.3635826  0.7345250
 1739.1 1742.2  0.4423852  8.3656530  0.7342690
 1742.2 1745.2  0.4422852  8.3677931  0.7340046
 1745.2 1748.3  0.4421885  8.3698635  0.7337486
 1748.3 1751.3  0.4420885  8.3720036  0.7334840
 1751.3 1754.4  0.4419918  8.3740740  0.7332281
 1754.4 1757.5  0.4418886  8.3762980  0.7329443
 1757.5 1760.6  0.4417640  8.3790894  0.7325301
 1760.6 1763.7  0.4416393  8.3818808  0.7321159
 1763.7 1766.8  0.4415147  8.3846722  0.7317017
 1766.8 1769.9  0.4413901  8.3874636  0.7312874
 1769.9 1773.0  0.4412654  8.3902550  0.7308732
 1773.0 1776.2  0.4411514  8.3929024  0.7304454
 1776.2 1779.4  0.4410341  8.3956299  0.7300033
 1779.4 1782.5  0.4409168  8.3983574  0.7295612
 1782.5 1785.7  0.4408031  8.4010000  0.7291330
 1785.7 1788.9  0.4406858  8.4037285  0.7286908
 1788.9 1792.1  0.4405793  8.4063206  0.7282351
 1792.1 1795.3  0.4404739  8.4088984  0.7277780
 1795.3 1798.6  0.4403684  8.4114761  0.7273208
 1798.6 1801.8  0.4402597  8.4141350  0.7268493
 1801.8 1805.1  0.4401543  8.4167128  0.7263921
 1805.1 1808.3  0.4400552  8.4192982  0.7258908
 1808.3 1811.6  0.4399597  8.4218016  0.7254027
 1811.6 1814.9  0.4398613  8.4243822  0.7248994
 1814.9 1818.2  0.4397628  8.4269638  0.7243960
 1818.2 1821.5  0.4396653  8.4295301  0.7238926
 1821.5 1824.8  0.4395838  8.4318819  0.7233874
 1824.8 1828.2  0.4395022  8.4342327  0.7228821
 1828.2 1831.5  0.4394182  8.4366550  0.7223615
 1831.5 1834.9  0.4393366  8.4390059  0.7218562
 1834.9 1838.2  0.4392526  8.4414282  0.7213357
 1838.2 1841.6  0.4391855  8.4436312  0.7208127
 1841.6 1845.0  0.4391169  8.4458971  0.7202731
 1845.0 1848.4  0.4390483  8.4481621  0.7197337
 1848.4 1851.9  0.4389797  8.4504271  0.7191942
 1851.9 1855.3  0.4389090  8.4527588  0.7186388
 1855.3 1858.7  0.4388551  8.4549313  0.7180638
 1858.7 1862.2  0.4388016  8.4570999  0.7174878
 1862.2 1865.7  0.4387465  8.4593325  0.7168947
 1865.7 1869.2  0.4386914  8.4615650  0.7163017
 1869.2 1872.7  0.4386375  8.4637852  0.7157084
 1872.7 1876.2  0.4386019  8.4657955  0.7151108
 1876.2 1879.7  0.4385664  8.4678059  0.7145132
 1879.7 1883.2  0.4385308  8.4698162  0.7139156
 1883.2 1886.8  0.4384953  8.4718266  0.7133179
 1886.8 1890.4  0.4384587  8.4738941  0.7127032
 1890.4 1893.9  0.4384409  8.4758072  0.7120662
 1893.9 1897.5  0.4384246  8.4776583  0.7114457
 1897.5 1901.1  0.4384079  8.4795628  0.7108074
 1901.1 1904.8  0.4383912  8.4814672  0.7101692
 1904.8 1908.4  0.4383740  8.4834242  0.7095132
 1908.4 1912.0  0.4383776  8.4852190  0.7088337
 1912.0 1915.7  0.4383824  8.4870071  0.7081518
 1915.7 1919.4  0.4383874  8.4888449  0.7074510
 1919.4 1923.1  0.4383923  8.4906836  0.7067501
 1923.1 1926.8  0.4383979  8.4925156  0.7060491
 1926.8 1930.5  0.4384256  8.4941397  0.7053403
 1930.5 1934.2  0.4384533  8.4957638  0.7046315
 1934.2 1938.0  0.4384811  8.4973879  0.7039227
 1938.0 1941.7  0.4385096  8.4990559  0.7031948
 1941.7 1945.5  0.4385373  8.5006800  0.7024860
 1945.5 1949.3  0.4385891  8.5021925  0.7017311
 1949.3 1953.1  0.4386428  8.5036917  0.7009739
 1953.1 1956.9  0.4386966  8.5051908  0.7002167
 1956.9 1960.8  0.4387503  8.5066900  0.6994595
 1960.8 1964.6  0.4388055  8.5082283  0.6986823
 1964.6 1968.5  0.4388850  8.5096073  0.6978772
 1968.5 1972.4  0.4389681  8.5110159  0.6970480
 1972.4 1976.3  0.4390511  8.5124245  0.6962189
 1976.3 1980.2  0.4391342  8.5138330  0.6953898
 1980.2 1984.1  0.4392183  8.5152321  0.6945603
 1984.1 1988.1  0.4393215  8.5164604  0.6937238
 1988.1 1992.0  0.4394273  8.5177202  0.6928659
 1992.0 1996.0  0.4395305  8.5189476  0.6920294
 1996.0 2000.0  0.4396363  8.5202074  0.6911715
 2000.0 2004.0  0.4397421  8.5214672  0.6903135
 2004.0 2008.0  0.4398697  8.5226288  0.6894057
 2008.0 2012.1  0.4399974  8.5237894  0.6884980
 2012.1 2016.1  0.4401282  8.5249796  0.6875675
 2016.1 2020.2  0.4402559  8.5261412  0.6866597
 2020.2 2024.3  0.4403872  8.5273247  0.6857291
 2024.3 2028.4  0.4405285  8.5283861  0.6847962
 2028.4 2032.5  0.4406699  8.5294476  0.6838632
 2032.5 2036.7  0.4408112  8.5305090  0.6829303
 2036.7 2040.8  0.4409560  8.5315962  0.6819746
 2040.8 2045.0  0.4410973  8.5326576  0.6810417
 2045.0 2049.2  0.4412502  8.5336752  0.6800642
 2049.2 2053.4  0.4414036  8.5346889  0.6790856
 2053.4 2057.6  0.4415569  8.5357027  0.6781070
 2057.6 2061.9  0.4417103  8.5367165  0.6771284
 2061.9 2066.1  0.4418672  8.5377550  0.6761265
 2066.1 2070.4  0.4420268  8.5387506  0.6751053
 2070.4 2074.7  0.4421903  8.5397701  0.6740587
 2074.7 2079.0  0.4423539  8.5407896  0.6730122
 2079.0 2083.3  0.4425174  8.5418091  0.6719656
 2083.3 2087.7  0.4426806  8.5428276  0.6709179
 2087.7 2092.1  0.4428438  8.5438614  0.6698305
 2092.1 2096.4  0.4430069  8.5448961  0.6687430
 2096.4 2100.8  0.4431663  8.5459061  0.6676803
 2100.8 2105.3  0.4433294  8.5469408  0.6665928
 2105.3 2109.7  0.4434952  8.5479984  0.6654814
 2109.7 2114.2  0.4436438  8.5490398  0.6644044
 2114.2 2118.6  0.4437957  8.5501041  0.6633029
 2118.6 2123.1  0.4439443  8.5511456  0.6622258
 2123.1 2127.7  0.4440962  8.5522099  0.6611243
 2127.7 2132.2  0.4442515  8.5532990  0.6599984
 2132.2 2136.8  0.4443858  8.5544300  0.6588876
 2136.8 2141.3  0.4445218  8.5555916  0.6577514
 2141.3 2145.9  0.4446548  8.5567284  0.6566400
 2145.9 2150.5  0.4447908  8.5578899  0.6555039
 2150.5 2155.2  0.4449268  8.5590515  0.6543677
 2155.2 2159.8  0.4450454  8.5604296  0.6531335
 2159.8 2164.5  0.4451590  8.5618010  0.6519169
 2164.5 2169.2  0.4452752  8.5632019  0.6506739
 2169.2 2173.9  0.4453913  8.5646029  0.6494309
 2173.9 2178.6  0.4455074  8.5660048  0.6481879
 2178.6 2183.4  0.4455765  8.5673676  0.6471062
 2183.4 2188.2  0.4456460  8.5687580  0.6460051
 2188.2 2193.0  0.4457156  8.5701494  0.6449040
 2193.0 2197.8  0.4457851  8.5715399  0.6438029
 2197.8 2202.6  0.4458546  8.5729313  0.6427017
 2202.6 2207.5  0.4459009  8.5745773  0.6415092
 2207.5 2212.4  0.4459282  8.5764780  0.6402130
 2212.4 2217.3  0.4459554  8.5783796  0.6389167
 2217.3 2222.2  0.4459826  8.5802803  0.6376203
 2222.2 2227.2  0.4460073  8.5821896  0.6363268
 2227.2 2232.1  0.4459732  8.5843344  0.6350736
 2232.1 2237.1  0.4459398  8.5864363  0.6338453
 2237.1 2242.2  0.4459057  8.5885811  0.6325921
 2242.2 2247.2  0.4458709  8.5907688  0.6313138
 2247.2 2252.3  0.4458340  8.5929260  0.6300621
 2252.3 2257.3  0.4457250  8.5954380  0.6288250
 2257.3 2262.4  0.4456182  8.5979004  0.6276122
 2262.4 2267.6  0.4455092  8.6004124  0.6263751
 2267.6 2272.7  0.4453982  8.6029730  0.6251137
 2272.7 2277.9  0.4452892  8.6054850  0.6238767
 2277.9 2283.1  0.4450884  8.6085281  0.6226153
 2283.1 2288.3  0.4448820  8.6116009  0.6213540
 2288.3 2293.6  0.4446757  8.6146736  0.6200926
 2293.6 2298.9  0.4444654  8.6178055  0.6188070
 2298.9 2304.1  0.4442551  8.6209373  0.6175215
 2304.1 2309.5  0.4439507  8.6244650  0.6163135
 2309.5 2314.8  0.4436328  8.6281366  0.6150601
 2314.8 2320.2  0.4433207  8.6317406  0.6138299
 2320.2 2325.6  0.4430027  8.6354122  0.6125765
 2325.6 2331.0  0.4426847  8.6390848  0.6113231
 2331.0 2336.4  0.4422426  8.6434193  0.6100864
 2336.4 2341.9  0.4417906  8.6478071  0.6088511
 2341.9 2347.4  0.4413302  8.6522770  0.6075928
 2347.4 2352.9  0.4408697  8.6567459  0.6063346
 2352.9 2358.5  0.4404094  8.6612158  0.6050763
 2358.5 2364.1  0.4397998  8.6665115  0.6038481
 2364.1 2369.7  0.4391876  8.6718206  0.6026208
 2369.7 2375.3  0.4385755  8.6771297  0.6013936
 2375.3 2381.0  0.4379634  8.6824389  0.6001663
 2381.0 2386.6  0.4373403  8.6878433  0.5989171
 2386.6 2392.3  0.4366314  8.6938572  0.5977806
 2392.3 2398.1  0.4359097  8.6999779  0.5966240
 2398.1 2403.8  0.4351755  8.7062063  0.5954469
 2403.8 2409.6  0.4344539  8.7123280  0.5942902
 2409.6 2415.5  0.4337196  8.7185564  0.5931132
 2415.5 2421.3  0.4329389  8.7258081  0.5919932
 2421.3 2427.2  0.4321690  8.7330027  0.5908978
 2427.2 2433.1  0.4313858  8.7403212  0.5897835
 2433.1 2439.0  0.4306027  8.7476406  0.5886691
 2439.0 2445.0  0.4298195  8.7549591  0.5875548
 2445.0 2451.0  0.4291160  8.7632771  0.5865602
 2451.0 2457.0  0.4284125  8.7715950  0.5855657
 2457.0 2463.1  0.4277091  8.7799129  0.5845711
 2463.1 2469.1  0.4269938  8.7883701  0.5835600
 2469.1 2475.2  0.4262940  8.7967024  0.5825683
 2475.2 2481.4  0.4258015  8.8060551  0.5817362
 2481.4 2487.6  0.4253008  8.8155603  0.5808904
 2487.6 2493.8  0.4248002  8.8250666  0.5800446
 2493.8 2500.0  0.4242995  8.8345718  0.5791987
 2500.0 2506.3  0.4237989  8.8440781  0.5783529
 2506.3 2512.6  0.4236602  8.8544941  0.5777273
 2512.6 2518.9  0.4235216  8.8649092  0.5771015
 2518.9 2525.3  0.4233830  8.8753242  0.5764759
 2525.3 2531.6  0.4232421  8.8859053  0.5758402
 2531.6 2538.1  0.4231035  8.8963213  0.5752145
 2538.1 2544.5  0.4234651  8.9081287  0.5748209
 2544.5 2551.0  0.4238538  8.9198227  0.5744497
 2551.0 2557.5  0.4242485  8.9316998  0.5740726
 2557.5 2564.1  0.4246433  8.9435768  0.5736955
 2564.1 2570.7  0.4250554  8.9556551  0.5733178
 2570.7 2577.3  0.4262016  8.9688921  0.5732711
 2577.3 2584.0  0.4273478  8.9821301  0.5732244
 2584.0 2590.7  0.4285114  8.9955683  0.5731770
 2590.7 2597.4  0.4296750  9.0090065  0.5731297
 2597.4 2604.2  0.4308898  9.0224781  0.5731052
 2604.2 2611.0  0.4329428  9.0366907  0.5734459
 2611.0 2617.8  0.4349958  9.0509033  0.5737866
 2617.8 2624.7  0.4370487  9.0651159  0.5741273
 2624.7 2631.6  0.4391319  9.0795364  0.5744730
 2631.6 2638.5  0.4412151  9.0939589  0.5748187
 2638.5 2645.5  0.4442806  9.1093035  0.5755455
 2645.5 2652.5  0.4474519  9.1249285  0.5763067
 2652.5 2659.6  0.4506232  9.1405535  0.5770679
 2659.6 2666.7  0.4538398  9.1564026  0.5778399
 2666.7 2673.8  0.4570564  9.1722507  0.5786120
 2673.8 2681.0  0.4611603  9.1883078  0.5796906
 2681.0 2688.2  0.4653617  9.2045994  0.5807980
 2688.2 2695.4  0.4695630  9.2208920  0.5819055
 2695.4 2702.7  0.4737644  9.2371836  0.5830131
 2702.7 2710.0  0.4780241  9.2537022  0.5841359
 2710.0 2717.4  0.4830413  9.2697544  0.5854612
 2717.4 2724.8  0.4881601  9.2860069  0.5868134
 2724.8 2732.2  0.4932790  9.3022594  0.5881657
 2732.2 2739.7  0.4983978  9.3185110  0.5895180
 2739.7 2747.3  0.5035858  9.3349829  0.5908884
 2747.3 2754.8  0.5094582  9.3504190  0.5923608
 2754.8 2762.4  0.5152784  9.3656015  0.5938172
 2762.4 2770.1  0.5211760  9.3809862  0.5952929
 2770.1 2777.8  0.5271515  9.3965731  0.5967882
 2777.8 2785.5  0.5331268  9.4121609  0.5982834
 2785.5 2793.3  0.5395420  9.4255991  0.5997230
 2793.3 2801.1  0.5460525  9.4391537  0.6011798
 2801.1 2809.0  0.5525630  9.4527092  0.6026367
 2809.0 2816.9  0.5591568  9.4664373  0.6041122
 2816.9 2824.9  0.5657507  9.4801664  0.6055877
 2824.9 2832.9  0.5727593  9.4909010  0.6068736
 2832.9 2840.9  0.5797722  9.5015955  0.6081568
 2840.9 2849.0  0.5867851  9.5122900  0.6094400
 2849.0 2857.1  0.5938857  9.5231190  0.6107394
 2857.1 2865.3  0.6009844  9.5338898  0.6120333
 2865.3 2873.6  0.6080097  9.5401506  0.6129114
 2873.6 2881.8  0.6151208  9.5464878  0.6138002
 2881.8 2890.2  0.6221461  9.5527477  0.6146783
 2890.2 2898.6  0.6293427  9.5591612  0.6155779
 2898.6 2907.0  0.6365395  9.5655746  0.6164774
 2907.0 2915.5  0.6436555  9.5664234  0.6167956
 2915.5 2924.0  0.6508523  9.5670004  0.6170881
 2924.0 2932.6  0.6580491  9.5675774  0.6173807
 2932.6 2941.2  0.6653306  9.5681610  0.6176767
 2941.2 2949.9  0.6725994  9.5685892  0.6179561
 2949.9 2958.6  0.6794217  9.5624027  0.6175301
 2958.6 2967.4  0.6862442  9.5562172  0.6171041
 2967.4 2976.2  0.6931449  9.5499592  0.6166733
 2976.2 2985.1  0.7000457  9.5437021  0.6162424
 2985.1 2994.0  0.7070195  9.5372934  0.6157991
 2994.0 3003.0  0.7135124  9.5238533  0.6146893
 3003.0 3012.0  0.7200783  9.5102615  0.6135670
 3012.0 3021.1  0.7266442  9.4966707  0.6124448
 3021.1 3030.3  0.7332832  9.4829273  0.6113100
 3030.3 3039.5  0.7399724  9.4688177  0.6101463
 3039.5 3048.8  0.7459916  9.4482994  0.6084944
 3048.8 3058.1  0.7520763  9.4275579  0.6068245
 3058.1 3067.5  0.7581611  9.4068165  0.6051546
 3067.5 3076.9  0.7643111  9.3858528  0.6034668
 3076.9 3086.4  0.7704612  9.3648882  0.6017790
 3086.4 3096.0  0.7760374  9.3367815  0.5996973
 3096.0 3105.6  0.7816655  9.3083048  0.5975897
 3105.6 3115.3  0.7872936  9.2798281  0.5954821
 3115.3 3125.0  0.7929802  9.2510548  0.5933526
 3125.0 3134.8  0.7986668  9.2222815  0.5912230
 3134.8 3144.7  0.8035259  9.1874590  0.5889519
 3144.7 3154.6  0.8084345  9.1522827  0.5866576
 3154.6 3164.6  0.8133432  9.1171045  0.5843632
 3164.6 3174.6  0.8183015  9.0815725  0.5820458
 3174.6 3184.7  0.8232597  9.0460396  0.5797283
 3184.7 3194.9  0.8274391  9.0042839  0.5774324
 3194.9 3205.1  0.8316254  8.9618711  0.5751156
 3205.1 3215.4  0.8358118  8.9194565  0.5727987
 3215.4 3225.8  0.8400391  8.8766279  0.5704592
 3225.8 3236.2  0.8442371  8.8329458  0.5681148
 3236.2 3246.8  0.8475899  8.7840214  0.5659854
 3246.8 3257.3  0.8510071  8.7341547  0.5638150
 3257.3 3268.0  0.8543921  8.6847601  0.5616651
 3268.0 3278.7  0.8578416  8.6344242  0.5594742
 3278.7 3289.5  0.8609906  8.5823431  0.5573859
 3289.5 3300.3  0.8635958  8.5264435  0.5554737
 3300.3 3311.3  0.8662009  8.4705429  0.5535616
 3311.3 3322.3  0.8688543  8.4136076  0.5516140
 3322.3 3333.3  0.8715076  8.3566732  0.5496664
 3333.3 3344.5  0.8736024  8.2965345  0.5479163
 3344.5 3355.7  0.8755502  8.2342424  0.5461998
 3355.7 3367.0  0.8774980  8.1719494  0.5444833
 3367.0 3378.4  0.8794632  8.1091003  0.5427515
 3378.4 3389.8  0.8811904  8.0498114  0.5411730
 3389.8 3401.4  0.8823168  8.0002041  0.5399915
 3401.4 3413.0  0.8834630  7.9497290  0.5387893
 3413.0 3424.7  0.8846092  7.8992519  0.5375870
 3424.7 3436.4  0.8857653  7.8483405  0.5363744
 3436.4 3448.3  0.8879280  7.6726685  0.5330037
 3448.3 3460.2  0.8901548  7.4906502  0.5295177
 3460.2 3472.2  0.8909774  7.4010515  0.5279313
 3472.2 3484.3  0.8915711  7.3262315  0.5266509
 3484.3 3496.5  0.8921697  7.2507868  0.5253597
 3496.5 3508.8  0.8927732  7.1747198  0.5240580
 3508.8 3521.1  0.8933817  7.0980287  0.5227455
 3521.1 3533.6  0.8939902  7.0213375  0.5214331
 3533.6 3546.1  0.8946085  6.9433994  0.5200992
 3546.1 3558.7  0.8952268  6.8654613  0.5187654
 3558.7 3571.4  0.8956178  6.7866011  0.5175381
 3571.4 3584.2  0.8959067  6.7069783  0.5163540
 3584.2 3597.1  0.8961980  6.6267281  0.5151604
 3597.1 3610.1  0.8964916  6.5458503  0.5139576
 3610.1 3623.2  0.8967875  6.4643469  0.5127455
 3623.2 3636.4  0.8970855  6.3822169  0.5115241
 3636.4 3649.6  0.8973860  6.2994595  0.5102933
 3649.6 3663.0  0.8976863  6.2167006  0.5090625
 3663.0 3676.5  0.8978050  6.1350107  0.5079692
 3676.5 3690.0  0.8979188  6.0527825  0.5068725
 3690.0 3703.7  0.8980325  5.9705548  0.5057759
 3703.7 3717.5  0.8981479  5.8871088  0.5046629
 3717.5 3731.3  0.8982642  5.8030534  0.5035419
 3731.3 3745.3  0.8983805  5.7189975  0.5024209
 3745.3 3759.4  0.8984985  5.6337242  0.5012836
 3759.4 3773.6  0.8985664  5.5514278  0.5002500
 3773.6 3787.9  0.8986093  5.4703512  0.4992655
 3787.9 3802.3  0.8986524  5.3887057  0.4982739
 3802.3 3816.8  0.8986958  5.3064876  0.4972755
 3816.8 3831.4  0.8987395  5.2236991  0.4962701
 3831.4 3846.2  0.8987835  5.1403403  0.4952578
 3846.2 3861.0  0.8988281  5.0558391  0.4942316
 3861.0 3876.0  0.8988808  4.9769983  0.4933279
 3876.0 3891.1  0.8989370  4.8990746  0.4924549
 3891.1 3906.2  0.8989936  4.8206310  0.4915760
 3906.2 3921.6  0.8990502  4.7421885  0.4906971
 3921.6 3937.0  0.8991079  4.6621861  0.4898008
 3937.0 3952.6  0.8991656  4.5821853  0.4889045
 3952.6 3968.3  0.8992329  4.5025854  0.4880209
 3968.3 3984.1  0.8993451  4.4297304  0.4872539
 3984.1 4000.0  0.8994580  4.3564105  0.4864820
 4000.0 4016.1  0.8995715  4.2826271  0.4857052
 4016.1 4032.3  0.8996866  4.2079148  0.4849187
 4032.3 4048.6  0.8998023  4.1327391  0.4841272
 4048.6 4065.0  0.8999188  4.0570993  0.4833309
 4065.0 4081.6  0.9001034  3.9893520  0.4826412
 4081.6 4098.4  0.9002967  3.9215674  0.4819536
 4098.4 4115.2  0.9004923  3.8529673  0.4812577
 4115.2 4132.2  0.9006879  3.7843652  0.4805619
 4132.2 4149.4  0.9008859  3.7149475  0.4798577
 4149.4 4166.7  0.9010862  3.6447144  0.4791453
 4166.7 4184.1  0.9013550  3.5826952  0.4785273
 4184.1 4201.7  0.9016278  3.5206308  0.4779093
 4201.7 4219.4  0.9019038  3.4578521  0.4772842
 4219.4 4237.3  0.9021814  3.3947182  0.4766555
 4237.3 4255.3  0.9024621  3.3308704  0.4760198
 4255.3 4273.5  0.9027566  3.2690117  0.4754053
 4273.5 4291.8  0.9030843  3.2121508  0.4748440
 4291.8 4310.3  0.9034138  3.1549788  0.4742797
 4310.3 4329.0  0.9037468  3.0971811  0.4737093
 4329.0 4347.8  0.9040835  3.0387578  0.4731326
 4347.8 4366.8  0.9044220  2.9800236  0.4725529
 4366.8 4386.0  0.9047771  2.9269791  0.4720288
 4386.0 4405.3  0.9051376  2.8742113  0.4715074
 4405.3 4424.8  0.9055001  2.8211696  0.4709833
 4424.8 4444.4  0.9058662  2.7675779  0.4704537
 4444.4 4464.3  0.9062343  2.7137110  0.4699215
 4464.3 4484.3  0.9066091  2.6635814  0.4694235
 4484.3 4504.5  0.9069862  2.6149945  0.4689398
 4504.5 4524.9  0.9073672  2.5659213  0.4684512
 4524.9 4545.5  0.9077519  2.5163629  0.4679578
 4545.5 4566.2  0.9081404  2.4663181  0.4674595
 4566.2 4587.2  0.9085312  2.4204128  0.4669991
 4587.2 4608.3  0.9089279  2.3750772  0.4665433
 4608.3 4629.6  0.9093263  2.3295269  0.4660854
 4629.6 4651.2  0.9097286  2.2835433  0.4656231
 4651.2 4672.9  0.9101366  2.2371888  0.4651568
 4672.9 4694.8  0.9105474  2.1953421  0.4647312
 4694.8 4717.0  0.9109621  2.1531093  0.4643016
 4717.0 4739.3  0.9113824  2.1102972  0.4638662
 4739.3 4761.9  0.9118046  2.0672934  0.4634289
 4761.9 4784.7  0.9122333  2.0260594  0.4630066
 4784.7 4807.7  0.9126664  1.9865916  0.4625997
 4807.7 4830.9  0.9131033  1.9467779  0.4621892
 4830.9 4854.4  0.9135441  1.9066187  0.4617751
 4854.4 4878.0  0.9139909  1.8666903  0.4613622
 4878.0 4902.0  0.9144413  1.8298646  0.4609762
 4902.0 4926.1  0.9148994  1.7924149  0.4605836
 4926.1 4950.5  0.9153594  1.7548090  0.4601894
 4950.5 4975.1  0.9158252  1.7168100  0.4597910
 4975.1 5000.0  0.9162975  1.6820931  0.4594198
 5000.0 5025.1  0.9167756  1.6469533  0.4590440
 5025.1 5050.5  0.9172575  1.6115309  0.4586653
 5050.5 5076.1  0.9177452  1.5757515  0.4582825
 5076.1 5102.0  0.9182404  1.5430113  0.4579238
 5102.0 5128.2  0.9187414  1.5098877  0.4575610
 5128.2 5154.6  0.9192482  1.4763800  0.4571939
 5154.6 5181.3  0.9197596  1.4431673  0.4568283
 5181.3 5208.3  0.9202807  1.4122155  0.4564790
 5208.3 5235.6  0.9208077  1.3809154  0.4561258
 5235.6 5263.2  0.9213406  1.3492674  0.4557687
 5263.2 5291.0  0.9218820  1.3187329  0.4554182
 5291.0 5319.1  0.9224305  1.2895831  0.4550769
 5319.1 5347.6  0.9229850  1.2601184  0.4547319
 5347.6 5376.3  0.9235473  1.2302344  0.4543820
 5376.3 5405.4  0.9241203  1.2029076  0.4540482
 5405.4 5434.8  0.9247020  1.1754555  0.4537115
 5434.8 5464.5  0.9252898  1.1477206  0.4533713
 5464.5 5494.5  0.9258880  1.1211956  0.4530368
 5494.5 5524.9  0.9264970  1.0959836  0.4527085
 5524.9 5555.6  0.9271141  1.0704356  0.4523759
 5555.6 5586.6  0.9277394  1.0452011  0.4520432
 5586.6 5618.0  0.9283797  1.0222803  0.4517215
 5618.0 5649.7  0.9290283  0.9990639  0.4513957
 5649.7 5681.8  0.9296831  0.9756255  0.4510668
 5681.8 5714.3  0.9303569  0.9548082  0.4507493
 5714.3 5747.1  0.9310393  0.9337591  0.4504280
 5747.1 5780.3  0.9317279  0.9125155  0.4501037
 5780.3 5814.0  0.9324332  0.8933318  0.4497877
 5814.0 5848.0  0.9331501  0.8740841  0.4494681
 5848.0 5882.4  0.9338732  0.8546652  0.4491456
 5882.4 5917.2  0.9346118  0.8370433  0.4488301
 5917.2 5952.4  0.9353593  0.8193429  0.4485115
 5952.4 5988.0  0.9361158  0.8015603  0.4481899
 5988.0 6024.1  0.9368861  0.7852495  0.4478733
 6024.1 6060.6  0.9376671  0.7687095  0.4475523
 6060.6 6097.6  0.9384579  0.7524102  0.4472299
 6097.6 6135.0  0.9392622  0.7369373  0.4469085
 6135.0 6172.8  0.9400752  0.7212973  0.4465835
 6172.8 6211.2  0.9408981  0.7061910  0.4462586
 6211.2 6250.0  0.9417349  0.6913134  0.4459309
 6250.0 6289.3  0.9425804  0.6762810  0.4455998
 6289.3 6329.1  0.9434370  0.6619383  0.4452687
 6329.1 6369.4  0.9443045  0.6474130  0.4449333
 6369.4 6410.3  0.9451821  0.6329947  0.4445950
 6410.3 6451.6  0.9460720  0.6186780  0.4442530
 6451.6 6493.5  0.9469705  0.6042336  0.4439076
 6493.5 6535.9  0.9478783  0.5898938  0.4435583
 6535.9 6578.9  0.9487970  0.5753828  0.4432048
 6578.9 6622.5  0.9497246  0.5606937  0.4428458
 6622.5 6666.7  0.9506632  0.5458133  0.4424815
 6666.7 6711.4  0.9516114  0.5306296  0.4421113
 6711.4 6756.8  0.9525649  0.5151106  0.4417354
 6756.8 6802.7  0.9535316  0.4992627  0.4413528
 6802.7 6849.3  0.9544989  0.4827473  0.4409623
 6849.3 6896.6  0.9554809  0.4659803  0.4405658
 6896.6 6944.4  0.9564633  0.4482336  0.4401577
 6944.4 6993.0  0.9574558  0.4302885  0.4397451
 6993.0 7042.3  0.9584498  0.4115099  0.4393210
 7042.3 7092.2  0.9594560  0.3923906  0.4388901
 7092.2 7142.9  0.9604580  0.3727562  0.4384502
 7142.9 7194.2  0.9614729  0.3527550  0.4380025
 7194.2 7246.4  0.9624799  0.3324676  0.4375463
 7246.4 7299.3  0.9635015  0.3118165  0.4370815
 7299.3 7352.9  0.9645111  0.2911062  0.4366079
 7352.9 7407.4  0.9655305  0.2701672  0.4361276
 7407.4 7462.7  0.9665361  0.2493970  0.4356372
 7462.7 7518.8  0.9675475  0.2285259  0.4351391
 7518.8 7575.8  0.9685431  0.2080480  0.4346327
 7575.8 7633.6  0.9695331  0.1878237  0.4341178
 7633.6 7692.3  0.9705109  0.1680295  0.4335950
 7692.3 7751.9  0.9714623  0.1491862  0.4330640
 7751.9 7812.5  0.9724098  0.1306214  0.4325248
 7812.5 7874.0  0.9733052  0.1139676  0.4319770
 7874.0 7936.5  0.9741806  0.0981989  0.4314215
 7936.5 8000.0  0.9750176  0.0839722  0.4308577
 8000.0 8064.5  0.9757859  0.0724159  0.4302864
 8064.5 8130.1  0.9765155  0.0624955  0.4297073
 8130.1 8196.7  0.9771582  0.0559934  0.4291206
 8196.7 8264.5  0.9777020  0.0533773  0.4285277
 8264.5 8333.3  0.9781683  0.0539332  0.4279264
 8333.3 8403.4  0.9784915  0.0600564  0.4273205
 8403.4 8474.6  0.9786444  0.0728870  0.4267082
 8474.6 8547.0  0.9787436  0.0880125  0.4260879
 8547.0 8620.7  0.9788444  0.1033932  0.4254571
 8620.7 8695.7  0.9789470  0.1190500  0.4248150
 8695.7 8771.9  0.9790515  0.1349829  0.4241616
 8771.9 8849.6  0.9791577  0.1511708  0.4234978
 8849.6 8928.6  0.9792659  0.1676771  0.4228208
 8928.6 9009.0  0.9793760  0.1844598  0.4221326
 9009.0 9090.9  0.9794880  0.2015400  0.4214321
 9090.9 9174.3  0.9796020  0.2189388  0.4207186
 9174.3 9259.3  0.9797182  0.2366561  0.4199920
 9259.3 9345.8  0.9798366  0.2547134  0.4192515
 9345.8 9434.0  0.9799571  0.2730894  0.4184979
 9434.0 9523.8  0.9800799  0.2918265  0.4177295
 9523.8 9615.4  0.9802051  0.3109035  0.4169471
 9615.4 9708.7  0.9803326  0.3303630  0.4161491
 9708.7 9803.9  0.9804626  0.3501835  0.4153363
 9803.9 9901.0  0.9805952  0.3704078  0.4145069
 9901.0 9911.0  0.9807305  0.3910355  0.4136609
