 1176.5 1177.9  0.0002561  0.0635040  0.0004687
 1177.9 1179.2  0.0002553  0.0634500  0.0004679
 1179.2 1180.6  0.0002546  0.0633998  0.0004671
 1180.6 1182.0  0.0002538  0.0633458  0.0004663
 1182.0 1183.4  0.0002530  0.0632918  0.0004655
 1183.4 1184.8  0.0002522  0.0632377  0.0004646
 1184.8 1186.2  0.0002514  0.0631837  0.0004638
 1186.2 1187.6  0.0002506  0.0631297  0.0004630
 1187.6 1189.1  0.0002498  0.0630757  0.0004622
 1189.1 1190.5  0.0002489  0.0630178  0.0004613
 1190.5 1191.9  0.0002481  0.0629638  0.0004605
 1191.9 1193.3  0.0002473  0.0629097  0.0004596
 1193.3 1194.7  0.0002465  0.0628557  0.0004588
 1194.7 1196.2  0.0002457  0.0628017  0.0004580
 1196.2 1197.6  0.0002449  0.0627438  0.0004571
 1197.6 1199.0  0.0002441  0.0626898  0.0004563
 1199.0 1200.5  0.0002433  0.0626357  0.0004554
 1200.5 1201.9  0.0002424  0.0625779  0.0004546
 1201.9 1203.4  0.0002416  0.0625238  0.0004537
 1203.4 1204.8  0.0002408  0.0624659  0.0004528
 1204.8 1206.3  0.0002400  0.0624119  0.0004520
 1206.3 1207.7  0.0002391  0.0623540  0.0004511
 1207.7 1209.2  0.0002383  0.0623000  0.0004503
 1209.2 1210.7  0.0002375  0.0622421  0.0004494
 1210.7 1212.1  0.0002366  0.0621842  0.0004485
 1212.1 1213.6  0.0002358  0.0621302  0.0004477
 1213.6 1215.1  0.0002350  0.0620723  0.0004468
 1215.1 1216.5  0.0002341  0.0620144  0.0004459
 1216.5 1218.0  0.0002333  0.0619604  0.0004451
 1218.0 1219.5  0.0002325  0.0619025  0.0004442
 1219.5 1221.0  0.0002316  0.0618446  0.0004433
 1221.0 1222.5  0.0002307  0.0617867  0.0004424
 1222.5 1224.0  0.0002299  0.0617289  0.0004416
 1224.0 1225.5  0.0002290  0.0616710  0.0004407
 1225.5 1227.0  0.0002282  0.0616131  0.0004398
 1227.0 1228.5  0.0002273  0.0615552  0.0004389
 1228.5 1230.0  0.0002265  0.0614973  0.0004380
 1230.0 1231.5  0.0002256  0.0614394  0.0004371
 1231.5 1233.0  0.0002248  0.0613815  0.0004362
 1233.0 1234.6  0.0002239  0.0613237  0.0004354
 1234.6 1236.1  0.0002230  0.0612619  0.0004344
 1236.1 1237.6  0.0002221  0.0612040  0.0004335
 1237.6 1239.2  0.0002213  0.0611461  0.0004326
 1239.2 1240.7  0.0002204  0.0610844  0.0004317
 1240.7 1242.2  0.0002195  0.0610265  0.0004308
 1242.2 1243.8  0.0002187  0.0609686  0.0004299
 1243.8 1245.3  0.0002177  0.0609069  0.0004290
 1245.3 1246.9  0.0002169  0.0608490  0.0004281
 1246.9 1248.4  0.0002160  0.0607873  0.0004272
 1248.4 1250.0  0.0002151  0.0607294  0.0004263
 1250.0 1251.6  0.0002142  0.0606676  0.0004253
 1251.6 1253.1  0.0002133  0.0606059  0.0004244
 1253.1 1254.7  0.0002124  0.0605480  0.0004235
 1254.7 1256.3  0.0002115  0.0604862  0.0004225
 1256.3 1257.9  0.0002106  0.0604245  0.0004216
 1257.9 1259.4  0.0002097  0.0603628  0.0004207
 1259.4 1261.0  0.0002089  0.0603049  0.0004198
 1261.0 1262.6  0.0002079  0.0602431  0.0004188
 1262.6 1264.2  0.0002070  0.0601814  0.0004179
 1264.2 1265.8  0.0002061  0.0601196  0.0004169
 1265.8 1267.4  0.0002052  0.0600579  0.0004160
 1267.4 1269.0  0.0002043  0.0599962  0.0004150
 1269.0 1270.6  0.0002034  0.0599344  0.0004141
 1270.6 1272.3  0.0002025  0.0598727  0.0004132
 1272.3 1273.9  0.0002015  0.0598071  0.0004122
 1273.9 1275.5  0.0002006  0.0597453  0.0004112
 1275.5 1277.1  0.0001997  0.0596836  0.0004103
 1277.1 1278.8  0.0001988  0.0596218  0.0004093
 1278.8 1280.4  0.0001978  0.0595562  0.0004083
 1280.4 1282.1  0.0001969  0.0594945  0.0004074
 1282.1 1283.7  0.0001959  0.0594289  0.0004064
 1283.7 1285.3  0.0001950  0.0593671  0.0004054
 1285.3 1287.0  0.0001941  0.0593054  0.0004045
 1287.0 1288.7  0.0001931  0.0592398  0.0004035
 1288.7 1290.3  0.0001921  0.0591742  0.0004025
 1290.3 1292.0  0.0001912  0.0591124  0.0004015
 1292.0 1293.7  0.0001903  0.0590468  0.0004005
 1293.7 1295.3  0.0001893  0.0589812  0.0003995
 1295.3 1297.0  0.0001884  0.0589195  0.0003986
 1297.0 1298.7  0.0001874  0.0588539  0.0003976
 1298.7 1300.4  0.0001864  0.0587883  0.0003966
 1300.4 1302.1  0.0001855  0.0587264  0.0003956
 1302.1 1303.8  0.0001849  0.0586767  0.0003949
 1303.8 1305.5  0.0001842  0.0586270  0.0003942
 1305.5 1307.2  0.0001835  0.0585773  0.0003935
 1307.2 1308.9  0.0001828  0.0585276  0.0003927
 1308.9 1310.6  0.0001821  0.0584780  0.0003920
 1310.6 1312.3  0.0001815  0.0584283  0.0003913
 1312.3 1314.1  0.0001808  0.0583786  0.0003906
 1314.1 1315.8  0.0001801  0.0583260  0.0003898
 1315.8 1317.5  0.0001794  0.0582763  0.0003891
 1317.5 1319.3  0.0001787  0.0582266  0.0003884
 1319.3 1321.0  0.0001780  0.0581740  0.0003876
 1321.0 1322.8  0.0001773  0.0581243  0.0003869
 1322.8 1324.5  0.0001766  0.0580717  0.0003861
 1324.5 1326.3  0.0001759  0.0580220  0.0003854
 1326.3 1328.0  0.0001752  0.0579694  0.0003846
 1328.0 1329.8  0.0001745  0.0579197  0.0003839
 1329.8 1331.6  0.0001738  0.0578670  0.0003832
 1331.6 1333.3  0.0001731  0.0578144  0.0003824
 1333.3 1335.1  0.0001724  0.0577647  0.0003817
 1335.1 1336.9  0.0001717  0.0577121  0.0003809
 1336.9 1338.7  0.0001709  0.0576595  0.0003802
 1338.7 1340.5  0.0001702  0.0576069  0.0003794
 1340.5 1342.3  0.0001695  0.0575543  0.0003786
 1342.3 1344.1  0.0001688  0.0575017  0.0003779
 1344.1 1345.9  0.0001681  0.0574491  0.0003771
 1345.9 1347.7  0.0001673  0.0573964  0.0003763
 1347.7 1349.5  0.0001666  0.0573438  0.0003756
 1349.5 1351.4  0.0001659  0.0572912  0.0003748
 1351.4 1353.2  0.0001652  0.0572359  0.0003740
 1353.2 1355.0  0.0001645  0.0571835  0.0003733
 1355.0 1356.9  0.0001638  0.0571312  0.0003726
 1356.9 1358.7  0.0001631  0.0570759  0.0003718
 1358.7 1360.5  0.0001625  0.0570236  0.0003711
 1360.5 1362.4  0.0001618  0.0569713  0.0003704
 1362.4 1364.3  0.0001611  0.0569160  0.0003696
 1364.3 1366.1  0.0001604  0.0568608  0.0003688
 1366.1 1368.0  0.0001597  0.0568084  0.0003681
 1368.0 1369.9  0.0001590  0.0567532  0.0003673
 1369.9 1371.7  0.0001583  0.0566979  0.0003666
 1371.7 1373.6  0.0001576  0.0566456  0.0003658
 1373.6 1375.5  0.0001569  0.0565903  0.0003651
 1375.5 1377.4  0.0001562  0.0565351  0.0003643
 1377.4 1379.3  0.0001555  0.0564798  0.0003635
 1379.3 1381.2  0.0001548  0.0564246  0.0003628
 1381.2 1383.1  0.0001541  0.0563693  0.0003620
 1383.1 1385.0  0.0001534  0.0563141  0.0003612
 1385.0 1387.0  0.0001527  0.0562588  0.0003605
 1387.0 1388.9  0.0001519  0.0562006  0.0003597
 1388.9 1390.8  0.0001512  0.0561454  0.0003589
 1390.8 1392.8  0.0001505  0.0560901  0.0003581
 1392.8 1394.7  0.0001498  0.0560320  0.0003573
 1394.7 1396.6  0.0001491  0.0559767  0.0003565
 1396.6 1398.6  0.0001484  0.0559215  0.0003558
 1398.6 1400.6  0.0001476  0.0558633  0.0003550
 1400.6 1402.5  0.0001469  0.0558052  0.0003542
 1402.5 1404.5  0.0001462  0.0557499  0.0003534
 1404.5 1406.5  0.0001456  0.0556918  0.0003527
 1406.5 1408.5  0.0001449  0.0556337  0.0003519
 1408.5 1410.4  0.0001442  0.0555755  0.0003512
 1410.4 1412.4  0.0001435  0.0555203  0.0003504
 1412.4 1414.4  0.0001429  0.0554622  0.0003497
 1414.4 1416.4  0.0001422  0.0554040  0.0003489
 1416.4 1418.4  0.0001415  0.0553459  0.0003481
 1418.4 1420.5  0.0001408  0.0552878  0.0003474
 1420.5 1422.5  0.0001401  0.0552267  0.0003466
 1422.5 1424.5  0.0001394  0.0551686  0.0003458
 1424.5 1426.5  0.0001387  0.0551105  0.0003450
 1426.5 1428.6  0.0001380  0.0550524  0.0003443
 1428.6 1430.6  0.0001373  0.0549913  0.0003435
 1430.6 1432.7  0.0001366  0.0549332  0.0003427
 1432.7 1434.7  0.0001359  0.0548721  0.0003419
 1434.7 1436.8  0.0001352  0.0548140  0.0003411
 1436.8 1438.8  0.0001345  0.0547530  0.0003403
 1438.8 1440.9  0.0001338  0.0546948  0.0003396
 1440.9 1443.0  0.0001331  0.0546338  0.0003388
 1443.0 1445.1  0.0001324  0.0545728  0.0003380
 1445.1 1447.2  0.0001317  0.0545117  0.0003372
 1447.2 1449.3  0.0001310  0.0544507  0.0003364
 1449.3 1451.4  0.0001302  0.0543896  0.0003356
 1451.4 1453.5  0.0001296  0.0543284  0.0003348
 1453.5 1455.6  0.0001289  0.0542671  0.0003340
 1455.6 1457.7  0.0001283  0.0542059  0.0003333
 1457.7 1459.9  0.0001276  0.0541446  0.0003325
 1459.9 1462.0  0.0001270  0.0540804  0.0003318
 1462.0 1464.1  0.0001263  0.0540191  0.0003310
 1464.1 1466.3  0.0001257  0.0539578  0.0003303
 1466.3 1468.4  0.0001250  0.0538936  0.0003295
 1468.4 1470.6  0.0001243  0.0538323  0.0003287
 1470.6 1472.8  0.0001237  0.0537681  0.0003279
 1472.8 1474.9  0.0001230  0.0537039  0.0003271
 1474.9 1477.1  0.0001223  0.0536426  0.0003264
 1477.1 1479.3  0.0001217  0.0535784  0.0003256
 1479.3 1481.5  0.0001210  0.0535141  0.0003248
 1481.5 1483.7  0.0001203  0.0534499  0.0003240
 1483.7 1485.9  0.0001196  0.0533857  0.0003232
 1485.9 1488.1  0.0001189  0.0533215  0.0003224
 1488.1 1490.3  0.0001183  0.0532573  0.0003217
 1490.3 1492.5  0.0001176  0.0531931  0.0003209
 1492.5 1494.8  0.0001169  0.0531289  0.0003201
 1494.8 1497.0  0.0001162  0.0530618  0.0003193
 1497.0 1499.3  0.0001155  0.0529976  0.0003185
 1499.3 1501.5  0.0001148  0.0529304  0.0003177
 1501.5 1503.8  0.0001142  0.0528658  0.0003169
 1503.8 1506.0  0.0001136  0.0527981  0.0003161
 1506.0 1508.3  0.0001130  0.0527333  0.0003154
 1508.3 1510.6  0.0001123  0.0526656  0.0003146
 1510.6 1512.9  0.0001117  0.0525979  0.0003139
 1512.9 1515.2  0.0001111  0.0525302  0.0003131
 1515.2 1517.5  0.0001104  0.0524625  0.0003124
 1517.5 1519.8  0.0001098  0.0523948  0.0003116
 1519.8 1522.1  0.0001092  0.0523270  0.0003108
 1522.1 1524.4  0.0001085  0.0522593  0.0003101
 1524.4 1526.7  0.0001079  0.0521916  0.0003093
 1526.7 1529.1  0.0001073  0.0521239  0.0003085
 1529.1 1531.4  0.0001066  0.0520532  0.0003077
 1531.4 1533.7  0.0001060  0.0519855  0.0003070
 1533.7 1536.1  0.0001054  0.0519178  0.0003062
 1536.1 1538.5  0.0001047  0.0518471  0.0003054
 1538.5 1540.8  0.0001041  0.0517765  0.0003046
 1540.8 1543.2  0.0001034  0.0517088  0.0003039
 1543.2 1545.6  0.0001028  0.0516381  0.0003031
 1545.6 1548.0  0.0001021  0.0515674  0.0003023
 1548.0 1550.4  0.0001014  0.0514968  0.0003015
 1550.4 1552.8  0.0001008  0.0514260  0.0003007
 1552.8 1555.2  0.0001002  0.0513544  0.0002999
 1555.2 1557.6  0.0000997  0.0512828  0.0002992
 1557.6 1560.1  0.0000991  0.0512111  0.0002985
 1560.1 1562.5  0.0000985  0.0511366  0.0002977
 1562.5 1564.9  0.0000979  0.0510649  0.0002970
 1564.9 1567.4  0.0000974  0.0509933  0.0002962
 1567.4 1569.9  0.0000968  0.0509188  0.0002955
 1569.9 1572.3  0.0000962  0.0508442  0.0002947
 1572.3 1574.8  0.0000956  0.0507726  0.0002940
 1574.8 1577.3  0.0000950  0.0506980  0.0002932
 1577.3 1579.8  0.0000944  0.0506234  0.0002924
 1579.8 1582.3  0.0000938  0.0505488  0.0002917
 1582.3 1584.8  0.0000932  0.0504742  0.0002909
 1584.8 1587.3  0.0000926  0.0503996  0.0002902
 1587.3 1589.8  0.0000920  0.0503250  0.0002894
 1589.8 1592.4  0.0000914  0.0502504  0.0002886
 1592.4 1594.9  0.0000908  0.0501729  0.0002878
 1594.9 1597.4  0.0000902  0.0500983  0.0002871
 1597.4 1600.0  0.0000896  0.0500237  0.0002863
 1600.0 1602.6  0.0000890  0.0499461  0.0002855
 1602.6 1605.1  0.0000885  0.0498674  0.0002848
 1605.1 1607.7  0.0000880  0.0497917  0.0002841
 1607.7 1610.3  0.0000875  0.0497130  0.0002834
 1610.3 1612.9  0.0000870  0.0496343  0.0002826
 1612.9 1615.5  0.0000864  0.0495556  0.0002819
 1615.5 1618.1  0.0000859  0.0494769  0.0002812
 1618.1 1620.7  0.0000854  0.0493982  0.0002805
 1620.7 1623.4  0.0000849  0.0493195  0.0002797
 1623.4 1626.0  0.0000844  0.0492377  0.0002790
 1626.0 1628.7  0.0000839  0.0491590  0.0002783
 1628.7 1631.3  0.0000833  0.0490773  0.0002775
 1631.3 1634.0  0.0000828  0.0489986  0.0002768
 1634.0 1636.7  0.0000823  0.0489169  0.0002760
 1636.7 1639.3  0.0000817  0.0488351  0.0002753
 1639.3 1642.0  0.0000812  0.0487564  0.0002746
 1642.0 1644.7  0.0000807  0.0486747  0.0002738
 1644.7 1647.4  0.0000801  0.0485929  0.0002731
 1647.4 1650.2  0.0000796  0.0485112  0.0002723
 1650.2 1652.9  0.0000791  0.0484264  0.0002715
 1652.9 1655.6  0.0000786  0.0483439  0.0002709
 1655.6 1658.4  0.0000782  0.0482614  0.0002702
 1658.4 1661.1  0.0000777  0.0481759  0.0002695
 1661.1 1663.9  0.0000773  0.0480934  0.0002688
 1663.9 1666.7  0.0000768  0.0480079  0.0002681
 1666.7 1669.4  0.0000764  0.0479224  0.0002674
 1669.4 1672.2  0.0000760  0.0478399  0.0002667
 1672.2 1675.0  0.0000755  0.0477543  0.0002660
 1675.0 1677.9  0.0000751  0.0476688  0.0002653
 1677.9 1680.7  0.0000746  0.0475802  0.0002646
 1680.7 1683.5  0.0000741  0.0474947  0.0002639
 1683.5 1686.3  0.0000737  0.0474091  0.0002632
 1686.3 1689.2  0.0000732  0.0473236  0.0002625
 1689.2 1692.0  0.0000727  0.0472350  0.0002617
 1692.0 1694.9  0.0000723  0.0471495  0.0002610
 1694.9 1697.8  0.0000718  0.0470609  0.0002603
 1697.8 1700.7  0.0000714  0.0469723  0.0002596
 1700.7 1703.6  0.0000709  0.0468904  0.0002589
 1703.6 1706.5  0.0000707  0.0468297  0.0002584
 1706.5 1709.4  0.0000704  0.0467689  0.0002580
 1709.4 1712.3  0.0000701  0.0467081  0.0002575
 1712.3 1715.3  0.0000698  0.0466473  0.0002570
 1715.3 1718.2  0.0000695  0.0465844  0.0002565
 1718.2 1721.2  0.0000692  0.0465237  0.0002561
 1721.2 1724.1  0.0000690  0.0464608  0.0002556
 1724.1 1727.1  0.0000687  0.0464000  0.0002551
 1727.1 1730.1  0.0000684  0.0463372  0.0002546
 1730.1 1733.1  0.0000681  0.0462743  0.0002542
 1733.1 1736.1  0.0000678  0.0462114  0.0002537
 1736.1 1739.1  0.0000675  0.0461485  0.0002532
 1739.1 1742.2  0.0000672  0.0460857  0.0002527
 1742.2 1745.2  0.0000669  0.0460207  0.0002522
 1745.2 1748.3  0.0000666  0.0459578  0.0002517
 1748.3 1751.3  0.0000663  0.0458929  0.0002512
 1751.3 1754.4  0.0000661  0.0458300  0.0002507
 1754.4 1757.5  0.0000657  0.0457612  0.0002502
 1757.5 1760.6  0.0000654  0.0456668  0.0002495
 1760.6 1763.7  0.0000650  0.0455723  0.0002489
 1763.7 1766.8  0.0000646  0.0454779  0.0002482
 1766.8 1769.9  0.0000642  0.0453834  0.0002475
 1769.9 1773.0  0.0000638  0.0452889  0.0002468
 1773.0 1776.2  0.0000635  0.0451948  0.0002461
 1776.2 1779.4  0.0000631  0.0450977  0.0002454
 1779.4 1782.5  0.0000627  0.0450005  0.0002447
 1782.5 1785.7  0.0000624  0.0449064  0.0002441
 1785.7 1788.9  0.0000620  0.0448092  0.0002434
 1788.9 1792.1  0.0000617  0.0447124  0.0002427
 1792.1 1795.3  0.0000614  0.0446157  0.0002420
 1795.3 1798.6  0.0000610  0.0445190  0.0002414
 1798.6 1801.8  0.0000607  0.0444193  0.0002407
 1801.8 1805.1  0.0000603  0.0443225  0.0002400
 1805.1 1808.3  0.0000600  0.0442205  0.0002393
 1808.3 1811.6  0.0000596  0.0441214  0.0002387
 1811.6 1814.9  0.0000593  0.0440191  0.0002380
 1814.9 1818.2  0.0000589  0.0439169  0.0002373
 1818.2 1821.5  0.0000586  0.0438149  0.0002366
 1821.5 1824.8  0.0000583  0.0437165  0.0002359
 1824.8 1828.2  0.0000580  0.0436181  0.0002352
 1828.2 1831.5  0.0000576  0.0435167  0.0002346
 1831.5 1834.9  0.0000573  0.0434183  0.0002339
 1834.9 1838.2  0.0000570  0.0433169  0.0002332
 1838.2 1841.6  0.0000567  0.0432193  0.0002326
 1841.6 1845.0  0.0000564  0.0431187  0.0002319
 1845.0 1848.4  0.0000561  0.0430182  0.0002313
 1848.4 1851.9  0.0000558  0.0429177  0.0002306
 1851.9 1855.3  0.0000555  0.0428142  0.0002299
 1855.3 1858.7  0.0000552  0.0427118  0.0002292
 1858.7 1862.2  0.0000549  0.0426093  0.0002286
 1862.2 1865.7  0.0000547  0.0425039  0.0002279
 1865.7 1869.2  0.0000544  0.0423984  0.0002272
 1869.2 1872.7  0.0000541  0.0422932  0.0002265
 1872.7 1876.2  0.0000538  0.0421920  0.0002258
 1876.2 1879.7  0.0000535  0.0420907  0.0002252
 1879.7 1883.2  0.0000533  0.0419895  0.0002245
 1883.2 1886.8  0.0000530  0.0418882  0.0002239
 1886.8 1890.4  0.0000527  0.0417841  0.0002232
 1890.4 1893.9  0.0000524  0.0416813  0.0002226
 1893.9 1897.5  0.0000522  0.0415814  0.0002219
 1897.5 1901.1  0.0000519  0.0414786  0.0002212
 1901.1 1904.8  0.0000516  0.0413759  0.0002205
 1904.8 1908.4  0.0000513  0.0412703  0.0002198
 1908.4 1912.0  0.0000511  0.0411664  0.0002192
 1912.0 1915.7  0.0000508  0.0410625  0.0002185
 1915.7 1919.4  0.0000505  0.0409557  0.0002178
 1919.4 1923.1  0.0000503  0.0408488  0.0002172
 1923.1 1926.8  0.0000500  0.0407421  0.0002165
 1926.8 1930.5  0.0000497  0.0406400  0.0002158
 1930.5 1934.2  0.0000495  0.0405379  0.0002152
 1934.2 1938.0  0.0000492  0.0404358  0.0002145
 1938.0 1941.7  0.0000490  0.0403309  0.0002138
 1941.7 1945.5  0.0000487  0.0402288  0.0002132
 1945.5 1949.3  0.0000485  0.0401258  0.0002125
 1949.3 1953.1  0.0000482  0.0400230  0.0002118
 1953.1 1956.9  0.0000480  0.0399202  0.0002112
 1956.9 1960.8  0.0000478  0.0398173  0.0002105
 1960.8 1964.6  0.0000475  0.0397118  0.0002098
 1964.6 1968.5  0.0000473  0.0396087  0.0002092
 1968.5 1972.4  0.0000470  0.0395028  0.0002085
 1972.4 1976.3  0.0000468  0.0393969  0.0002078
 1976.3 1980.2  0.0000465  0.0392910  0.0002071
 1980.2 1984.1  0.0000463  0.0391853  0.0002064
 1984.1 1988.1  0.0000461  0.0390845  0.0002057
 1988.1 1992.0  0.0000458  0.0389811  0.0002050
 1992.0 1996.0  0.0000456  0.0388803  0.0002044
 1996.0 2000.0  0.0000453  0.0387769  0.0002037
 2000.0 2004.0  0.0000451  0.0386735  0.0002030
 2004.0 2008.0  0.0000449  0.0385702  0.0002023
 2008.0 2012.1  0.0000446  0.0384669  0.0002016
 2012.1 2016.1  0.0000444  0.0383610  0.0002009
 2016.1 2020.2  0.0000441  0.0382577  0.0002002
 2020.2 2024.3  0.0000439  0.0381521  0.0001995
 2024.3 2028.4  0.0000437  0.0380515  0.0001988
 2028.4 2032.5  0.0000434  0.0379508  0.0001981
 2032.5 2036.7  0.0000432  0.0378502  0.0001974
 2036.7 2040.8  0.0000429  0.0377471  0.0001967
 2040.8 2045.0  0.0000427  0.0376465  0.0001960
 2045.0 2049.2  0.0000425  0.0375462  0.0001954
 2049.2 2053.4  0.0000422  0.0374459  0.0001947
 2053.4 2057.6  0.0000420  0.0373457  0.0001940
 2057.6 2061.9  0.0000418  0.0372455  0.0001933
 2061.9 2066.1  0.0000415  0.0371429  0.0001926
 2066.1 2070.4  0.0000413  0.0370433  0.0001919
 2070.4 2074.7  0.0000410  0.0369413  0.0001912
 2074.7 2079.0  0.0000408  0.0368394  0.0001905
 2079.0 2083.3  0.0000405  0.0367374  0.0001898
 2083.3 2087.7  0.0000403  0.0366357  0.0001892
 2087.7 2092.1  0.0000400  0.0365348  0.0001884
 2092.1 2096.4  0.0000398  0.0364339  0.0001877
 2096.4 2100.8  0.0000396  0.0363353  0.0001870
 2100.8 2105.3  0.0000393  0.0362343  0.0001863
 2105.3 2109.7  0.0000391  0.0361315  0.0001856
 2109.7 2114.2  0.0000389  0.0360362  0.0001849
 2114.2 2118.6  0.0000386  0.0359387  0.0001842
 2118.6 2123.1  0.0000384  0.0358434  0.0001835
 2123.1 2127.7  0.0000382  0.0357459  0.0001828
 2127.7 2132.2  0.0000379  0.0356463  0.0001821
 2132.2 2136.8  0.0000377  0.0355521  0.0001815
 2136.8 2141.3  0.0000375  0.0354561  0.0001808
 2141.3 2145.9  0.0000373  0.0353622  0.0001801
 2145.9 2150.5  0.0000370  0.0352662  0.0001794
 2150.5 2155.2  0.0000368  0.0351701  0.0001787
 2155.2 2159.8  0.0000366  0.0350702  0.0001779
 2159.8 2164.5  0.0000363  0.0349721  0.0001772
 2164.5 2169.2  0.0000361  0.0348720  0.0001765
 2169.2 2173.9  0.0000359  0.0347718  0.0001758
 2173.9 2178.6  0.0000356  0.0346716  0.0001750
 2178.6 2183.4  0.0000354  0.0345880  0.0001744
 2183.4 2188.2  0.0000352  0.0345029  0.0001738
 2188.2 2193.0  0.0000349  0.0344178  0.0001731
 2193.0 2197.8  0.0000347  0.0343328  0.0001725
 2197.8 2202.6  0.0000345  0.0342477  0.0001719
 2202.6 2207.5  0.0000343  0.0341580  0.0001712
 2207.5 2212.4  0.0000340  0.0340624  0.0001705
 2212.4 2217.3  0.0000338  0.0339668  0.0001697
 2217.3 2222.2  0.0000335  0.0338712  0.0001690
 2222.2 2227.2  0.0000333  0.0337760  0.0001683
 2227.2 2232.1  0.0000331  0.0336874  0.0001676
 2232.1 2237.1  0.0000329  0.0336007  0.0001669
 2237.1 2242.2  0.0000326  0.0335122  0.0001662
 2242.2 2247.2  0.0000324  0.0334219  0.0001656
 2247.2 2252.3  0.0000322  0.0333336  0.0001649
 2252.3 2257.3  0.0000320  0.0332501  0.0001642
 2257.3 2262.4  0.0000317  0.0331683  0.0001636
 2262.4 2267.6  0.0000315  0.0330848  0.0001629
 2267.6 2272.7  0.0000312  0.0329997  0.0001622
 2272.7 2277.9  0.0000310  0.0329162  0.0001615
 2277.9 2283.1  0.0000308  0.0328348  0.0001609
 2283.1 2288.3  0.0000305  0.0327537  0.0001603
 2288.3 2293.6  0.0000303  0.0326725  0.0001596
 2293.6 2298.9  0.0000300  0.0325898  0.0001590
 2298.9 2304.1  0.0000298  0.0325071  0.0001583
 2304.1 2309.5  0.0000296  0.0324329  0.0001577
 2309.5 2314.8  0.0000294  0.0323561  0.0001571
 2314.8 2320.2  0.0000292  0.0322807  0.0001564
 2320.2 2325.6  0.0000289  0.0322039  0.0001558
 2325.6 2331.0  0.0000287  0.0321271  0.0001551
 2331.0 2336.4  0.0000285  0.0320549  0.0001545
 2336.4 2341.9  0.0000282  0.0319831  0.0001539
 2341.9 2347.4  0.0000280  0.0319100  0.0001533
 2347.4 2352.9  0.0000277  0.0318369  0.0001526
 2352.9 2358.5  0.0000275  0.0317637  0.0001520
 2358.5 2364.1  0.0000273  0.0316958  0.0001514
 2364.1 2369.7  0.0000270  0.0316280  0.0001508
 2369.7 2375.3  0.0000268  0.0315602  0.0001502
 2375.3 2381.0  0.0000265  0.0314924  0.0001496
 2381.0 2386.6  0.0000263  0.0314234  0.0001490
 2386.6 2392.3  0.0000261  0.0313607  0.0001485
 2392.3 2398.1  0.0000258  0.0312969  0.0001479
 2398.1 2403.8  0.0000256  0.0312319  0.0001473
 2403.8 2409.6  0.0000254  0.0311681  0.0001468
 2409.6 2415.5  0.0000251  0.0311032  0.0001462
 2415.5 2421.3  0.0000249  0.0310344  0.0001457
 2421.3 2427.2  0.0000246  0.0309666  0.0001452
 2427.2 2433.1  0.0000244  0.0308976  0.0001447
 2433.1 2439.0  0.0000241  0.0308287  0.0001441
 2439.0 2445.0  0.0000239  0.0307597  0.0001436
 2445.0 2451.0  0.0000237  0.0306804  0.0001431
 2451.0 2457.0  0.0000234  0.0306011  0.0001426
 2457.0 2463.1  0.0000232  0.0305217  0.0001420
 2463.1 2469.1  0.0000229  0.0304411  0.0001415
 2469.1 2475.2  0.0000227  0.0303615  0.0001410
 2475.2 2481.4  0.0000225  0.0302633  0.0001405
 2481.4 2487.6  0.0000223  0.0301635  0.0001401
 2487.6 2493.8  0.0000220  0.0300638  0.0001396
 2493.8 2500.0  0.0000218  0.0299640  0.0001392
 2500.0 2506.3  0.0000216  0.0298642  0.0001387
 2506.3 2512.6  0.0000214  0.0297379  0.0001383
 2512.6 2518.9  0.0000212  0.0296116  0.0001379
 2518.9 2525.3  0.0000210  0.0294853  0.0001375
 2525.3 2531.6  0.0000208  0.0293569  0.0001370
 2531.6 2538.1  0.0000206  0.0292306  0.0001366
 2538.1 2544.5  0.0000204  0.0290626  0.0001363
 2544.5 2551.0  0.0000203  0.0288948  0.0001359
 2551.0 2557.5  0.0000201  0.0287243  0.0001355
 2557.5 2564.1  0.0000200  0.0285539  0.0001352
 2564.1 2570.7  0.0000198  0.0283800  0.0001348
 2570.7 2577.3  0.0000197  0.0281533  0.0001345
 2577.3 2584.0  0.0000195  0.0279267  0.0001342
 2584.0 2590.7  0.0000194  0.0276967  0.0001338
 2590.7 2597.4  0.0000192  0.0274666  0.0001335
 2597.4 2604.2  0.0000191  0.0272334  0.0001332
 2604.2 2611.0  0.0000190  0.0269454  0.0001329
 2611.0 2617.8  0.0000189  0.0266573  0.0001327
 2617.8 2624.7  0.0000189  0.0263693  0.0001324
 2624.7 2631.6  0.0000188  0.0260771  0.0001322
 2631.6 2638.5  0.0000187  0.0257848  0.0001319
 2638.5 2645.5  0.0000187  0.0254268  0.0001317
 2645.5 2652.5  0.0000186  0.0250595  0.0001315
 2652.5 2659.6  0.0000186  0.0246921  0.0001313
 2659.6 2666.7  0.0000185  0.0243195  0.0001311
 2666.7 2673.8  0.0000185  0.0239469  0.0001309
 2673.8 2681.0  0.0000185  0.0235226  0.0001308
 2681.0 2688.2  0.0000186  0.0230900  0.0001306
 2688.2 2695.4  0.0000186  0.0226573  0.0001305
 2695.4 2702.7  0.0000187  0.0222247  0.0001303
 2702.7 2710.0  0.0000187  0.0217860  0.0001302
 2710.0 2717.4  0.0000188  0.0213113  0.0001301
 2717.4 2724.8  0.0000188  0.0208285  0.0001300
 2724.8 2732.2  0.0000189  0.0203458  0.0001298
 2732.2 2739.7  0.0000189  0.0198630  0.0001297
 2739.7 2747.3  0.0000190  0.0193737  0.0001296
 2747.3 2754.8  0.0000191  0.0188597  0.0001295
 2754.8 2762.4  0.0000193  0.0183517  0.0001294
 2762.4 2770.1  0.0000194  0.0178369  0.0001293
 2770.1 2777.8  0.0000196  0.0173154  0.0001292
 2777.8 2785.5  0.0000197  0.0167938  0.0001291
 2785.5 2793.3  0.0000199  0.0162752  0.0001290
 2793.3 2801.1  0.0000200  0.0157499  0.0001289
 2801.1 2809.0  0.0000202  0.0152245  0.0001287
 2809.0 2816.9  0.0000203  0.0146925  0.0001286
 2816.9 2824.9  0.0000205  0.0141604  0.0001285
 2824.9 2832.9  0.0000207  0.0136435  0.0001283
 2832.9 2840.9  0.0000209  0.0131269  0.0001282
 2840.9 2849.0  0.0000212  0.0126102  0.0001280
 2849.0 2857.1  0.0000214  0.0120871  0.0001279
 2857.1 2865.3  0.0000216  0.0115649  0.0001277
 2865.3 2873.6  0.0000219  0.0111037  0.0001275
 2873.6 2881.8  0.0000221  0.0106369  0.0001272
 2881.8 2890.2  0.0000224  0.0101757  0.0001270
 2890.2 2898.6  0.0000226  0.0097032  0.0001268
 2898.6 2907.0  0.0000229  0.0092308  0.0001265
 2907.0 2915.5  0.0000232  0.0088330  0.0001262
 2915.5 2924.0  0.0000235  0.0084343  0.0001258
 2924.0 2932.6  0.0000237  0.0080355  0.0001254
 2932.6 2941.2  0.0000240  0.0076321  0.0001251
 2941.2 2949.9  0.0000243  0.0072311  0.0001247
 2949.9 2958.6  0.0000246  0.0069328  0.0001242
 2958.6 2967.4  0.0000249  0.0066345  0.0001237
 2967.4 2976.2  0.0000252  0.0063328  0.0001233
 2976.2 2985.1  0.0000255  0.0060310  0.0001228
 2985.1 2994.0  0.0000258  0.0057270  0.0001223
 2994.0 3003.0  0.0000261  0.0055190  0.0001217
 3003.0 3012.0  0.0000264  0.0053088  0.0001211
 3012.0 3021.1  0.0000268  0.0050985  0.0001204
 3021.1 3030.3  0.0000271  0.0048859  0.0001198
 3030.3 3039.5  0.0000274  0.0046738  0.0001192
 3039.5 3048.8  0.0000277  0.0045438  0.0001185
 3048.8 3058.1  0.0000280  0.0044124  0.0001178
 3058.1 3067.5  0.0000284  0.0042810  0.0001170
 3067.5 3076.9  0.0000287  0.0041482  0.0001163
 3076.9 3086.4  0.0000290  0.0040154  0.0001156
 3086.4 3096.0  0.0000293  0.0039442  0.0001148
 3096.0 3105.6  0.0000296  0.0038730  0.0001140
 3105.6 3115.3  0.0000299  0.0038018  0.0001132
 3115.3 3125.0  0.0000302  0.0037298  0.0001124
 3125.0 3134.8  0.0000305  0.0036578  0.0001116
 3134.8 3144.7  0.0000308  0.0036276  0.0001108
 3144.7 3154.6  0.0000310  0.0035972  0.0001099
 3154.6 3164.6  0.0000313  0.0035667  0.0001091
 3164.6 3174.6  0.0000315  0.0035359  0.0001083
 3174.6 3184.7  0.0000318  0.0035051  0.0001074
 3184.7 3194.9  0.0000320  0.0034900  0.0001066
 3194.9 3205.1  0.0000322  0.0034754  0.0001058
 3205.1 3215.4  0.0000324  0.0034608  0.0001050
 3215.4 3225.8  0.0000326  0.0034460  0.0001042
 3225.8 3236.2  0.0000328  0.0034307  0.0001033
 3236.2 3246.8  0.0000329  0.0034104  0.0001025
 3246.8 3257.3  0.0000331  0.0033896  0.0001017
 3257.3 3268.0  0.0000332  0.0033691  0.0001009
 3268.0 3278.7  0.0000333  0.0033481  0.0001000
 3278.7 3289.5  0.0000334  0.0033226  0.0000992
 3289.5 3300.3  0.0000335  0.0032881  0.0000985
 3300.3 3311.3  0.0000336  0.0032537  0.0000977
 3311.3 3322.3  0.0000336  0.0032186  0.0000970
 3322.3 3333.3  0.0000337  0.0031835  0.0000962
 3333.3 3344.5  0.0000337  0.0031414  0.0000955
 3344.5 3355.7  0.0000336  0.0030962  0.0000947
 3355.7 3367.0  0.0000336  0.0030510  0.0000940
 3367.0 3378.4  0.0000335  0.0030054  0.0000932
 3378.4 3389.8  0.0000335  0.0029619  0.0000925
 3389.8 3401.4  0.0000334  0.0029245  0.0000920
 3401.4 3413.0  0.0000334  0.0028863  0.0000915
 3413.0 3424.7  0.0000333  0.0028482  0.0000910
 3424.7 3436.4  0.0000333  0.0028098  0.0000904
 3436.4 3448.3  0.0000329  0.0026923  0.0000888
 3448.3 3460.2  0.0000326  0.0025707  0.0000870
 3460.2 3472.2  0.0000323  0.0025211  0.0000862
 3472.2 3484.3  0.0000321  0.0024831  0.0000856
 3484.3 3496.5  0.0000319  0.0024449  0.0000849
 3496.5 3508.8  0.0000317  0.0024064  0.0000842
 3508.8 3521.1  0.0000315  0.0023675  0.0000836
 3521.1 3533.6  0.0000313  0.0023286  0.0000829
 3533.6 3546.1  0.0000311  0.0022891  0.0000822
 3546.1 3558.7  0.0000309  0.0022496  0.0000815
 3558.7 3571.4  0.0000306  0.0022222  0.0000809
 3571.4 3584.2  0.0000304  0.0022002  0.0000802
 3584.2 3597.1  0.0000301  0.0021780  0.0000796
 3597.1 3610.1  0.0000299  0.0021556  0.0000789
 3610.1 3623.2  0.0000296  0.0021331  0.0000782
 3623.2 3636.4  0.0000293  0.0021104  0.0000776
 3636.4 3649.6  0.0000291  0.0020875  0.0000769
 3649.6 3663.0  0.0000288  0.0020646  0.0000762
 3663.0 3676.5  0.0000285  0.0020516  0.0000756
 3676.5 3690.0  0.0000283  0.0020389  0.0000749
 3690.0 3703.7  0.0000280  0.0020261  0.0000743
 3703.7 3717.5  0.0000277  0.0020132  0.0000736
 3717.5 3731.3  0.0000274  0.0020002  0.0000730
 3731.3 3745.3  0.0000272  0.0019872  0.0000723
 3745.3 3759.4  0.0000269  0.0019739  0.0000716
 3759.4 3773.6  0.0000266  0.0019609  0.0000710
 3773.6 3787.9  0.0000264  0.0019480  0.0000704
 3787.9 3802.3  0.0000262  0.0019349  0.0000697
 3802.3 3816.8  0.0000259  0.0019218  0.0000691
 3816.8 3831.4  0.0000257  0.0019086  0.0000685
 3831.4 3846.2  0.0000254  0.0018953  0.0000678
 3846.2 3861.0  0.0000252  0.0018818  0.0000672
 3861.0 3876.0  0.0000250  0.0018645  0.0000666
 3876.0 3891.1  0.0000248  0.0018456  0.0000660
 3891.1 3906.2  0.0000246  0.0018266  0.0000654
 3906.2 3921.6  0.0000244  0.0018077  0.0000648
 3921.6 3937.0  0.0000242  0.0017883  0.0000642
 3937.0 3952.6  0.0000240  0.0017689  0.0000636
 3952.6 3968.3  0.0000238  0.0017488  0.0000630
 3968.3 3984.1  0.0000237  0.0017255  0.0000625
 3984.1 4000.0  0.0000235  0.0017022  0.0000619
 4000.0 4016.1  0.0000234  0.0016787  0.0000614
 4016.1 4032.3  0.0000233  0.0016548  0.0000608
 4032.3 4048.6  0.0000231  0.0016309  0.0000602
 4048.6 4065.0  0.0000230  0.0016068  0.0000596
 4065.0 4081.6  0.0000229  0.0015829  0.0000591
 4081.6 4098.4  0.0000228  0.0015587  0.0000586
 4098.4 4115.2  0.0000227  0.0015343  0.0000581
 4115.2 4132.2  0.0000226  0.0015098  0.0000575
 4132.2 4149.4  0.0000225  0.0014851  0.0000570
 4149.4 4166.7  0.0000224  0.0014601  0.0000564
 4166.7 4184.1  0.0000223  0.0014371  0.0000559
 4184.1 4201.7  0.0000223  0.0014141  0.0000554
 4201.7 4219.4  0.0000222  0.0013908  0.0000549
 4219.4 4237.3  0.0000222  0.0013674  0.0000544
 4237.3 4255.3  0.0000221  0.0013437  0.0000539
 4255.3 4273.5  0.0000221  0.0013206  0.0000534
 4273.5 4291.8  0.0000221  0.0012989  0.0000529
 4291.8 4310.3  0.0000220  0.0012770  0.0000524
 4310.3 4329.0  0.0000220  0.0012550  0.0000519
 4329.0 4347.8  0.0000219  0.0012327  0.0000514
 4347.8 4366.8  0.0000219  0.0012102  0.0000510
 4366.8 4386.0  0.0000219  0.0011895  0.0000505
 4386.0 4405.3  0.0000218  0.0011689  0.0000500
 4405.3 4424.8  0.0000218  0.0011482  0.0000496
 4424.8 4444.4  0.0000218  0.0011272  0.0000491
 4444.4 4464.3  0.0000217  0.0011061  0.0000486
 4464.3 4484.3  0.0000217  0.0010862  0.0000482
 4484.3 4504.5  0.0000217  0.0010668  0.0000477
 4504.5 4524.9  0.0000217  0.0010471  0.0000472
 4524.9 4545.5  0.0000217  0.0010273  0.0000468
 4545.5 4566.2  0.0000217  0.0010073  0.0000463
 4566.2 4587.2  0.0000217  0.0009886  0.0000459
 4587.2 4608.3  0.0000217  0.0009700  0.0000455
 4608.3 4629.6  0.0000217  0.0009514  0.0000450
 4629.6 4651.2  0.0000217  0.0009325  0.0000446
 4651.2 4672.9  0.0000217  0.0009135  0.0000442
 4672.9 4694.8  0.0000217  0.0008960  0.0000438
 4694.8 4717.0  0.0000217  0.0008783  0.0000433
 4717.0 4739.3  0.0000218  0.0008604  0.0000429
 4739.3 4761.9  0.0000218  0.0008424  0.0000425
 4761.9 4784.7  0.0000218  0.0008250  0.0000421
 4784.7 4807.7  0.0000218  0.0008081  0.0000417
 4807.7 4830.9  0.0000219  0.0007910  0.0000413
 4830.9 4854.4  0.0000219  0.0007738  0.0000408
 4854.4 4878.0  0.0000219  0.0007566  0.0000404
 4878.0 4902.0  0.0000219  0.0007405  0.0000400
 4902.0 4926.1  0.0000220  0.0007241  0.0000396
 4926.1 4950.5  0.0000220  0.0007077  0.0000392
 4950.5 4975.1  0.0000220  0.0006911  0.0000388
 4975.1 5000.0  0.0000221  0.0006756  0.0000384
 5000.0 5025.1  0.0000221  0.0006599  0.0000380
 5025.1 5050.5  0.0000222  0.0006441  0.0000376
 5050.5 5076.1  0.0000222  0.0006281  0.0000372
 5076.1 5102.0  0.0000223  0.0006133  0.0000368
 5102.0 5128.2  0.0000224  0.0005982  0.0000364
 5128.2 5154.6  0.0000224  0.0005830  0.0000360
 5154.6 5181.3  0.0000225  0.0005679  0.0000356
 5181.3 5208.3  0.0000226  0.0005537  0.0000353
 5208.3 5235.6  0.0000227  0.0005392  0.0000349
 5235.6 5263.2  0.0000228  0.0005246  0.0000345
 5263.2 5291.0  0.0000229  0.0005104  0.0000341
 5291.0 5319.1  0.0000230  0.0004969  0.0000337
 5319.1 5347.6  0.0000231  0.0004831  0.0000333
 5347.6 5376.3  0.0000232  0.0004692  0.0000329
 5376.3 5405.4  0.0000233  0.0004563  0.0000326
 5405.4 5434.8  0.0000234  0.0004433  0.0000322
 5434.8 5464.5  0.0000235  0.0004303  0.0000319
 5464.5 5494.5  0.0000237  0.0004177  0.0000315
 5494.5 5524.9  0.0000238  0.0004058  0.0000312
 5524.9 5555.6  0.0000240  0.0003937  0.0000308
 5555.6 5586.6  0.0000241  0.0003817  0.0000304
 5586.6 5618.0  0.0000243  0.0003709  0.0000301
 5618.0 5649.7  0.0000245  0.0003600  0.0000298
 5649.7 5681.8  0.0000247  0.0003489  0.0000295
 5681.8 5714.3  0.0000249  0.0003391  0.0000292
 5714.3 5747.1  0.0000251  0.0003292  0.0000289
 5747.1 5780.3  0.0000253  0.0003192  0.0000285
 5780.3 5814.0  0.0000255  0.0003102  0.0000282
 5814.0 5848.0  0.0000257  0.0003011  0.0000279
 5848.0 5882.4  0.0000260  0.0002920  0.0000276
 5882.4 5917.2  0.0000263  0.0002838  0.0000273
 5917.2 5952.4  0.0000265  0.0002756  0.0000270
 5952.4 5988.0  0.0000268  0.0002673  0.0000267
 5988.0 6024.1  0.0000271  0.0002597  0.0000264
 6024.1 6060.6  0.0000274  0.0002521  0.0000261
 6060.6 6097.6  0.0000277  0.0002446  0.0000258
 6097.6 6135.0  0.0000280  0.0002374  0.0000255
 6135.0 6172.8  0.0000284  0.0002302  0.0000252
 6172.8 6211.2  0.0000287  0.0002232  0.0000249
 6211.2 6250.0  0.0000290  0.0002164  0.0000247
 6250.0 6289.3  0.0000293  0.0002095  0.0000244
 6289.3 6329.1  0.0000297  0.0002029  0.0000241
 6329.1 6369.4  0.0000300  0.0001963  0.0000238
 6369.4 6410.3  0.0000304  0.0001897  0.0000235
 6410.3 6451.6  0.0000307  0.0001832  0.0000232
 6451.6 6493.5  0.0000311  0.0001767  0.0000229
 6493.5 6535.9  0.0000315  0.0001702  0.0000226
 6535.9 6578.9  0.0000319  0.0001636  0.0000223
 6578.9 6622.5  0.0000323  0.0001569  0.0000220
 6622.5 6666.7  0.0000327  0.0001502  0.0000217
 6666.7 6711.4  0.0000332  0.0001433  0.0000214
 6711.4 6756.8  0.0000336  0.0001362  0.0000211
 6756.8 6802.7  0.0000340  0.0001290  0.0000208
 6802.7 6849.3  0.0000344  0.0001215  0.0000204
 6849.3 6896.6  0.0000348  0.0001139  0.0000201
 6896.6 6944.4  0.0000352  0.0001059  0.0000198
 6944.4 6993.0  0.0000356  0.0000978  0.0000194
 6993.0 7042.3  0.0000361  0.0000892  0.0000191
 7042.3 7092.2  0.0000365  0.0000805  0.0000187
 7092.2 7142.9  0.0000370  0.0000715  0.0000183
 7142.9 7194.2  0.0000374  0.0000625  0.0000179
 7194.2 7246.4  0.0000379  0.0000533  0.0000175
 7246.4 7299.3  0.0000385  0.0000440  0.0000171
 7299.3 7352.9  0.0000389  0.0000347  0.0000168
 7352.9 7407.4  0.0000394  0.0000252  0.0000164
 7407.4 7462.7  0.0000400  0.0000159  0.0000160
 7462.7 7518.8  0.0000405  0.0000085  0.0000156
 7518.8 7575.8  0.0000410  0.0000078  0.0000152
 7575.8 7633.6  0.0000416  0.0000113  0.0000148
 7633.6 7692.3  0.0000422  0.0000199  0.0000145
 7692.3 7751.9  0.0000429  0.0000280  0.0000141
 7751.9 7812.5  0.0000435  0.0000359  0.0000138
 7812.5 7874.0  0.0000442  0.0000428  0.0000134
 7874.0 7936.5  0.0000449  0.0000491  0.0000131
 7936.5 8000.0  0.0000456  0.0000547  0.0000128
 8000.0 8064.5  0.0000465  0.0000588  0.0000125
 8064.5 8130.1  0.0000474  0.0000619  0.0000122
 8130.1 8196.7  0.0000483  0.0000632  0.0000120
 8196.7 8264.5  0.0000493  0.0000625  0.0000118
 8264.5 8333.3  0.0000504  0.0000600  0.0000117
 8333.3 8403.4  0.0000516  0.0000545  0.0000116
 8403.4 8474.6  0.0000529  0.0000455  0.0000116
 8474.6 8547.0  0.0000543  0.0000353  0.0000116
 8547.0 8620.7  0.0000556  0.0000248  0.0000116
 8620.7 8695.7  0.0000570  0.0000142  0.0000116
 8695.7 8771.9  0.0000585  0.0000034  0.0000116
 8771.9 8849.6  0.0000599 -0.0000076  0.0000116
 8849.6 8928.6  0.0000614 -0.0000187  0.0000116
 8928.6 9009.0  0.0000629 -0.0000301  0.0000116
 9009.0 9090.9  0.0000644 -0.0000417  0.0000116
 9090.9 9174.3  0.0000660 -0.0000535  0.0000116
 9174.3 9259.3  0.0000676 -0.0000655  0.0000116
 9259.3 9345.8  0.0000692 -0.0000777  0.0000116
 9345.8 9434.0  0.0000708 -0.0000902  0.0000116
 9434.0 9523.8  0.0000725 -0.0001029  0.0000116
 9523.8 9615.4  0.0000742 -0.0001158  0.0000116
 9615.4 9708.7  0.0000759 -0.0001290  0.0000116
 9708.7 9803.9  0.0000777 -0.0001425  0.0000116
 9803.9 9901.0  0.0000795 -0.0001562  0.0000116
 9901.0 9911.0  0.0000814 -0.0001701  0.0000116
