 1176.5 1177.9  0.3301380 31.4760361  0.9371835
 1177.9 1179.2  0.3299315 31.5019264  0.9371982
 1179.2 1180.6  0.3297398 31.5259647  0.9372119
 1180.6 1182.0  0.3295333 31.5518551  0.9372267
 1182.0 1183.4  0.3293268 31.5777454  0.9372414
 1183.4 1184.8  0.3291203 31.6036339  0.9372562
 1184.8 1186.2  0.3289138 31.6295242  0.9372709
 1186.2 1187.6  0.3287073 31.6554127  0.9372857
 1187.6 1189.1  0.3285008 31.6813030  0.9373004
 1189.1 1190.5  0.3282796 31.7090416  0.9373162
 1190.5 1191.9  0.3280731 31.7349319  0.9373310
 1191.9 1193.3  0.3278666 31.7608223  0.9373457
 1193.3 1194.7  0.3276601 31.7867126  0.9373605
 1194.7 1196.2  0.3274536 31.8125992  0.9373752
 1196.2 1197.6  0.3272324 31.8403397  0.9373910
 1197.6 1199.0  0.3270259 31.8662281  0.9374058
 1199.0 1200.5  0.3268194 31.8921185  0.9374205
 1200.5 1201.9  0.3265981 31.9198570  0.9374363
 1201.9 1203.4  0.3263916 31.9457474  0.9374511
 1203.4 1204.8  0.3261704 31.9734879  0.9374669
 1204.8 1206.3  0.3259639 31.9993763  0.9374816
 1206.3 1207.7  0.3257426 32.0271149  0.9374974
 1207.7 1209.2  0.3255361 32.0530052  0.9375122
 1209.2 1210.7  0.3253149 32.0807419  0.9375280
 1210.7 1212.1  0.3250937 32.1084824  0.9375437
 1212.1 1213.6  0.3248872 32.1343727  0.9375585
 1213.6 1215.1  0.3246659 32.1621094  0.9375743
 1215.1 1216.5  0.3244447 32.1898499  0.9375901
 1216.5 1218.0  0.3242382 32.2157402  0.9376048
 1218.0 1219.5  0.3240169 32.2434769  0.9376206
 1219.5 1221.0  0.3237957 32.2712173  0.9376365
 1221.0 1222.5  0.3235744 32.2989578  0.9376523
 1222.5 1224.0  0.3233532 32.3266945  0.9376681
 1224.0 1225.5  0.3231319 32.3544350  0.9376839
 1225.5 1227.0  0.3229107 32.3821716  0.9376997
 1227.0 1228.5  0.3226894 32.4099121  0.9377155
 1228.5 1230.0  0.3224682 32.4376526  0.9377313
 1230.0 1231.5  0.3222470 32.4653893  0.9377471
 1231.5 1233.0  0.3220257 32.4931297  0.9377629
 1233.0 1234.6  0.3218045 32.5208664  0.9377787
 1234.6 1236.1  0.3215685 32.5504570  0.9377955
 1236.1 1237.6  0.3213472 32.5781937  0.9378113
 1237.6 1239.2  0.3211260 32.6059341  0.9378272
 1239.2 1240.7  0.3208900 32.6355209  0.9378440
 1240.7 1242.2  0.3206688 32.6632614  0.9378598
 1242.2 1243.8  0.3204475 32.6909981  0.9378756
 1243.8 1245.3  0.3202115 32.7205887  0.9378924
 1245.3 1246.9  0.3199902 32.7483292  0.9379082
 1246.9 1248.4  0.3197543 32.7779160  0.9379251
 1248.4 1250.0  0.3195330 32.8056526  0.9379409
 1250.0 1251.6  0.3192970 32.8352432  0.9379578
 1251.6 1253.1  0.3190610 32.8648300  0.9379746
 1253.1 1254.7  0.3188398 32.8925705  0.9379904
 1254.7 1256.3  0.3186038 32.9221573  0.9380073
 1256.3 1257.9  0.3183678 32.9517479  0.9380242
 1257.9 1259.4  0.3181318 32.9813347  0.9380410
 1259.4 1261.0  0.3179106 33.0090714  0.9380568
 1261.0 1262.6  0.3176746 33.0386620  0.9380736
 1262.6 1264.2  0.3174386 33.0682487  0.9380905
 1264.2 1265.8  0.3172026 33.0978355  0.9381074
 1265.8 1267.4  0.3169666 33.1274261  0.9381242
 1267.4 1269.0  0.3167306 33.1570129  0.9381410
 1269.0 1270.6  0.3164946 33.1865997  0.9381579
 1270.6 1272.3  0.3162586 33.2161903  0.9381748
 1272.3 1273.9  0.3160079 33.2476273  0.9381927
 1273.9 1275.5  0.3157718 33.2772141  0.9382095
 1275.5 1277.1  0.3155359 33.3068047  0.9382264
 1277.1 1278.8  0.3152999 33.3363914  0.9382433
 1278.8 1280.4  0.3150491 33.3678284  0.9382612
 1280.4 1282.1  0.3148131 33.3974190  0.9382780
 1282.1 1283.7  0.3145624 33.4288559  0.9382959
 1283.7 1285.3  0.3143264 33.4584427  0.9383128
 1285.3 1287.0  0.3140904 33.4880333  0.9383296
 1287.0 1288.7  0.3138396 33.5194702  0.9383475
 1288.7 1290.3  0.3135889 33.5509033  0.9383655
 1290.3 1292.0  0.3133529 33.5804939  0.9383823
 1292.0 1293.7  0.3131022 33.6119308  0.9384002
 1293.7 1295.3  0.3128514 33.6433678  0.9384181
 1295.3 1297.0  0.3126154 33.6729584  0.9384350
 1297.0 1298.7  0.3123647 33.7043953  0.9384529
 1298.7 1300.4  0.3121139 33.7358322  0.9384708
 1300.4 1302.1  0.3118822 33.7649307  0.9384856
 1302.1 1303.8  0.3117121 33.7864227  0.9384903
 1303.8 1305.5  0.3115420 33.8079185  0.9384950
 1305.5 1307.2  0.3113719 33.8294106  0.9384997
 1307.2 1308.9  0.3112018 33.8509064  0.9385043
 1308.9 1310.6  0.3110318 33.8724022  0.9385090
 1310.6 1312.3  0.3108617 33.8938942  0.9385138
 1312.3 1314.1  0.3106916 33.9153900  0.9385184
 1314.1 1315.8  0.3105115 33.9381485  0.9385234
 1315.8 1317.5  0.3103414 33.9596405  0.9385281
 1317.5 1319.3  0.3101714 33.9811363  0.9385328
 1319.3 1321.0  0.3099913 34.0038948  0.9385378
 1321.0 1322.8  0.3098212 34.0253868  0.9385424
 1322.8 1324.5  0.3096411 34.0481453  0.9385474
 1324.5 1326.3  0.3094710 34.0696411  0.9385521
 1326.3 1328.0  0.3092909 34.0923996  0.9385571
 1328.0 1329.8  0.3091209 34.1138916  0.9385617
 1329.8 1331.6  0.3089408 34.1366501  0.9385667
 1331.6 1333.3  0.3087607 34.1594086  0.9385717
 1333.3 1335.1  0.3085906 34.1809044  0.9385764
 1335.1 1336.9  0.3084105 34.2036629  0.9385813
 1336.9 1338.7  0.3082304 34.2264214  0.9385863
 1338.7 1340.5  0.3080504 34.2491798  0.9385913
 1340.5 1342.3  0.3078703 34.2719383  0.9385962
 1342.3 1344.1  0.3076902 34.2946968  0.9386012
 1344.1 1345.9  0.3075101 34.3174553  0.9386062
 1345.9 1347.7  0.3073300 34.3402138  0.9386111
 1347.7 1349.5  0.3071499 34.3629723  0.9386162
 1349.5 1351.4  0.3069699 34.3857307  0.9386211
 1351.4 1353.2  0.3067913 34.4083748  0.9386221
 1353.2 1355.0  0.3066262 34.4293556  0.9386216
 1355.0 1356.9  0.3064610 34.4503441  0.9386212
 1356.9 1358.7  0.3062866 34.4724922  0.9386207
 1358.7 1360.5  0.3061215 34.4934769  0.9386202
 1360.5 1362.4  0.3059563 34.5144615  0.9386197
 1362.4 1364.3  0.3057819 34.5366135  0.9386193
 1364.3 1366.1  0.3056076 34.5587654  0.9386187
 1366.1 1368.0  0.3054424 34.5797501  0.9386182
 1368.0 1369.9  0.3052680 34.6019020  0.9386178
 1369.9 1371.7  0.3050937 34.6240501  0.9386173
 1371.7 1373.6  0.3049285 34.6450348  0.9386168
 1373.6 1375.5  0.3047542 34.6671867  0.9386163
 1375.5 1377.4  0.3045798 34.6893387  0.9386158
 1377.4 1379.3  0.3044055 34.7114868  0.9386153
 1379.3 1381.2  0.3042311 34.7336388  0.9386148
 1381.2 1383.1  0.3040568 34.7557869  0.9386143
 1383.1 1385.0  0.3038824 34.7779388  0.9386138
 1385.0 1387.0  0.3037081 34.8000908  0.9386134
 1387.0 1388.9  0.3035245 34.8234062  0.9386128
 1388.9 1390.8  0.3033502 34.8455582  0.9386123
 1390.8 1392.8  0.3031758 34.8677101  0.9386118
 1392.8 1394.7  0.3029923 34.8910255  0.9386113
 1394.7 1396.6  0.3028179 34.9131737  0.9386108
 1396.6 1398.6  0.3026436 34.9353256  0.9386103
 1398.6 1400.6  0.3024601 34.9586411  0.9386098
 1400.6 1402.5  0.3022813 34.9813919  0.9386076
 1402.5 1404.5  0.3021220 35.0017433  0.9386020
 1404.5 1406.5  0.3019542 35.0231628  0.9385961
 1406.5 1408.5  0.3017865 35.0445862  0.9385902
 1408.5 1410.4  0.3016188 35.0660095  0.9385842
 1410.4 1412.4  0.3014595 35.0863609  0.9385786
 1412.4 1414.4  0.3012918 35.1077843  0.9385726
 1414.4 1416.4  0.3011241 35.1292038  0.9385667
 1416.4 1418.4  0.3009564 35.1506271  0.9385608
 1418.4 1420.5  0.3007887 35.1720505  0.9385549
 1420.5 1422.5  0.3006126 35.1945419  0.9385486
 1422.5 1424.5  0.3004449 35.2159653  0.9385427
 1424.5 1426.5  0.3002772 35.2373886  0.9385368
 1426.5 1428.6  0.3001094 35.2588081  0.9385309
 1428.6 1430.6  0.2999334 35.2813034  0.9385246
 1430.6 1432.7  0.2997656 35.3027229  0.9385187
 1432.7 1434.7  0.2995896 35.3252182  0.9385125
 1434.7 1436.8  0.2994218 35.3466415  0.9385065
 1436.8 1438.8  0.2992457 35.3691330  0.9385003
 1438.8 1440.9  0.2990780 35.3905563  0.9384944
 1440.9 1443.0  0.2989019 35.4130516  0.9384882
 1443.0 1445.1  0.2987259 35.4355431  0.9384819
 1445.1 1447.2  0.2985498 35.4580345  0.9384757
 1447.2 1449.3  0.2983737 35.4805298  0.9384695
 1449.3 1451.4  0.2981976 35.5030251  0.9384633
 1451.4 1453.5  0.2980321 35.5242348  0.9384537
 1453.5 1455.6  0.2978720 35.5448036  0.9384424
 1455.6 1457.7  0.2977118 35.5653725  0.9384312
 1457.7 1459.9  0.2975517 35.5859413  0.9384199
 1459.9 1462.0  0.2973840 35.6074905  0.9384081
 1462.0 1464.1  0.2972238 35.6280594  0.9383969
 1464.1 1466.3  0.2970637 35.6486282  0.9383857
 1466.3 1468.4  0.2968959 35.6701775  0.9383739
 1468.4 1470.6  0.2967358 35.6907463  0.9383626
 1470.6 1472.8  0.2965680 35.7122955  0.9383508
 1472.8 1474.9  0.2964002 35.7338448  0.9383391
 1474.9 1477.1  0.2962401 35.7544136  0.9383278
 1477.1 1479.3  0.2960724 35.7759628  0.9383160
 1479.3 1481.5  0.2959046 35.7975121  0.9383042
 1481.5 1483.7  0.2957368 35.8190613  0.9382924
 1483.7 1485.9  0.2955691 35.8406105  0.9382806
 1485.9 1488.1  0.2954013 35.8621597  0.9382688
 1488.1 1490.3  0.2952335 35.8837090  0.9382571
 1490.3 1492.5  0.2950658 35.9052582  0.9382453
 1492.5 1494.8  0.2948980 35.9268036  0.9382335
 1494.8 1497.0  0.2947226 35.9493332  0.9382212
 1497.0 1499.3  0.2945549 35.9708824  0.9382094
 1499.3 1501.5  0.2943795 35.9934120  0.9381971
 1501.5 1503.8  0.2942227 36.0136223  0.9381821
 1503.8 1506.0  0.2940642 36.0340958  0.9381649
 1506.0 1508.3  0.2939126 36.0536804  0.9381485
 1508.3 1510.6  0.2937541 36.0741577  0.9381313
 1510.6 1512.9  0.2935956 36.0946312  0.9381142
 1512.9 1515.2  0.2934372 36.1151085  0.9380970
 1515.2 1517.5  0.2932787 36.1355820  0.9380798
 1517.5 1519.8  0.2931202 36.1560593  0.9380627
 1519.8 1522.1  0.2929617 36.1765366  0.9380455
 1522.1 1524.4  0.2928032 36.1970100  0.9380283
 1524.4 1526.7  0.2926447 36.2174873  0.9380112
 1526.7 1529.1  0.2924862 36.2379608  0.9379940
 1529.1 1531.4  0.2923208 36.2593269  0.9379761
 1531.4 1533.7  0.2921623 36.2798042  0.9379589
 1533.7 1536.1  0.2920038 36.3002777  0.9379417
 1536.1 1538.5  0.2918384 36.3216438  0.9379238
 1538.5 1540.8  0.2916731 36.3430099  0.9379058
 1540.8 1543.2  0.2915146 36.3634872  0.9378887
 1543.2 1545.6  0.2913492 36.3848534  0.9378708
 1545.6 1548.0  0.2911838 36.4062195  0.9378529
 1548.0 1550.4  0.2910184 36.4275856  0.9378350
 1550.4 1552.8  0.2908559 36.4486008  0.9378163
 1552.8 1555.2  0.2907077 36.4678650  0.9377940
 1555.2 1557.6  0.2905594 36.4871292  0.9377716
 1557.6 1560.1  0.2904112 36.5063934  0.9377493
 1560.1 1562.5  0.2902568 36.5264587  0.9377260
 1562.5 1564.9  0.2901086 36.5457230  0.9377037
 1564.9 1567.4  0.2899604 36.5649872  0.9376813
 1567.4 1569.9  0.2898060 36.5850525  0.9376581
 1569.9 1572.3  0.2896516 36.6051216  0.9376348
 1572.3 1574.8  0.2895034 36.6243858  0.9376125
 1574.8 1577.3  0.2893490 36.6444511  0.9375892
 1577.3 1579.8  0.2891946 36.6645203  0.9375659
 1579.8 1582.3  0.2890402 36.6845856  0.9375426
 1582.3 1584.8  0.2888858 36.7046509  0.9375194
 1584.8 1587.3  0.2887314 36.7247200  0.9374961
 1587.3 1589.8  0.2885770 36.7447853  0.9374728
 1589.8 1592.4  0.2884226 36.7648544  0.9374496
 1592.4 1594.9  0.2882621 36.7857208  0.9374254
 1594.9 1597.4  0.2881077 36.8057899  0.9374021
 1597.4 1600.0  0.2879533 36.8258553  0.9373788
 1600.0 1602.6  0.2877927 36.8467255  0.9373546
 1602.6 1605.1  0.2876507 36.8653221  0.9373258
 1605.1 1607.7  0.2875141 36.8832016  0.9372982
 1607.7 1610.3  0.2873720 36.9017982  0.9372694
 1610.3 1612.9  0.2872300 36.9203949  0.9372406
 1612.9 1615.5  0.2870879 36.9389915  0.9372118
 1615.5 1618.1  0.2869458 36.9575882  0.9371830
 1618.1 1620.7  0.2868038 36.9761810  0.9371542
 1620.7 1623.4  0.2866617 36.9947777  0.9371254
 1623.4 1626.0  0.2865142 37.0140915  0.9370955
 1626.0 1628.7  0.2863722 37.0326843  0.9370667
 1628.7 1631.3  0.2862247 37.0519981  0.9370369
 1631.3 1634.0  0.2860826 37.0705948  0.9370081
 1634.0 1636.7  0.2859351 37.0899048  0.9369782
 1636.7 1639.3  0.2857876 37.1092148  0.9369483
 1639.3 1642.0  0.2856455 37.1278114  0.9369195
 1642.0 1644.7  0.2854980 37.1471214  0.9368896
 1644.7 1647.4  0.2853505 37.1664352  0.9368597
 1647.4 1650.2  0.2852030 37.1857452  0.9368298
 1650.2 1652.9  0.2850515 37.2055931  0.9367984
 1652.9 1655.6  0.2849239 37.2224770  0.9367628
 1655.6 1658.4  0.2847964 37.2393608  0.9367272
 1658.4 1661.1  0.2846641 37.2568703  0.9366903
 1661.1 1663.9  0.2845365 37.2737541  0.9366548
 1663.9 1666.7  0.2844042 37.2912636  0.9366179
 1666.7 1669.4  0.2842720 37.3087730  0.9365810
 1669.4 1672.2  0.2841444 37.3256569  0.9365454
 1672.2 1675.0  0.2840121 37.3431625  0.9365085
 1675.0 1677.9  0.2838799 37.3606720  0.9364717
 1677.9 1680.7  0.2837428 37.3788071  0.9364335
 1680.7 1683.5  0.2836106 37.3963165  0.9363966
 1683.5 1686.3  0.2834783 37.4138260  0.9363597
 1686.3 1689.2  0.2833460 37.4313354  0.9363228
 1689.2 1692.0  0.2832090 37.4494705  0.9362846
 1692.0 1694.9  0.2830767 37.4669800  0.9362477
 1694.9 1697.8  0.2829397 37.4851151  0.9362095
 1697.8 1700.7  0.2828027 37.5032501  0.9361713
 1700.7 1703.6  0.2826788 37.5196838  0.9361351
 1703.6 1706.5  0.2825960 37.5307846  0.9361053
 1706.5 1709.4  0.2825131 37.5418816  0.9360755
 1709.4 1712.3  0.2824303 37.5529785  0.9360457
 1712.3 1715.3  0.2823475 37.5640793  0.9360159
 1715.3 1718.2  0.2822618 37.5755577  0.9359851
 1718.2 1721.2  0.2821790 37.5866585  0.9359553
 1721.2 1724.1  0.2820933 37.5981369  0.9359245
 1724.1 1727.1  0.2820104 37.6092377  0.9358947
 1727.1 1730.1  0.2819248 37.6207161  0.9358639
 1730.1 1733.1  0.2818390 37.6321983  0.9358330
 1733.1 1736.1  0.2817534 37.6436806  0.9358022
 1736.1 1739.1  0.2816677 37.6551590  0.9357713
 1739.1 1742.2  0.2815820 37.6666412  0.9357405
 1742.2 1745.2  0.2814934 37.6785049  0.9357086
 1745.2 1748.3  0.2814077 37.6899872  0.9356778
 1748.3 1751.3  0.2813192 37.7018509  0.9356460
 1751.3 1754.4  0.2812335 37.7133293  0.9356151
 1754.4 1757.5  0.2811419 37.7256355  0.9355806
 1757.5 1760.6  0.2810299 37.7409096  0.9355277
 1760.6 1763.7  0.2809178 37.7561874  0.9354749
 1763.7 1766.8  0.2808057 37.7714653  0.9354221
 1766.8 1769.9  0.2806937 37.7867393  0.9353693
 1769.9 1773.0  0.2805816 37.8020172  0.9353165
 1773.0 1776.2  0.2804776 37.8163376  0.9352604
 1776.2 1779.4  0.2803706 37.8310852  0.9352025
 1779.4 1782.5  0.2802636 37.8458328  0.9351445
 1782.5 1785.7  0.2801600 37.8601189  0.9350884
 1785.7 1788.9  0.2800529 37.8748665  0.9350304
 1788.9 1792.1  0.2799539 37.8886757  0.9349691
 1792.1 1795.3  0.2798558 37.9023819  0.9349075
 1795.3 1798.6  0.2797576 37.9160919  0.9348459
 1798.6 1801.8  0.2796564 37.9302292  0.9347823
 1801.8 1805.1  0.2795582 37.9439354  0.9347208
 1805.1 1808.3  0.2794634 37.9573975  0.9346513
 1808.3 1811.6  0.2793718 37.9704094  0.9345836
 1811.6 1814.9  0.2792773 37.9838257  0.9345138
 1814.9 1818.2  0.2791829 37.9972458  0.9344440
 1818.2 1821.5  0.2790892 38.0105667  0.9343740
 1821.5 1824.8  0.2790074 38.0224304  0.9343019
 1824.8 1828.2  0.2789257 38.0342903  0.9342298
 1828.2 1831.5  0.2788415 38.0465126  0.9341555
 1831.5 1834.9  0.2787598 38.0583725  0.9340834
 1834.9 1838.2  0.2786756 38.0705948  0.9340091
 1838.2 1841.6  0.2786039 38.0812836  0.9339324
 1841.6 1845.0  0.2785305 38.0922623  0.9338532
 1845.0 1848.4  0.2784570 38.1032410  0.9337740
 1848.4 1851.9  0.2783835 38.1142159  0.9336948
 1851.9 1855.3  0.2783079 38.1255150  0.9336133
 1855.3 1858.7  0.2782436 38.1354980  0.9335265
 1858.7 1862.2  0.2781797 38.1454506  0.9334396
 1862.2 1865.7  0.2781139 38.1556931  0.9333500
 1865.7 1869.2  0.2780481 38.1659393  0.9332604
 1869.2 1872.7  0.2779830 38.1760864  0.9331707
 1872.7 1876.2  0.2779310 38.1846619  0.9330779
 1876.2 1879.7  0.2778791 38.1932335  0.9329851
 1879.7 1883.2  0.2778271 38.2018089  0.9328923
 1883.2 1886.8  0.2777751 38.2103806  0.9327995
 1886.8 1890.4  0.2777217 38.2192001  0.9327040
 1890.4 1893.9  0.2776805 38.2266083  0.9326024
 1893.9 1897.5  0.2776411 38.2337303  0.9325033
 1897.5 1901.1  0.2776007 38.2410545  0.9324014
 1901.1 1904.8  0.2775602 38.2483826  0.9322994
 1904.8 1908.4  0.2775186 38.2559090  0.9321946
 1908.4 1912.0  0.2774905 38.2619019  0.9320831
 1912.0 1915.7  0.2774630 38.2678185  0.9319711
 1915.7 1919.4  0.2774349 38.2738953  0.9318560
 1919.4 1923.1  0.2774067 38.2799759  0.9317409
 1923.1 1926.8  0.2773789 38.2860031  0.9316257
 1926.8 1930.5  0.2773660 38.2902603  0.9315061
 1930.5 1934.2  0.2773531 38.2945213  0.9313866
 1934.2 1938.0  0.2773403 38.2987785  0.9312670
 1938.0 1941.7  0.2773270 38.3031502  0.9311442
 1941.7 1945.5  0.2773142 38.3074074  0.9310247
 1945.5 1949.3  0.2773154 38.3101387  0.9308942
 1949.3 1953.1  0.2773179 38.3127251  0.9307629
 1953.1 1956.9  0.2773204 38.3153152  0.9306318
 1956.9 1960.8  0.2773228 38.3179016  0.9305006
 1960.8 1964.6  0.2773254 38.3205566  0.9303659
 1964.6 1968.5  0.2773431 38.3214989  0.9302230
 1968.5 1972.4  0.2773620 38.3223724  0.9300758
 1972.4 1976.3  0.2773811 38.3232422  0.9299285
 1976.3 1980.2  0.2774001 38.3241158  0.9297812
 1980.2 1984.1  0.2774198 38.3249092  0.9296337
 1984.1 1988.1  0.2774521 38.3242035  0.9294819
 1988.1 1992.0  0.2774853 38.3234787  0.9293262
 1992.0 1996.0  0.2775176 38.3227768  0.9291744
 1996.0 2000.0  0.2775507 38.3220520  0.9290187
 2000.0 2004.0  0.2775839 38.3213310  0.9288630
 2004.0 2008.0  0.2776300 38.3192368  0.9286952
 2008.0 2012.1  0.2776760 38.3171425  0.9285274
 2012.1 2016.1  0.2777233 38.3149948  0.9283554
 2016.1 2020.2  0.2777694 38.3129005  0.9281876
 2020.2 2024.3  0.2778170 38.3107109  0.9280155
 2024.3 2028.4  0.2778719 38.3076401  0.9278404
 2028.4 2032.5  0.2779269 38.3045654  0.9276654
 2032.5 2036.7  0.2779819 38.3014946  0.9274903
 2036.7 2040.8  0.2780382 38.2983475  0.9273110
 2040.8 2045.0  0.2780931 38.2952766  0.9271359
 2045.0 2049.2  0.2781550 38.2915306  0.9269503
 2049.2 2053.4  0.2782172 38.2877502  0.9267644
 2053.4 2057.6  0.2782793 38.2839737  0.9265784
 2057.6 2061.9  0.2783415 38.2801971  0.9263924
 2061.9 2066.1  0.2784051 38.2763290  0.9262020
 2066.1 2070.4  0.2784712 38.2722321  0.9260060
 2070.4 2074.7  0.2785389 38.2680359  0.9258051
 2074.7 2079.0  0.2786066 38.2638359  0.9256042
 2079.0 2083.3  0.2786743 38.2596359  0.9254033
 2083.3 2087.7  0.2787419 38.2554512  0.9252020
 2087.7 2092.1  0.2788097 38.2513809  0.9249916
 2092.1 2096.4  0.2788775 38.2473068  0.9247811
 2096.4 2100.8  0.2789438 38.2433281  0.9245754
 2100.8 2105.3  0.2790116 38.2392540  0.9243650
 2105.3 2109.7  0.2790805 38.2351418  0.9241498
 2109.7 2114.2  0.2791412 38.2318535  0.9239401
 2114.2 2118.6  0.2792034 38.2284927  0.9237255
 2118.6 2123.1  0.2792642 38.2252045  0.9235157
 2123.1 2127.7  0.2793264 38.2218399  0.9233012
 2127.7 2132.2  0.2793899 38.2184029  0.9230819
 2132.2 2136.8  0.2794427 38.2161865  0.9228647
 2136.8 2141.3  0.2794959 38.2140083  0.9226425
 2141.3 2145.9  0.2795480 38.2118759  0.9224252
 2145.9 2150.5  0.2796012 38.2096977  0.9222029
 2150.5 2155.2  0.2796544 38.2075157  0.9219807
 2155.2 2159.8  0.2796962 38.2070427  0.9217389
 2159.8 2164.5  0.2797357 38.2067833  0.9215004
 2164.5 2169.2  0.2797760 38.2065163  0.9212567
 2169.2 2173.9  0.2798163 38.2062531  0.9210131
 2173.9 2178.6  0.2798566 38.2059860  0.9207694
 2178.6 2183.4  0.2798739 38.2078781  0.9205573
 2183.4 2188.2  0.2798910 38.2098541  0.9203414
 2188.2 2193.0  0.2799081 38.2118301  0.9201254
 2193.0 2197.8  0.2799252 38.2138062  0.9199095
 2197.8 2202.6  0.2799423 38.2157822  0.9196935
 2202.6 2207.5  0.2799444 38.2198753  0.9194599
 2207.5 2212.4  0.2799335 38.2258835  0.9192063
 2212.4 2217.3  0.2799227 38.2318878  0.9189525
 2217.3 2222.2  0.2799119 38.2378922  0.9186988
 2222.2 2227.2  0.2798997 38.2440491  0.9184457
 2227.2 2232.1  0.2798547 38.2539597  0.9182014
 2232.1 2237.1  0.2798106 38.2636757  0.9179620
 2237.1 2242.2  0.2797656 38.2735863  0.9177176
 2242.2 2247.2  0.2797197 38.2836990  0.9174684
 2247.2 2252.3  0.2796731 38.2938004  0.9172244
 2252.3 2257.3  0.2795853 38.3087387  0.9169848
 2257.3 2262.4  0.2794993 38.3233871  0.9167499
 2262.4 2267.6  0.2794116 38.3383293  0.9165103
 2267.6 2272.7  0.2793221 38.3535614  0.9162660
 2272.7 2277.9  0.2792343 38.3685036  0.9160264
 2277.9 2283.1  0.2790930 38.3899155  0.9157843
 2283.1 2288.3  0.2789484 38.4117050  0.9155424
 2288.3 2293.6  0.2788039 38.4334984  0.9153005
 2293.6 2298.9  0.2786565 38.4557076  0.9150539
 2298.9 2304.1  0.2785092 38.4779167  0.9148073
 2304.1 2309.5  0.2783088 38.5061646  0.9145787
 2309.5 2314.8  0.2780995 38.5356293  0.9143414
 2314.8 2320.2  0.2778942 38.5645447  0.9141087
 2320.2 2325.6  0.2776849 38.5940094  0.9138715
 2325.6 2331.0  0.2774757 38.6234741  0.9136343
 2331.0 2336.4  0.2771945 38.6614456  0.9134042
 2336.4 2341.9  0.2769077 38.7000961  0.9131746
 2341.9 2347.4  0.2766154 38.7394638  0.9129407
 2347.4 2352.9  0.2763232 38.7788315  0.9127069
 2352.9 2358.5  0.2760310 38.8181992  0.9124730
 2358.5 2364.1  0.2756517 38.8678856  0.9122502
 2364.1 2369.7  0.2752709 38.9177475  0.9120277
 2369.7 2375.3  0.2748901 38.9676056  0.9118052
 2375.3 2381.0  0.2745093 39.0174637  0.9115827
 2381.0 2386.6  0.2741217 39.0682144  0.9113562
 2386.6 2392.3  0.2736810 39.1253128  0.9111575
 2392.3 2398.1  0.2732325 39.1834297  0.9109553
 2398.1 2403.8  0.2727760 39.2425690  0.9107494
 2403.8 2409.6  0.2723275 39.3006859  0.9105472
 2409.6 2415.5  0.2718711 39.3598213  0.9103414
 2415.5 2421.3  0.2713741 39.4248199  0.9101560
 2421.3 2427.2  0.2708833 39.4890633  0.9099755
 2427.2 2433.1  0.2703840 39.5544167  0.9097918
 2433.1 2439.0  0.2698847 39.6197701  0.9096081
 2439.0 2445.0  0.2693854 39.6851196  0.9094245
 2445.0 2451.0  0.2689071 39.7499199  0.9092765
 2451.0 2457.0  0.2684289 39.8147163  0.9091285
 2457.0 2463.1  0.2679506 39.8795166  0.9089806
 2463.1 2469.1  0.2674644 39.9453964  0.9088302
 2469.1 2475.2  0.2669876 40.0100632  0.9086830
 2475.2 2481.4  0.2665936 40.0678596  0.9085823
 2481.4 2487.6  0.2661931 40.1266060  0.9084800
 2487.6 2493.8  0.2657925 40.1853523  0.9083777
 2493.8 2500.0  0.2653920 40.2440987  0.9082754
 2500.0 2506.3  0.2649915 40.3028450  0.9081731
 2506.3 2512.6  0.2647506 40.3465805  0.9081318
 2512.6 2518.9  0.2645097 40.3903198  0.9080905
 2518.9 2525.3  0.2642689 40.4340553  0.9080491
 2525.3 2531.6  0.2640242 40.4784889  0.9080071
 2531.6 2538.1  0.2637833 40.5222244  0.9079658
 2538.1 2544.5  0.2637613 40.5457382  0.9079947
 2544.5 2551.0  0.2637542 40.5674896  0.9080278
 2551.0 2557.5  0.2637471 40.5895844  0.9080614
 2557.5 2564.1  0.2637399 40.6116791  0.9080950
 2564.1 2570.7  0.2637379 40.6336098  0.9081306
 2570.7 2577.3  0.2640720 40.6227760  0.9082593
 2577.3 2584.0  0.2644062 40.6119423  0.9083881
 2584.0 2590.7  0.2647454 40.6009445  0.9085188
 2590.7 2597.4  0.2650847 40.5899467  0.9086495
 2597.4 2604.2  0.2654484 40.5764961  0.9087862
 2604.2 2611.0  0.2662081 40.5236244  0.9090215
 2611.0 2617.8  0.2669678 40.4707489  0.9092568
 2617.8 2624.7  0.2677275 40.4178772  0.9094920
 2624.7 2631.6  0.2684984 40.3642273  0.9097307
 2631.6 2638.5  0.2692693 40.3105774  0.9099694
 2638.5 2645.5  0.2705234 40.2110825  0.9103150
 2645.5 2652.5  0.2718258 40.1072845  0.9106722
 2652.5 2659.6  0.2731282 40.0034828  0.9110295
 2659.6 2666.7  0.2744492 39.8982010  0.9113917
 2666.7 2673.8  0.2757702 39.7929192  0.9117541
 2673.8 2681.0  0.2775864 39.6444016  0.9122012
 2681.0 2688.2  0.2794502 39.4918633  0.9126583
 2688.2 2695.4  0.2813141 39.3393211  0.9131154
 2695.4 2702.7  0.2831780 39.1867828  0.9135725
 2702.7 2710.0  0.2850678 39.0321198  0.9140360
 2710.0 2717.4  0.2874604 38.8388290  0.9145561
 2717.4 2724.8  0.2899076 38.6412163  0.9150859
 2724.8 2732.2  0.2923548 38.4435921  0.9156156
 2732.2 2739.7  0.2948020 38.2459793  0.9161453
 2739.7 2747.3  0.2972823 38.0456924  0.9166821
 2747.3 2754.8  0.3003134 37.8090019  0.9172507
 2754.8 2762.4  0.3033255 37.5740585  0.9178128
 2762.4 2770.1  0.3063778 37.3359909  0.9183825
 2770.1 2777.8  0.3094703 37.0947800  0.9189596
 2777.8 2785.5  0.3125628 36.8535767  0.9195367
 2785.5 2793.3  0.3161811 36.5849075  0.9201009
 2793.3 2801.1  0.3198607 36.3120079  0.9206722
 2801.1 2809.0  0.3235402 36.0391083  0.9212435
 2809.0 2816.9  0.3272669 35.7627106  0.9218220
 2816.9 2824.9  0.3309936 35.4863167  0.9224006
 2824.9 2832.9  0.3353757 35.1817360  0.9229348
 2832.9 2840.9  0.3397655 34.8768387  0.9234682
 2840.9 2849.0  0.3441554 34.5719452  0.9240018
 2849.0 2857.1  0.3486001 34.2632332  0.9245419
 2857.1 2865.3  0.3530504 33.9544640  0.9250806
 2865.3 2873.6  0.3580002 33.6370850  0.9255070
 2873.6 2881.8  0.3630103 33.3158264  0.9259386
 2881.8 2890.2  0.3679601 32.9984474  0.9263650
 2890.2 2898.6  0.3730305 32.6733246  0.9268018
 2898.6 2907.0  0.3781011 32.3481979  0.9272386
 2907.0 2915.5  0.3838509 32.0125198  0.9275252
 2915.5 2924.0  0.3897036 31.6723080  0.9278075
 2924.0 2932.6  0.3955563 31.3320961  0.9280899
 2932.6 2941.2  0.4014779 30.9878769  0.9283756
 2941.2 2949.9  0.4074097 30.6438866  0.9286568
 2949.9 2958.6  0.4138548 30.3051376  0.9287491
 2958.6 2967.4  0.4203001 29.9663792  0.9288414
 2967.4 2976.2  0.4268191 29.6237431  0.9289348
 2976.2 2985.1  0.4333384 29.2810955  0.9290282
 2985.1 2994.0  0.4399369 28.9346447  0.9291205
 2994.0 3003.0  0.4469886 28.5963039  0.9290351
 3003.0 3012.0  0.4541197 28.2541599  0.9289486
 3012.0 3021.1  0.4612507 27.9120140  0.9288623
 3021.1 3030.3  0.4684611 27.5660648  0.9287749
 3030.3 3039.5  0.4757537 27.2170372  0.9286819
 3039.5 3048.8  0.4831393 26.8893681  0.9284521
 3048.8 3058.1  0.4906053 26.5581322  0.9282199
 3058.1 3067.5  0.4980713 26.2268982  0.9279876
 3067.5 3076.9  0.5056174 25.8921051  0.9277528
 3076.9 3086.4  0.5131636 25.5573139  0.9275180
 3086.4 3096.0  0.5208082 25.2415009  0.9271758
 3096.0 3105.6  0.5285337 24.9226036  0.9268288
 3105.6 3115.3  0.5362591 24.6037064  0.9264818
 3115.3 3125.0  0.5440649 24.2814903  0.9261313
 3125.0 3134.8  0.5518707 23.9592762  0.9257807
 3134.8 3144.7  0.5592716 23.6741009  0.9253808
 3144.7 3154.6  0.5667479 23.3860188  0.9249767
 3154.6 3164.6  0.5742244 23.0979309  0.9245726
 3164.6 3174.6  0.5817763 22.8069382  0.9241645
 3174.6 3184.7  0.5893282 22.5159435  0.9237564
 3184.7 3194.9  0.5963551 22.2634659  0.9233441
 3194.9 3205.1  0.6034268 22.0102100  0.9229278
 3205.1 3215.4  0.6104985 21.7569485  0.9225115
 3215.4 3225.8  0.6176394 21.5012131  0.9220911
 3225.8 3236.2  0.6247823 21.2468243  0.9216703
 3236.2 3246.8  0.6311154 21.0384808  0.9212931
 3246.8 3257.3  0.6375703 20.8261261  0.9209086
 3257.3 3268.0  0.6439644 20.6157761  0.9205278
 3268.0 3278.7  0.6504801 20.4014206  0.9201397
 3278.7 3289.5  0.6566710 20.2038174  0.9197736
 3289.5 3300.3  0.6622998 20.0363522  0.9194463
 3300.3 3311.3  0.6679284 19.8688850  0.9191189
 3311.3 3322.3  0.6736612 19.6983185  0.9187855
 3322.3 3333.3  0.6793941 19.5277538  0.9184520
 3333.3 3344.5  0.6844856 19.3876839  0.9181604
 3344.5 3355.7  0.6894573 19.2551670  0.9178775
 3355.7 3367.0  0.6944290 19.1226521  0.9175946
 3367.0 3378.4  0.6994451 18.9889526  0.9173090
 3378.4 3389.8  0.7039977 18.8698235  0.9170505
 3389.8 3401.4  0.7073555 18.7877598  0.9168612
 3401.4 3413.0  0.7107720 18.7042580  0.9166687
 3413.0 3424.7  0.7141886 18.6207542  0.9164760
 3424.7 3436.4  0.7176347 18.5365314  0.9162818
 3436.4 3448.3  0.7266216 18.3386784  0.9157624
 3448.3 3460.2  0.7359107 18.1343994  0.9152253
 3460.2 3472.2  0.7399312 18.0446320  0.9149824
 3472.2 3484.3  0.7431000 17.9733562  0.9147870
 3484.3 3496.5  0.7462955 17.9014854  0.9145899
 3496.5 3508.8  0.7495171 17.8290215  0.9143912
 3508.8 3521.1  0.7527653 17.7559643  0.9141908
 3521.1 3533.6  0.7560135 17.6829052  0.9139904
 3533.6 3546.1  0.7593145 17.6086597  0.9137868
 3546.1 3558.7  0.7626154 17.5344143  0.9135832
 3558.7 3571.4  0.7654309 17.4668026  0.9133971
 3571.4 3584.2  0.7680376 17.4019184  0.9132183
 3584.2 3597.1  0.7706648 17.3365250  0.9130380
 3597.1 3610.1  0.7733126 17.2706184  0.9128563
 3610.1 3623.2  0.7759808 17.2042027  0.9126733
 3623.2 3636.4  0.7786695 17.1372757  0.9124888
 3636.4 3649.6  0.7813788 17.0698395  0.9123029
 3649.6 3663.0  0.7840881 17.0023994  0.9121170
 3663.0 3676.5  0.7863821 16.9403057  0.9119569
 3676.5 3690.0  0.7886791 16.8779449  0.9117965
 3690.0 3703.7  0.7909761 16.8155842  0.9116361
 3703.7 3717.5  0.7933071 16.7523003  0.9114733
 3717.5 3731.3  0.7956552 16.6885529  0.9113094
 3731.3 3745.3  0.7980033 16.6248055  0.9111454
 3745.3 3759.4  0.8003853 16.5601368  0.9109790
 3759.4 3773.6  0.8026486 16.4985409  0.9108351
 3773.6 3787.9  0.8048596 16.4382877  0.9107019
 3787.9 3802.3  0.8070862 16.3776131  0.9105679
 3802.3 3816.8  0.8093284 16.3165112  0.9104329
 3816.8 3831.4  0.8115861 16.2549877  0.9102970
 3831.4 3846.2  0.8138593 16.1930389  0.9101601
 3846.2 3861.0  0.8161638 16.1302414  0.9100214
 3861.0 3876.0  0.8184337 16.0708160  0.9099103
 3876.0 3891.1  0.8207222 16.0117702  0.9098074
 3891.1 3906.2  0.8230260 15.9523296  0.9097038
 3906.2 3921.6  0.8253297 15.8928909  0.9096002
 3921.6 3937.0  0.8276793 15.8322697  0.9094945
 3937.0 3952.6  0.8300288 15.7716494  0.9093888
 3952.6 3968.3  0.8323988 15.7109947  0.9092873
 3968.3 3984.1  0.8347331 15.6537447  0.9092124
 3984.1 4000.0  0.8370823 15.5961294  0.9091371
 4000.0 4016.1  0.8394463 15.5381498  0.9090612
 4016.1 4032.3  0.8418401 15.4794407  0.9089844
 4032.3 4048.6  0.8442487 15.4203672  0.9089072
 4048.6 4065.0  0.8466722 15.3609285  0.9088295
 4065.0 4081.6  0.8489885 15.3054390  0.9087749
 4081.6 4098.4  0.8513215 15.2496805  0.9087219
 4098.4 4115.2  0.8536826 15.1932507  0.9086682
 4115.2 4132.2  0.8560437 15.1368189  0.9086146
 4132.2 4149.4  0.8584329 15.0797167  0.9085603
 4149.4 4166.7  0.8608502 15.0219440  0.9085054
 4166.7 4184.1  0.8631054 14.9682388  0.9084696
 4184.1 4201.7  0.8653672 14.9143829  0.9084342
 4201.7 4219.4  0.8676550 14.8599081  0.9083985
 4219.4 4237.3  0.8699559 14.8051252  0.9083626
 4237.3 4255.3  0.8722827 14.7497215  0.9083262
 4255.3 4273.5  0.8745614 14.6951923  0.9082940
 4273.5 4291.8  0.8767170 14.6429243  0.9082720
 4291.8 4310.3  0.8788846 14.5903702  0.9082499
 4310.3 4329.0  0.8810757 14.5372410  0.9082275
 4329.0 4347.8  0.8832907 14.4835367  0.9082049
 4347.8 4366.8  0.8855174 14.4295464  0.9081822
 4366.8 4386.0  0.8875638 14.3781195  0.9081684
 4386.0 4405.3  0.8896048 14.3265676  0.9081557
 4405.3 4424.8  0.8916564 14.2747469  0.9081430
 4424.8 4444.4  0.8937292 14.2223892  0.9081300
 4444.4 4464.3  0.8958127 14.1697636  0.9081171
 4464.3 4484.3  0.8977643 14.1185789  0.9081094
 4484.3 4504.5  0.8996611 14.0680218  0.9081038
 4504.5 4524.9  0.9015769 14.0169573  0.9080980
 4524.9 4545.5  0.9035118 13.9653893  0.9080923
 4545.5 4566.2  0.9054655 13.9133148  0.9080865
 4566.2 4587.2  0.9072691 13.8631420  0.9080855
 4587.2 4608.3  0.9090537 13.8128510  0.9080858
 4608.3 4629.6  0.9108468 13.7623205  0.9080862
 4629.6 4651.2  0.9126570 13.7113094  0.9080865
 4651.2 4672.9  0.9144825 13.6597157  0.9080872
 4672.9 4694.8  0.9161438 13.6102037  0.9080927
 4694.8 4717.0  0.9178205 13.5602350  0.9080982
 4717.0 4739.3  0.9195200 13.5095806  0.9081039
 4739.3 4761.9  0.9212273 13.4586992  0.9081095
 4761.9 4784.7  0.9228712 13.4082842  0.9081174
 4784.7 4807.7  0.9244514 13.3584671  0.9081272
 4807.7 4830.9  0.9260454 13.3082151  0.9081371
 4830.9 4854.4  0.9276533 13.2575254  0.9081471
 4854.4 4878.0  0.9292542 13.2065477  0.9081578
 4878.0 4902.0  0.9307409 13.1569529  0.9081709
 4902.0 4926.1  0.9322528 13.1065187  0.9081843
 4926.1 4950.5  0.9337711 13.0558739  0.9081978
 4950.5 4975.1  0.9353054 13.0046349  0.9082115
 4975.1 5000.0  0.9367183 12.9547291  0.9082273
 5000.0 5025.1  0.9381485 12.9042139  0.9082432
 5025.1 5050.5  0.9395902 12.8532934  0.9082593
 5050.5 5076.1  0.9410465 12.8017960  0.9082755
 5076.1 5102.0  0.9423892 12.7515059  0.9082928
 5102.0 5128.2  0.9437476 12.7006273  0.9083104
 5128.2 5154.6  0.9451218 12.6491594  0.9083281
 5154.6 5181.3  0.9464853 12.5975637  0.9083459
 5181.3 5208.3  0.9477637 12.5466585  0.9083637
 5208.3 5235.6  0.9490565 12.4951801  0.9083818
 5235.6 5263.2  0.9503636 12.4431295  0.9084001
 5263.2 5291.0  0.9516284 12.3912086  0.9084179
 5291.0 5319.1  0.9528402 12.3396845  0.9084350
 5319.1 5347.6  0.9540650 12.2876034  0.9084525
 5347.6 5376.3  0.9553073 12.2347813  0.9084700
 5376.3 5405.4  0.9564492 12.1829090  0.9084852
 5405.4 5434.8  0.9575968 12.1304350  0.9085004
 5434.8 5464.5  0.9587563 12.0774202  0.9085157
 5464.5 5494.5  0.9598677 12.0245714  0.9085291
 5494.5 5524.9  0.9609268 11.9719372  0.9085404
 5524.9 5555.6  0.9620000 11.9186020  0.9085518
 5555.6 5586.6  0.9630607 11.8650064  0.9085624
 5586.6 5618.0  0.9640273 11.8120909  0.9085683
 5618.0 5649.7  0.9650063 11.7584934  0.9085743
 5649.7 5681.8  0.9659947 11.7043829  0.9085804
 5681.8 5714.3  0.9668756 11.6509581  0.9085806
 5714.3 5747.1  0.9677663 11.5968809  0.9085808
 5747.1 5780.3  0.9686654 11.5423040  0.9085809
 5780.3 5814.0  0.9694797 11.4881477  0.9085762
 5814.0 5848.0  0.9702972 11.4332809  0.9085710
 5848.0 5882.4  0.9711218 11.3779259  0.9085657
 5882.4 5917.2  0.9718726 11.3228674  0.9085561
 5917.2 5952.4  0.9726269 11.2672272  0.9085460
 5952.4 5988.0  0.9733849 11.2110043  0.9085357
 5988.0 6024.1  0.9740824 11.1549234  0.9085215
 6024.1 6060.6  0.9747897 11.0980549  0.9085072
 6060.6 6097.6  0.9754874 11.0407543  0.9084918
 6097.6 6135.0  0.9761510 10.9831572  0.9084740
 6135.0 6172.8  0.9768218 10.9249382  0.9084560
 6172.8 6211.2  0.9774707 10.8664217  0.9084361
 6211.2 6250.0  0.9781104 10.8071918  0.9084148
 6250.0 6289.3  0.9787568 10.7473469  0.9083933
 6289.3 6329.1  0.9793745 10.6871367  0.9083694
 6329.1 6369.4  0.9800000 10.6261597  0.9083450
 6369.4 6410.3  0.9806212 10.5645475  0.9083197
 6410.3 6451.6  0.9812381 10.5021610  0.9082931
 6451.6 6493.5  0.9818605 10.4391689  0.9082663
 6493.5 6535.9  0.9824781 10.3753986  0.9082378
 6535.9 6578.9  0.9831030 10.3108673  0.9082090
 6578.9 6622.5  0.9837349 10.2454243  0.9081793
 6622.5 6666.7  0.9843746 10.1790695  0.9081489
 6666.7 6711.4  0.9850266 10.1117468  0.9081181
 6711.4 6756.8  0.9856917 10.0435743  0.9080866
 6756.8 6802.7  0.9863705  9.9742908  0.9080547
 6802.7 6849.3  0.9870754  9.9039917  0.9080226
 6849.3 6896.6  0.9877911  9.8326206  0.9079900
 6896.6 6944.4  0.9885451  9.7598066  0.9079572
 6944.4 6993.0  0.9893075  9.6862183  0.9079240
 6993.0 7042.3  0.9901020  9.6111145  0.9078900
 7042.3 7092.2  0.9909104  9.5348911  0.9078555
 7092.2 7142.9  0.9917373  9.4575672  0.9078193
 7142.9 7194.2  0.9925789  9.3789730  0.9077825
 7194.2 7246.4  0.9934286  9.2993746  0.9077432
 7246.4 7299.3  0.9942930  9.2183685  0.9077029
 7299.3 7352.9  0.9951546  9.1363115  0.9076588
 7352.9 7407.4  0.9960250  9.0531797  0.9076135
 7407.4 7462.7  0.9968821  8.9688110  0.9075629
 7462.7 7518.8  0.9977413  8.8832750  0.9075102
 7518.8 7575.8  0.9985780  8.7967443  0.9074516
 7575.8 7633.6  0.9992900  8.7090368  0.9073883
 7633.6 7692.3  0.9998431  8.6203585  0.9073196
 7692.3 7751.9  1.0000000  8.5307732  0.9072423
 7751.9 7812.5  1.0000000  8.4400272  0.9071603
 7812.5 7874.0  1.0000000  8.3486042  0.9070642
 7874.0 7936.5  1.0000000  8.2562590  0.9069603
 7936.5 8000.0  1.0000000  8.1631041  0.9068446
 8000.0 8064.5  1.0000000  8.0695791  0.9067111
 8064.5 8130.1  1.0000000  7.9752865  0.9065655
 8130.1 8196.7  1.0000000  7.8807797  0.9063979
 8196.7 8264.5  1.0000000  7.7863841  0.9062061
 8264.5 8333.3  1.0000000  7.6915431  0.9059936
 8333.3 8403.4  1.0000000  7.5974727  0.9057482
 8403.4 8474.6  1.0000000  7.5042000  0.9054628
 8474.6 8547.0  1.0000000  7.4102836  0.9051618
 8547.0 8620.7  1.0000000  7.3147826  0.9048557
 8620.7 8695.7  1.0000000  7.2175670  0.9045441
 8695.7 8771.9  1.0000000  7.1186371  0.9042270
 8771.9 8849.6  1.0000000  7.0181241  0.9039049
 8849.6 8928.6  1.0000000  6.9156342  0.9035764
 8928.6 9009.0  1.0000000  6.8114281  0.9032424
 9009.0 9090.9  1.0000000  6.7053747  0.9029025
 9090.9 9174.3  1.0000000  6.5973425  0.9025562
 9174.3 9259.3  1.0000000  6.4873333  0.9022036
 9259.3 9345.8  1.0000000  6.3752127  0.9018443
 9345.8 9434.0  1.0000000  6.2611136  0.9014786
 9434.0 9523.8  1.0000000  6.1447716  0.9011057
 9523.8 9615.4  1.0000000  6.0263200  0.9007260
 9615.4 9708.7  1.0000000  5.9054928  0.9003388
 9708.7 9803.9  1.0000000  5.7824244  0.8999443
 9803.9 9901.0  1.0000000  5.6568489  0.8995419
 9901.0 9911.0  1.0000000  5.5287685  0.8991314
