
Water vapor (H2O) dissociation cross-sections
Andrew Lincowski
Virtual Planetary Laboratory
University of Washington
Updated 3/7/2018
======================================
1176.5  7.5809e-18
1177.9  5.9045e-18
1179.2  4.5048e-18
1180.6  2.8844e-18
1182.0  2.3658e-18
1183.4  2.7663e-18
1184.8  3.0776e-18
1186.2  3.3378e-18
1187.6  3.5801e-18
1189.1  4.7558e-18
1190.5  6.7745e-18
1191.9  1.1280e-17
1193.3  1.0946e-17
1194.7  1.2596e-17
1196.2  1.0523e-17
1197.6  9.2399e-18
1199.0  7.4766e-18
1200.5  5.7372e-18
1201.9  5.1434e-18
1203.4  4.3384e-18
1204.8  3.7763e-18
1206.3  3.6414e-18
1207.7  3.8524e-18
1209.2  4.5674e-18
1210.7  5.8634e-18
1212.1  7.3909e-18
1213.6  9.8246e-18
1215.1  1.2780e-17
1216.5  1.5696e-17
1218.0  1.7086e-17
1219.5  2.1575e-17
1221.0  2.1063e-17
1222.5  1.8205e-17
1224.0  1.3433e-17
1225.5  7.4051e-18
1227.0  3.8803e-18
1228.5  2.3850e-18
1230.0  2.2400e-18
1231.5  2.5533e-18
1233.0  3.0941e-18
1234.6  3.8173e-18
1236.1  4.9746e-18
1237.6  1.1320e-17
1239.2  1.7381e-17
1240.7  1.5523e-17
1242.2  1.1110e-17
1243.8  7.4524e-18
1245.3  6.2234e-18
1246.9  5.6861e-18
1248.4  5.7001e-18
1250.0  5.9001e-18
1251.6  6.1555e-18
1253.1  6.4714e-18
1254.7  6.7410e-18
1256.3  6.8944e-18
1257.9  6.9286e-18
1259.4  6.8450e-18
1261.0  6.8726e-18
1262.6  7.0290e-18
1264.2  7.2553e-18
1265.8  7.5720e-18
1267.4  7.8324e-18
1269.0  7.9607e-18
1270.6  7.8095e-18
1272.3  7.5212e-18
1273.9  7.2998e-18
1275.5  7.3571e-18
1277.1  7.5880e-18
1278.8  7.8941e-18
1280.4  8.1146e-18
1282.1  8.1585e-18
1283.7  8.0284e-18
1285.3  7.7177e-18
1287.0  7.3647e-18
1288.7  7.2141e-18
1290.3  7.2985e-18
1292.0  7.5597e-18
1293.7  7.8289e-18
1295.3  7.8723e-18
1297.0  7.6220e-18
1298.7  7.1781e-18
1300.4  6.7894e-18
1302.1  6.5943e-18
1303.8  6.6855e-18
1305.5  7.0295e-18
1307.2  7.4230e-18
1308.9  7.3019e-18
1310.6  6.5938e-18
1312.3  5.9017e-18
1314.1  5.4881e-18
1315.8  5.5090e-18
1317.5  6.0026e-18
1319.3  6.5164e-18
1321.0  6.5125e-18
1322.8  6.1646e-18
1324.5  5.4924e-18
1326.3  4.7321e-18
1328.0  4.3350e-18
1329.8  4.4672e-18
1331.6  4.9169e-18
1333.3  5.1631e-18
1335.1  5.0541e-18
1336.9  4.7081e-18
1338.7  4.2642e-18
1340.5  4.0516e-18
1342.3  3.7587e-18
1344.1  3.5187e-18
1345.9  3.5914e-18
1347.7  3.6460e-18
1349.5  3.5750e-18
1351.4  3.3348e-18
1353.2  3.1546e-18
1355.0  3.0114e-18
1356.9  2.6980e-18
1358.7  2.4367e-18
1360.5  2.2852e-18
1362.4  2.3282e-18
1364.3  2.4747e-18
1366.1  2.4307e-18
1368.0  2.1860e-18
1369.9  1.9020e-18
1371.7  1.7493e-18
1373.6  1.7457e-18
1375.5  1.8139e-18
1377.4  1.8630e-18
1379.3  1.7471e-18
1381.2  1.5348e-18
1383.1  1.3347e-18
1385.0  1.1731e-18
1387.0  1.0937e-18
1388.9  1.1154e-18
1390.8  1.1889e-18
1392.8  1.2410e-18
1394.7  1.2064e-18
1396.6  1.1296e-18
1398.6  1.0019e-18
1400.6  8.3345e-19
1402.5  7.2575e-19
1404.5  6.8248e-19
1406.5  6.8682e-19
1408.5  7.4108e-19
1410.4  7.8156e-19
1412.4  7.6207e-19
1414.4  7.1780e-19
1416.4  6.6206e-19
1418.4  6.2795e-19
1420.5  5.9749e-19
1422.5  5.5710e-19
1424.5  5.2632e-19
1426.5  5.2125e-19
1428.6  5.3226e-19
1430.6  5.4743e-19
1432.7  5.5229e-19
1434.7  5.3701e-19
1436.8  5.1829e-19
1438.8  5.2185e-19
1440.9  5.3298e-19
1443.0  5.3744e-19
1445.1  5.3390e-19
1447.2  5.3105e-19
1449.3  5.3427e-19
1451.4  5.4637e-19
1453.5  5.6412e-19
1455.6  5.7700e-19
1457.7  5.8978e-19
1459.9  6.0450e-19
1462.0  6.2492e-19
1464.1  6.5394e-19
1466.3  6.7612e-19
1468.4  6.9185e-19
1470.6  7.0806e-19
1472.8  7.2796e-19
1474.9  7.5389e-19
1477.1  7.8176e-19
1479.3  8.0823e-19
1481.5  8.3982e-19
1483.7  8.7116e-19
1485.9  9.0242e-19
1488.1  9.4070e-19
1490.3  9.7622e-19
1492.5  1.0114e-18
1494.8  1.0490e-18
1497.0  1.0840e-18
1499.3  1.1247e-18
1501.5  1.1637e-18
1503.8  1.2069e-18
1506.0  1.2488e-18
1508.3  1.2970e-18
1510.6  1.3440e-18
1512.9  1.3924e-18
1515.2  1.4440e-18
1517.5  1.4947e-18
1519.8  1.5470e-18
1522.1  1.6003e-18
1524.4  1.6532e-18
1526.7  1.7087e-18
1529.1  1.7646e-18
1531.4  1.8218e-18
1533.7  1.8802e-18
1536.1  1.9430e-18
1538.5  2.0060e-18
1540.8  2.0685e-18
1543.2  2.1335e-18
1545.6  2.1997e-18
1548.0  2.2685e-18
1550.4  2.3386e-18
1552.8  2.4077e-18
1555.2  2.4796e-18
1557.6  2.5512e-18
1560.1  2.6286e-18
1562.5  2.7007e-18
1564.9  2.7744e-18
1567.4  2.8499e-18
1569.9  2.9253e-18
1572.3  2.9966e-18
1574.8  3.0721e-18
1577.3  3.1496e-18
1579.8  3.2262e-18
1582.3  3.3043e-18
1584.8  3.3825e-18
1587.3  3.4632e-18
1589.8  3.5418e-18
1592.4  3.6273e-18
1594.9  3.7076e-18
1597.4  3.7879e-18
1600.0  3.8707e-18
1602.6  3.9518e-18
1605.1  4.0280e-18
1607.7  4.1031e-18
1610.3  4.1769e-18
1612.9  4.2473e-18
1615.5  4.3148e-18
1618.1  4.3808e-18
1620.7  4.4440e-18
1623.4  4.5075e-18
1626.0  4.5687e-18
1628.7  4.6291e-18
1631.3  4.6886e-18
1634.0  4.7514e-18
1636.7  4.8122e-18
1639.3  4.8656e-18
1642.0  4.9227e-18
1644.7  4.9753e-18
1647.4  5.0252e-18
1650.2  5.0722e-18
1652.9  5.1091e-18
1655.6  5.1410e-18
1658.4  5.1624e-18
1661.1  5.1759e-18
1663.9  5.1839e-18
1666.7  5.1823e-18
1669.4  5.1776e-18
1672.2  5.1653e-18
1675.0  5.1532e-18
1677.9  5.1376e-18
1680.7  5.1249e-18
1683.5  5.1113e-18
1686.3  5.0986e-18
1689.2  5.0875e-18
1692.0  5.0728e-18
1694.9  5.0561e-18
1697.8  5.0350e-18
1700.7  5.0038e-18
1703.6  4.9639e-18
1706.5  4.9115e-18
1709.4  4.8468e-18
1712.3  4.7679e-18
1715.3  4.6704e-18
1718.2  4.5616e-18
1721.2  4.4389e-18
1724.1  4.3117e-18
1727.1  4.1765e-18
1730.1  4.0433e-18
1733.1  3.9165e-18
1736.1  3.7907e-18
1739.1  3.6710e-18
1742.2  3.5503e-18
1745.2  3.4452e-18
1748.3  3.3414e-18
1751.3  3.2441e-18
1754.4  3.1452e-18
1757.5  3.0407e-18
1760.6  2.9318e-18
1763.7  2.8160e-18
1766.8  2.6872e-18
1769.9  2.5473e-18
1773.0  2.3942e-18
1776.2  2.2232e-18
1779.4  2.0434e-18
1782.5  1.8629e-18
1785.7  1.6755e-18
1788.9  1.4925e-18
1792.1  1.3144e-18
1795.3  1.1471e-18
1798.6  9.8662e-19
1801.8  8.4867e-19
1805.1  7.2252e-19
1808.3  6.1542e-19
1811.6  5.1942e-19
1814.9  4.3703e-19
1818.2  3.6784e-19
1821.5  3.0844e-19
1824.8  2.5914e-19
1828.2  2.1605e-19
1831.5  1.8160e-19
1834.9  1.5226e-19
1838.2  1.2957e-19
1841.6  1.0904e-19
1845.0  9.1213e-20
1848.4  7.7803e-20
1851.9  6.5251e-20
1855.3  5.5134e-20
1858.7  4.6627e-20
1862.2  3.9968e-20
1865.7  3.4039e-20
1869.2  2.9348e-20
1872.7  2.4820e-20
1876.2  2.1434e-20
1879.7  1.8364e-20
1883.2  1.7642e-20
1886.8  1.7100e-20
1890.4  1.6559e-20
1893.9  1.6032e-20
1897.5  1.5491e-20
1901.1  1.4949e-20
1904.8  1.4392e-20
1908.4  1.3851e-20
1912.0  1.3309e-20
1915.7  1.2753e-20
1919.4  1.2196e-20
1923.1  1.1639e-20
1926.8  1.1083e-20
1930.5  1.0526e-20
1934.2  9.9693e-21
1938.0  9.3976e-21
1941.7  8.8409e-21
1945.5  8.2693e-21
1949.3  7.6976e-21
1953.1  7.1259e-21
1956.9  6.5542e-21
1960.8  5.9674e-21
1964.6  5.3958e-21
1968.5  4.8090e-21
1972.4  4.2223e-21
1976.3  3.6355e-21
1980.2  3.0488e-21
1984.1  2.4621e-21
1988.1  1.8603e-21
1992.0  1.2736e-21
1996.0  6.7178e-22
2000.0  7.0000e-23
2004.0  0.0000e+00
2008.0  0.0000e+00
2012.1  0.0000e+00
2016.1  0.0000e+00
2020.2  0.0000e+00
2024.3  0.0000e+00
2028.4  0.0000e+00
2032.5  0.0000e+00
2036.7  0.0000e+00
2040.8  0.0000e+00
2045.0  0.0000e+00
2049.2  0.0000e+00
2053.4  0.0000e+00
2057.6  0.0000e+00
2061.9  0.0000e+00
2066.1  0.0000e+00
2070.4  0.0000e+00
2074.7  0.0000e+00
2079.0  0.0000e+00
2083.3  0.0000e+00
2087.7  0.0000e+00
2092.1  0.0000e+00
2096.4  0.0000e+00
2100.8  0.0000e+00
2105.3  0.0000e+00
2109.7  0.0000e+00
2114.2  0.0000e+00
2118.6  0.0000e+00
2123.1  0.0000e+00
2127.7  0.0000e+00
2132.2  0.0000e+00
2136.8  0.0000e+00
2141.3  0.0000e+00
2145.9  0.0000e+00
2150.5  0.0000e+00
2155.2  0.0000e+00
2159.8  0.0000e+00
2164.5  0.0000e+00
2169.2  0.0000e+00
2173.9  0.0000e+00
2178.6  0.0000e+00
2183.4  0.0000e+00
2188.2  0.0000e+00
2193.0  0.0000e+00
2197.8  0.0000e+00
2202.6  0.0000e+00
2207.5  0.0000e+00
2212.4  0.0000e+00
2217.3  0.0000e+00
2222.2  0.0000e+00
2227.2  0.0000e+00
2232.1  0.0000e+00
2237.1  0.0000e+00
2242.2  0.0000e+00
2247.2  0.0000e+00
2252.3  0.0000e+00
2257.3  0.0000e+00
2262.4  0.0000e+00
2267.6  0.0000e+00
2272.7  0.0000e+00
2277.9  0.0000e+00
2283.1  0.0000e+00
2288.3  0.0000e+00
2293.6  0.0000e+00
2298.9  0.0000e+00
2304.1  0.0000e+00
2309.5  0.0000e+00
2314.8  0.0000e+00
2320.2  0.0000e+00
2325.6  0.0000e+00
2331.0  0.0000e+00
2336.4  0.0000e+00
2341.9  0.0000e+00
2347.4  0.0000e+00
2352.9  0.0000e+00
2358.5  0.0000e+00
2364.1  0.0000e+00
2369.7  0.0000e+00
2375.3  0.0000e+00
2381.0  0.0000e+00
2386.6  0.0000e+00
2392.3  0.0000e+00
2398.1  0.0000e+00
2403.8  0.0000e+00
2409.6  0.0000e+00
2415.5  0.0000e+00
2421.3  0.0000e+00
2427.2  0.0000e+00
2433.1  0.0000e+00
2439.0  0.0000e+00
2445.0  0.0000e+00
2451.0  0.0000e+00
2457.0  0.0000e+00
2463.1  0.0000e+00
2469.1  0.0000e+00
2475.2  0.0000e+00
2481.4  0.0000e+00
2487.6  0.0000e+00
2493.8  0.0000e+00
2500.0  0.0000e+00
2506.3  0.0000e+00
2512.6  0.0000e+00
2518.9  0.0000e+00
2525.3  0.0000e+00
2531.6  0.0000e+00
2538.1  0.0000e+00
2544.5  0.0000e+00
2551.0  0.0000e+00
2557.5  0.0000e+00
2564.1  0.0000e+00
2570.7  0.0000e+00
2577.3  0.0000e+00
2584.0  0.0000e+00
2590.7  0.0000e+00
2597.4  0.0000e+00
2604.2  0.0000e+00
2611.0  0.0000e+00
2617.8  0.0000e+00
2624.7  0.0000e+00
2631.6  0.0000e+00
2638.5  0.0000e+00
2645.5  0.0000e+00
2652.5  0.0000e+00
2659.6  0.0000e+00
2666.7  0.0000e+00
2673.8  0.0000e+00
2681.0  0.0000e+00
2688.2  0.0000e+00
2695.4  0.0000e+00
2702.7  0.0000e+00
2710.0  0.0000e+00
2717.4  0.0000e+00
2724.8  0.0000e+00
2732.2  0.0000e+00
2739.7  0.0000e+00
2747.3  0.0000e+00
2754.8  0.0000e+00
2762.4  0.0000e+00
2770.1  0.0000e+00
2777.8  0.0000e+00
2785.5  0.0000e+00
2793.3  0.0000e+00
2801.1  0.0000e+00
2809.0  0.0000e+00
2816.9  0.0000e+00
2824.9  0.0000e+00
2832.9  0.0000e+00
2840.9  0.0000e+00
2849.0  0.0000e+00
2857.1  0.0000e+00
2865.3  0.0000e+00
2873.6  0.0000e+00
2881.8  0.0000e+00
2890.2  0.0000e+00
2898.6  0.0000e+00
2907.0  0.0000e+00
2915.5  0.0000e+00
2924.0  0.0000e+00
2932.6  0.0000e+00
2941.2  0.0000e+00
2949.9  0.0000e+00
2958.6  0.0000e+00
2967.4  0.0000e+00
2976.2  0.0000e+00
2985.1  0.0000e+00
2994.0  0.0000e+00
3003.0  0.0000e+00
3012.0  0.0000e+00
3021.1  0.0000e+00
3030.3  0.0000e+00
3039.5  0.0000e+00
3048.8  0.0000e+00
3058.1  0.0000e+00
3067.5  0.0000e+00
3076.9  0.0000e+00
3086.4  0.0000e+00
3096.0  0.0000e+00
3105.6  0.0000e+00
3115.3  0.0000e+00
3125.0  0.0000e+00
3134.8  0.0000e+00
3144.7  0.0000e+00
3154.6  0.0000e+00
3164.6  0.0000e+00
3174.6  0.0000e+00
3184.7  0.0000e+00
3194.9  0.0000e+00
3205.1  0.0000e+00
3215.4  0.0000e+00
3225.8  0.0000e+00
3236.2  0.0000e+00
3246.8  0.0000e+00
3257.3  0.0000e+00
3268.0  0.0000e+00
3278.7  0.0000e+00
3289.5  0.0000e+00
3300.3  0.0000e+00
3311.3  0.0000e+00
3322.3  0.0000e+00
3333.3  0.0000e+00
3344.5  0.0000e+00
3355.7  0.0000e+00
3367.0  0.0000e+00
3378.4  0.0000e+00
3389.8  0.0000e+00
3401.4  0.0000e+00
3413.0  0.0000e+00
3424.7  0.0000e+00
3436.4  0.0000e+00
3448.3  0.0000e+00
3460.2  0.0000e+00
3472.2  0.0000e+00
3484.3  0.0000e+00
3496.5  0.0000e+00
3508.8  0.0000e+00
3521.1  0.0000e+00
3533.6  0.0000e+00
3546.1  0.0000e+00
3558.7  0.0000e+00
3571.4  0.0000e+00
3584.2  0.0000e+00
3597.1  0.0000e+00
3610.1  0.0000e+00
3623.2  0.0000e+00
3636.4  0.0000e+00
3649.6  0.0000e+00
3663.0  0.0000e+00
3676.5  0.0000e+00
3690.0  0.0000e+00
3703.7  0.0000e+00
3717.5  0.0000e+00
3731.3  0.0000e+00
3745.3  0.0000e+00
3759.4  0.0000e+00
3773.6  0.0000e+00
3787.9  0.0000e+00
3802.3  0.0000e+00
3816.8  0.0000e+00
3831.4  0.0000e+00
3846.2  0.0000e+00
3861.0  0.0000e+00
3876.0  0.0000e+00
3891.1  0.0000e+00
3906.2  0.0000e+00
3921.6  0.0000e+00
3937.0  0.0000e+00
3952.6  0.0000e+00
3968.3  0.0000e+00
3984.1  0.0000e+00
4000.0  0.0000e+00
4016.1  0.0000e+00
4032.3  0.0000e+00
4048.6  0.0000e+00
4065.0  0.0000e+00
4081.6  0.0000e+00
4098.4  0.0000e+00
4115.2  0.0000e+00
4132.2  0.0000e+00
4149.4  0.0000e+00
4166.7  0.0000e+00
4184.1  0.0000e+00
4201.7  0.0000e+00
4219.4  0.0000e+00
4237.3  0.0000e+00
4255.3  0.0000e+00
4273.5  0.0000e+00
4291.8  0.0000e+00
4310.3  0.0000e+00
4329.0  0.0000e+00
4347.8  0.0000e+00
4366.8  0.0000e+00
4386.0  0.0000e+00
4405.3  0.0000e+00
4424.8  0.0000e+00
4444.4  0.0000e+00
4464.3  0.0000e+00
4484.3  0.0000e+00
4504.5  0.0000e+00
4524.9  0.0000e+00
4545.5  0.0000e+00
4566.2  0.0000e+00
4587.2  0.0000e+00
4608.3  0.0000e+00
4629.6  0.0000e+00
4651.2  0.0000e+00
4672.9  0.0000e+00
4694.8  0.0000e+00
4717.0  0.0000e+00
4739.3  0.0000e+00
4761.9  0.0000e+00
4784.7  0.0000e+00
4807.7  0.0000e+00
4830.9  0.0000e+00
4854.4  0.0000e+00
4878.0  0.0000e+00
4902.0  0.0000e+00
4926.1  0.0000e+00
4950.5  0.0000e+00
4975.1  0.0000e+00
5000.0  0.0000e+00
5025.1  0.0000e+00
5050.5  0.0000e+00
5076.1  0.0000e+00
5102.0  0.0000e+00
5128.2  0.0000e+00
5154.6  0.0000e+00
5181.3  0.0000e+00
5208.3  0.0000e+00
5235.6  0.0000e+00
5263.2  0.0000e+00
5291.0  0.0000e+00
5319.1  0.0000e+00
5347.6  0.0000e+00
5376.3  0.0000e+00
5405.4  0.0000e+00
5434.8  0.0000e+00
5464.5  0.0000e+00
5494.5  0.0000e+00
5524.9  0.0000e+00
5555.6  0.0000e+00
5586.6  0.0000e+00
5618.0  0.0000e+00
5649.7  0.0000e+00
5681.8  0.0000e+00
5714.3  0.0000e+00
5747.1  0.0000e+00
5780.3  0.0000e+00
5814.0  0.0000e+00
5848.0  0.0000e+00
5882.4  0.0000e+00
5917.2  0.0000e+00
5952.4  0.0000e+00
5988.0  0.0000e+00
6024.1  0.0000e+00
6060.6  0.0000e+00
6097.6  0.0000e+00
6135.0  0.0000e+00
6172.8  0.0000e+00
6211.2  0.0000e+00
6250.0  0.0000e+00
6289.3  0.0000e+00
6329.1  0.0000e+00
6369.4  0.0000e+00
6410.3  0.0000e+00
6451.6  0.0000e+00
6493.5  0.0000e+00
6535.9  0.0000e+00
6578.9  0.0000e+00
6622.5  0.0000e+00
6666.7  0.0000e+00
6711.4  0.0000e+00
6756.8  0.0000e+00
6802.7  0.0000e+00
6849.3  0.0000e+00
6896.6  0.0000e+00
6944.4  0.0000e+00
6993.0  0.0000e+00
7042.3  0.0000e+00
7092.2  0.0000e+00
7142.9  0.0000e+00
7194.2  0.0000e+00
7246.4  0.0000e+00
7299.3  0.0000e+00
7352.9  0.0000e+00
7407.4  0.0000e+00
7462.7  0.0000e+00
7518.8  0.0000e+00
7575.8  0.0000e+00
7633.6  0.0000e+00
7692.3  0.0000e+00
7751.9  0.0000e+00
7812.5  0.0000e+00
7874.0  0.0000e+00
7936.5  0.0000e+00
8000.0  0.0000e+00
8064.5  0.0000e+00
8130.1  0.0000e+00
8196.7  0.0000e+00
8264.5  0.0000e+00
8333.3  0.0000e+00
8403.4  0.0000e+00
8474.6  0.0000e+00
8547.0  0.0000e+00
8620.7  0.0000e+00
8695.7  0.0000e+00
8771.9  0.0000e+00
8849.6  0.0000e+00
8928.6  0.0000e+00
9009.0  0.0000e+00
9090.9  0.0000e+00
9174.3  0.0000e+00
9259.3  0.0000e+00
9345.8  0.0000e+00
9434.0  0.0000e+00
9523.8  0.0000e+00
9615.4  0.0000e+00
9708.7  0.0000e+00
9803.9  0.0000e+00
9901.0  0.0000e+00
